2 0.606640625 0.48125 0.04765625 0.26805555555555555
2 0.811328125 0.5416666666666666 0.07578125 0.32222222222222224
2 0.515234375 0.39305555555555555 0.07578125 0.2111111111111111
2 0.428125 0.5513888888888889 0.075 0.29444444444444445
2 0.5421875 0.6645833333333333 0.1015625 0.31805555555555554
2 0.433984375 0.3770833333333333 0.05859375 0.18194444444444444
2 0.462890625 0.2673611111111111 0.05859375 0.13194444444444445
2 0.2453125 0.3861111111111111 0.046875 0.17222222222222222
2 0.338671875 0.36875 0.06171875 0.1625
2 0.285546875 0.39375 0.04296875 0.1875
0 0.22890625 0.3715277777777778 0.0171875 0.04861111111111111
1 0.299609375 0.16458333333333333 0.03671875 0.0625
3 0.65546875 0.28958333333333336 0.0296875 0.1486111111111111
3 0.802734375 0.8166666666666667 0.09140625 0.35555555555555557