2 0.8636640625 0.506361111111111 0.0486171875 0.25929166666666664
2 0.6678124999999999 0.5275694444444444 0.066046875 0.26581944444444444
2 0.5985546875 0.4476527777777778 0.0431171875 0.21690277777777775
2 0.63525 0.42481944444444447 0.028437499999999998 0.22341666666666668
2 0.5715 0.36693055555555554 0.049539062499999995 0.16959722222222223
2 0.1284296875 0.6702638888888889 0.0807265625 0.30333333333333334
2 0.3783984375 0.5675277777777777 0.0798046875 0.23809722222222224
2 0.42885156249999995 0.4794583333333333 0.0486171875 0.22179166666666666
2 0.407296875 0.5071805555555555 0.053203125 0.20875000000000002
3 0.37610156250000004 0.39709722222222227 0.0366953125 0.15166666666666667
3 0.293546875 0.7363055555555555 0.06971875 0.26908333333333334
1 0.3738125 0.2568472222222222 0.0394453125 0.06359722222222222
0 0.36050781249999997 0.4835277777777778 0.027523437499999998 0.04402777777777778