2 0.29609375 0.5361111111111111 0.0953125 0.35555555555555557
2 0.46484375 0.38333333333333336 0.0546875 0.3055555555555556
2 0.65234375 0.6138888888888889 0.1078125 0.38333333333333336
2 0.71875 0.3798611111111111 0.0734375 0.28194444444444444
2 0.164453125 0.33958333333333335 0.07578125 0.31527777777777777
2 0.10234375 0.33819444444444446 0.05 0.25416666666666665
2 0.041015625 0.7784722222222222 0.08203125 0.44305555555555554
2 0.086328125 0.6361111111111111 0.11640625 0.37777777777777777
2 0.062109375 0.38680555555555557 0.06015625 0.23472222222222222
0 0.6203125 0.5666666666666667 0.0296875 0.06111111111111111
3 0.45078125 0.7881944444444444 0.08125 0.17083333333333334
3 0.58046875 0.3215277777777778 0.0359375 0.23194444444444445