2 0.8082578125 0.6159305555555556 0.057671875 0.32718055555555553
2 0.8078359374999999 0.4191666666666667 0.055125 0.22918055555555555
2 0.5741796875 0.5405416666666667 0.06615625 0.2970277777777778
2 0.52371875 0.4266944444444445 0.0585234375 0.24125
2 0.38377343750000004 0.41312499999999996 0.0924453125 0.2834583333333333
2 0.3133828125 0.5360138888888889 0.056820312500000004 0.32718055555555553
2 0.23875000000000002 0.509625 0.0534296875 0.22918055555555555
2 0.26928125 0.5035972222222221 0.051734375 0.24727777777777776
0 0.35324218749999997 0.39051388888888894 0.0228984375 0.057291666666666664
1 0.23492968749999998 0.22465277777777778 0.0525859375 0.0753888888888889
3 0.13570312499999998 0.8271805555555556 0.0797265625 0.345625
3 0.9206406250000001 0.42820833333333336 0.039859375 0.27140277777777777
3 0.27309375 0.3498055555555556 0.0322265625 0.1477638888888889