2 0.2844609375 0.4018333333333333 0.08090625 0.2922361111111111
2 0.354453125 0.35730555555555554 0.0436640625 0.1895
2 0.392984375 0.35275 0.046234375 0.26255555555555554
2 0.438578125 0.3630138888888889 0.0552265625 0.24658333333333332
2 0.4334375 0.6929305555555556 0.07834375 0.3493194444444444
2 0.5047109375 0.6164444444444445 0.0847578125 0.26484722222222223
2 0.3441796875 0.6621111111111111 0.0616484375 0.1917777777777778
2 0.6793750000000001 0.6906527777777778 0.0770546875 0.3675833333333334
2 0.7448750000000001 0.5456666666666666 0.0770546875 0.29680555555555554
2 0.7769765625 0.4965833333333334 0.0642109375 0.2077638888888889
0 0.6819453125 0.41211111111111115 0.04109375 0.061638888888888896
1 0.6562578125 0.11644444444444445 0.046234375 0.08676388888888889
3 0.20034375 0.2728333333333333 0.033390625 0.1895
3 0.305015625 0.7294583333333334 0.0886171875 0.28538888888888886