3 0.509765625 0.7340277777777777 0.08203125 0.28194444444444444
3 0.087890625 0.36180555555555555 0.03359375 0.1625
3 0.7484375 0.36875 0.0515625 0.17083333333333334
1 0.62890625 0.20694444444444443 0.046875 0.08055555555555556
2 0.115625 0.4597222222222222 0.0640625 0.23333333333333334
2 0.20390625 0.3784722222222222 0.0578125 0.20416666666666666
2 0.350390625 0.4618055555555556 0.07734375 0.2125
2 0.41953125 0.2986111111111111 0.0421875 0.16666666666666666
2 0.379296875 0.3819444444444444 0.03671875 0.21388888888888888
2 0.72421875 0.5354166666666667 0.084375 0.24861111111111112
2 0.66171875 0.54375 0.0609375 0.20416666666666666
2 0.55859375 0.40208333333333335 0.065625 0.19305555555555556
2 0.555859375 0.6006944444444444 0.06328125 0.22916666666666666
2 0.530078125 0.6541666666666667 0.07421875 0.20833333333333334