2 0.6043515625 0.6865138888888889 0.0636171875 0.37301388888888887
2 0.513953125 0.7063472222222222 0.0591484375 0.3333333333333333
2 0.44252343749999995 0.5089305555555556 0.0457578125 0.31151388888888887
2 0.31640625 0.625 0.0591484375 0.36508333333333337
2 0.23102343749999998 0.6666666666666666 0.0714296875 0.37301388888888887
2 0.256140625 0.5615138888888889 0.0435234375 0.28968055555555555
2 0.314171875 0.42856944444444445 0.061382812499999995 0.1547638888888889
2 0.0306953125 0.8263888888888888 0.061382812499999995 0.3472222222222222
3 0.5306953125 0.5208333333333334 0.0502265625 0.16468055555555555
0 0.5228828125 0.5287638888888888 0.0390625 0.05356944444444445
3 0.0228828125 0.5634861111111111 0.0457578125 0.25397222222222227
1 0.5965390625 0.28570833333333334 0.0703125 0.10318055555555557