0 0.71640625 0.6555555555555556 0.0453125 0.06666666666666667
3 0.20390625 0.20694444444444443 0.0484375 0.19722222222222222
3 0.3796875 0.6833333333333333 0.096875 0.37222222222222223
2 0.351 0.26868055555555553 0.0595546875 0.2486388888888889
2 0.400171875 0.29275 0.0478203125 0.2839305555555556
2 0.449796875 0.2959583333333333 0.056843750000000005 0.26468055555555553
2 0.5341640625 0.263875 0.06496874999999999 0.2614722222222222
2 0.508 0.5919166666666666 0.10105468749999999 0.3432777777777778
2 0.6852968749999999 0.6753194444444445 0.0983515625 0.4010277777777778
2 0.689359375 0.30477777777777776 0.046921875 0.14116666666666666
2 0.7105625 0.44834722222222223 0.118203125 0.26468055555555553
2 0.6280078125 0.4138611111111111 0.0559453125 0.13154166666666667
2 0.6275546875 0.56625 0.06586718750000001 0.27911111111111114
1 0.67853125 0.044916666666666674 0.0523359375 0.086625