2 0.23328125000000002 0.6186666666666667 0.08453125 0.26541666666666663
2 0.3595234375 0.5659722222222222 0.071359375 0.2615138888888889
2 0.3073828125 0.3854444444444444 0.054890625000000005 0.19320833333333334
2 0.43033593750000004 0.45863888888888893 0.072453125 0.21077777777777776
2 0.512671875 0.35909722222222223 0.04171875 0.17565277777777777
2 0.5961015625 0.42350000000000004 0.037328125000000004 0.16783333333333333
2 0.6630625 0.5689027777777778 0.054890625000000005 0.29859722222222224
2 0.6098203125 0.4703472222222222 0.0450078125 0.08977777777777778
2 0.628484375 0.6459861111111111 0.0647734375 0.30445833333333333
2 0.8129140625 0.7640694444444445 0.0955078125 0.36495833333333333
3 0.4286875 0.7874861111111111 0.0779453125 0.17369444444444446
3 0.1970546875 0.4030138888888889 0.05159375000000001 0.18150000000000002
1 0.7141171875000001 0.246875 0.049398437499999996 0.0761111111111111