2 0.753125 0.5 0.0578125 0.28888888888888886
2 0.330859375 0.39652777777777776 0.03984375 0.24305555555555555
2 0.38515625 0.44305555555555554 0.046875 0.2722222222222222
2 0.619140625 0.4930555555555556 0.06328125 0.3055555555555556
2 0.60390625 0.6666666666666666 0.1015625 0.38333333333333336
2 0.5109375 0.6597222222222222 0.0890625 0.3611111111111111
2 0.417578125 0.6243055555555556 0.08984375 0.31527777777777777
2 0.464453125 0.5888888888888889 0.07421875 0.3111111111111111
2 0.551953125 0.40625 0.04296875 0.16805555555555557
2 0.496484375 0.45208333333333334 0.07578125 0.2708333333333333
0 0.346484375 0.38263888888888886 0.02109375 0.0375
3 0.430859375 0.36527777777777776 0.06015625 0.16666666666666666
1 0.375 0.21666666666666667 0.0546875 0.08611111111111111
3 0.25390625 0.8423611111111111 0.071875 0.31527777777777777