2 0.3546875 0.5909722222222222 0.078125 0.29305555555555557
2 0.148828125 0.625 0.10703125 0.3527777777777778
2 0.487890625 0.44513888888888886 0.04921875 0.2847222222222222
2 0.623046875 0.5381944444444444 0.07578125 0.24305555555555555
2 0.633984375 0.43333333333333335 0.05078125 0.17222222222222222
2 0.702734375 0.48819444444444443 0.06953125 0.30694444444444446
2 0.676953125 0.2986111111111111 0.03359375 0.08055555555555556
2 0.721875 0.40208333333333335 0.0484375 0.24583333333333332
2 0.721875 0.28194444444444444 0.0234375 0.07777777777777778
2 0.70234375 0.2826388888888889 0.0109375 0.04583333333333333
1 0.9421875 0.16805555555555557 0.0578125 0.08888888888888889
0 0.148828125 0.5777777777777777 0.03671875 0.06388888888888888
3 0.9390625 0.8111111111111111 0.09375 0.37777777777777777