1 0.708984375 0.2513888888888889 0.04296875 0.06666666666666667
2 0.3171875 0.48194444444444445 0.0328125 0.2361111111111111
2 0.340234375 0.36944444444444446 0.04140625 0.175
2 0.541796875 0.3611111111111111 0.03984375 0.18888888888888888
2 0.480078125 0.39305555555555555 0.04765625 0.18055555555555555
2 0.630078125 0.4388888888888889 0.04765625 0.20833333333333334
2 0.431640625 0.5041666666666667 0.05234375 0.20277777777777778
2 0.507421875 0.6194444444444445 0.05859375 0.26666666666666666
2 0.46328125 0.6590277777777778 0.0921875 0.26805555555555555
2 0.6484375 0.6222222222222222 0.06875 0.12222222222222222
2 0.60546875 0.7194444444444444 0.0625 0.3
0 0.589453125 0.7118055555555556 0.02421875 0.05138888888888889
3 0.189453125 0.3972222222222222 0.02578125 0.15833333333333333
3 0.662109375 0.7458333333333333 0.04296875 0.24444444444444444
3 0.78828125 0.39444444444444443 0.040625 0.18055555555555555