2 0.5453125 0.35208333333333336 0.0390625 0.19305555555555556
2 0.411328125 0.4354166666666667 0.06484375 0.2125
2 0.3203125 0.5805555555555556 0.0671875 0.24444444444444444
2 0.258203125 0.40208333333333335 0.05234375 0.20416666666666666
2 0.200390625 0.6 0.07421875 0.2833333333333333
2 0.6265625 0.38333333333333336 0.0390625 0.20277777777777778
2 0.70703125 0.5430555555555555 0.0578125 0.2611111111111111
2 0.64453125 0.5444444444444444 0.05 0.25833333333333336
2 0.820703125 0.6243055555555556 0.08828125 0.29305555555555557
2 0.96953125 0.6548611111111111 0.0609375 0.33194444444444443
1 0.75078125 0.2388888888888889 0.0421875 0.06388888888888888
0 0.212890625 0.5659722222222222 0.02265625 0.05138888888888889
3 0.26171875 0.8215277777777777 0.0640625 0.35138888888888886
3 0.341796875 0.36666666666666664 0.03515625 0.1638888888888889