3 0.126421875 0.5084444444444445 0.048335937499999995 0.21043055555555554
3 0.2705078125 0.5844583333333333 0.0501953125 0.2016111111111111
3 0.606078125 0.434625 0.01859375 0.12008333333333332
1 0.624671875 0.2743333333333334 0.0408984375 0.07491666666666666
2 0.2048125 0.4550138888888889 0.0427578125 0.20272222222222222
2 0.305515625 0.5249722222222223 0.0508203125 0.2192361111111111
2 0.3805078125 0.5684861111111111 0.0446171875 0.23136111111111113
2 0.5196328125 0.5872083333333333 0.071265625 0.24458333333333332
2 0.5816015625000001 0.500736111111111 0.0340859375 0.22144444444444444
2 0.620640625 0.4946666666666667 0.0340859375 0.20491666666666666
2 0.452078125 0.45666666666666667 0.0378046875 0.20381944444444444
2 0.41458593749999995 0.5095416666666667 0.0371796875 0.2170416666666667
2 0.3197734375 0.4252638888888889 0.0223125 0.07051388888888889
2 0.27484375 0.42856944444444445 0.029125 0.14101388888888888