3 0.174 0.40008333333333335 0.042812499999999996 0.2029722222222222
3 0.4687578125 0.7757777777777777 0.0746484375 0.18540277777777778
2 0.2574296875 0.6255000000000001 0.07355468750000001 0.2868888888888889
2 0.2821328125 0.38251388888888893 0.063671875 0.2029722222222222
2 0.5027890625 0.3542222222222222 0.0439140625 0.18930555555555556
2 0.419359375 0.4479027777777778 0.057085937499999996 0.20881944444444445
2 0.38313281250000003 0.6040277777777777 0.0922109375 0.2517638888888889
2 0.5928046874999999 0.4459444444444444 0.063671875 0.22834722222222223
2 0.730578125 0.5640277777777778 0.0647734375 0.30836111111111114
2 0.640015625 0.555236111111111 0.0526953125 0.2595694444444444
2 0.700390625 0.6362361111111111 0.07684375 0.30445833333333333
2 0.95503125 0.7230833333333333 0.0899296875 0.3610555555555555
1 0.696546875 0.23712499999999997 0.0537890625 0.08001388888888888
0 0.26457031249999996 0.6528194444444444 0.02634375 0.04488888888888889