3 0.837890625 0.7333333333333333 0.13671875 0.5333333333333333
3 0.646484375 0.24166666666666667 0.03515625 0.14722222222222223
2 0.390234375 0.6729166666666667 0.09921875 0.3680555555555556
2 0.473046875 0.5826388888888889 0.10703125 0.36527777777777776
2 0.5288906250000001 0.29481944444444447 0.04509375 0.2060138888888889
2 0.30939843749999996 0.40847222222222224 0.0411015625 0.22630555555555557
2 0.33280468750000003 0.35823611111111114 0.0411015625 0.21718055555555557
2 0.4104453125 0.44044444444444447 0.045671875 0.2374722222222222
2 0.375046875 0.3983333333333334 0.03425 0.23645833333333333
2 0.46895312499999997 0.2927777777777778 0.039390625 0.18977777777777777
2 0.50153125 0.21595833333333334 0.0212109375 0.16454166666666667
2 0.4558359375 0.2540138888888889 0.032390625 0.17894444444444446
1 0.2580546875 0.10929166666666666 0.0357421875 0.061000000000000006