2 0.594140625 0.5229166666666667 0.07421875 0.25972222222222224
2 0.175 0.48680555555555555 0.059375 0.23472222222222222
2 0.216796875 0.5166666666666667 0.05390625 0.2833333333333333
2 0.862109375 0.6375 0.11640625 0.2611111111111111
2 0.841796875 0.4270833333333333 0.04765625 0.1875
2 0.6796875 0.4534722222222222 0.0484375 0.24027777777777778
2 0.294921875 0.5020833333333333 0.06015625 0.25416666666666665
2 0.276171875 0.44375 0.04453125 0.22916666666666666
2 0.476171875 0.4340277777777778 0.05234375 0.20416666666666666
2 0.5078125 0.4284722222222222 0.0421875 0.1736111111111111
0 0.516015625 0.4263888888888889 0.01953125 0.05
3 0.661328125 0.7805555555555556 0.06328125 0.18055555555555555
1 0.2578125 0.2423611111111111 0.0421875 0.08472222222222223
3 0.684375 0.33055555555555555 0.025 0.04722222222222222