3 0.051898437500000005 0.8869027777777778 0.10379687500000001 0.22619444444444448
3 0.1947578125 0.28175 0.041296875 0.1388888888888889
1 0.7739921875 0.15675 0.0658515625 0.11904166666666666
0 0.5892890625 0.2172638888888889 0.0401796875 0.06151388888888889
2 0.193640625 0.46626388888888887 0.0747734375 0.3333333333333333
2 0.2421875 0.6666666666666666 0.080359375 0.40079166666666666
2 0.697546875 0.5972222222222222 0.158484375 0.3055555555555556
2 0.69140625 0.4513888888888889 0.0457578125 0.10119444444444445
2 0.447546875 0.5863055555555555 0.1004453125 0.4345277777777778
2 0.3816953125 0.4930555555555556 0.1004453125 0.3234166666666667
2 0.41127343749999995 0.32043055555555555 0.0591484375 0.140875