3 0.1671875 0.3541666666666667 0.04375 0.21388888888888888
3 0.43671875 0.7868055555555555 0.084375 0.1763888888888889
2 0.26015625 0.4166666666666667 0.0765625 0.28055555555555556
2 0.362109375 0.4638888888888889 0.04453125 0.3
2 0.494140625 0.40902777777777777 0.05859375 0.2902777777777778
2 0.79140625 0.41458333333333336 0.05625 0.12916666666666668
2 0.72109375 0.4861111111111111 0.06875 0.3138888888888889
2 0.75703125 0.4513888888888889 0.0640625 0.2777777777777778
2 0.6140625 0.4618055555555556 0.0734375 0.32083333333333336
2 0.6578125 0.43333333333333335 0.0328125 0.26944444444444443
0 0.605859375 0.3993055555555556 0.02734375 0.0625
1 0.703125 0.17569444444444443 0.0640625 0.09027777777777778