3 0.881640625 0.8916666666666667 0.08515625 0.21666666666666667
3 0.861328125 0.39861111111111114 0.04453125 0.2111111111111111
2 0.15078125 0.7277777777777777 0.1078125 0.37222222222222223
2 0.160546875 0.5347222222222222 0.06015625 0.15555555555555556
2 0.4109375 0.5006944444444444 0.078125 0.2652777777777778
2 0.481640625 0.5034722222222222 0.08828125 0.2847222222222222
2 0.4890625 0.3645833333333333 0.040625 0.22916666666666666
2 0.5578125 0.35138888888888886 0.0734375 0.2361111111111111
2 0.559375 0.5826388888888889 0.059375 0.3375
2 0.63046875 0.5680555555555555 0.109375 0.31666666666666665
2 0.783203125 0.5638888888888889 0.11015625 0.3055555555555556
0 0.392578125 0.04652777777777778 0.03203125 0.04861111111111111
1 0.31796875 0.20277777777777778 0.0484375 0.08333333333333333