2 0.19490625 0.39216666666666666 0.0489296875 0.19572222222222221
2 0.2356796875 0.47624999999999995 0.039140625 0.23920833333333333
2 0.2238515625 0.6690694444444445 0.0791015625 0.29720833333333335
2 0.334765625 0.6125277777777778 0.097046875 0.2769027777777778
2 0.2915390625 0.465375 0.0448515625 0.2348611111111111
2 0.505203125 0.5356944444444445 0.05953125 0.3175
2 0.5631015625 0.5523611111111111 0.0497421875 0.30445833333333333
2 0.6393515625 0.44290277777777776 0.039140625 0.2537083333333333
2 0.6010234375 0.4356527777777778 0.04240625 0.21022222222222225
2 0.047703125 0.3370694444444444 0.0497421875 0.2276111111111111
3 0.21080468749999998 0.8261944444444445 0.07584375 0.3475972222222222
3 0.9516875 0.48712500000000003 0.04240625 0.2638611111111111
1 0.5496484374999999 0.17759722222222224 0.0489296875 0.08263888888888889
0 0.1721640625 0.7251527777777778 0.0254296875 0.06404166666666666