2 0.8660703125 0.4613055555555555 0.064734375 0.2797638888888889
2 0.79296875 0.39484722222222224 0.0747734375 0.26587500000000003
2 0.7393984375 0.39384722222222224 0.056921875 0.22420833333333334
2 0.6953125 0.5039722222222223 0.053570312499999995 0.28968055555555555
2 0.48549218749999995 0.3879027777777778 0.060265625 0.1845277777777778
2 0.486046875 0.2569444444444444 0.0591484375 0.09325
2 0.3158515625 0.5605138888888889 0.0892890625 0.2638888888888889
2 0.064734375 0.6498055555555555 0.0982109375 0.327375
2 0.58203125 0.4761944444444445 0.052453125 0.22619444444444448
2 0.5613828125 0.6329305555555556 0.0892890625 0.25397222222222227
0 0.5033515625 0.6894861111111111 0.029015625 0.06547222222222222
1 0.3013359375 0.1875 0.046875 0.077375
3 0.2940859375 0.34820833333333334 0.0502265625 0.17658333333333334
3 0.21539843749999998 0.7440416666666667 0.0870546875 0.36904166666666666