2 0.2333046875 0.4194583333333333 0.041453125 0.20855555555555555
2 0.3003359375 0.35204166666666664 0.041453125 0.1834722222222222
2 0.78590625 0.5511805555555556 0.07761718749999999 0.27755555555555556
2 0.9534921875 0.6162638888888888 0.0846796875 0.30420833333333336
2 0.471015625 0.3786944444444445 0.0458671875 0.16779166666666667
2 0.516 0.6170416666666666 0.12701562500000002 0.265
2 0.538046875 0.5629444444444445 0.07585937499999999 0.21012499999999998
2 0.42603125000000003 0.5072777777777778 0.0864375 0.23677777777777775
2 0.4216171875 0.45475000000000004 0.0388125 0.13798611111111111
2 0.4405859375 0.38575000000000004 0.0502734375 0.09094444444444445
1 0.643453125 0.22972222222222222 0.04675 0.07683333333333334
0 0.55525 0.57 0.030875000000000003 0.07369444444444445
3 0.937171875 0.4704305555555555 0.04675 0.24462499999999998
3 0.2275703125 0.8230277777777778 0.07761718749999999 0.35394444444444445
3 0.256234375 0.359875 0.029109375 0.1646527777777778