2 0.748328125 0.3779722222222222 0.0770078125 0.3194444444444444
2 0.1685234375 0.41170833333333334 0.075890625 0.3472222222222222
2 0.23102343749999998 0.3720277777777778 0.0848203125 0.3194444444444444
2 0.3125 0.3541666666666667 0.0580390625 0.2837361111111111
2 0.364953125 0.27579166666666666 0.044640625 0.26190277777777776
2 0.43080468749999995 0.2311527777777778 0.044640625 0.17658333333333334
2 0.439171875 0.5555555555555556 0.1417421875 0.4722222222222222
2 0.6294609375 0.26290277777777776 0.0870546875 0.25198611111111113
2 0.6941953125 0.20931944444444445 0.03125 0.18055555555555555
3 0.88671875 0.33929166666666666 0.0658515625 0.18254166666666669
1 0.47767968749999995 0.6636944444444445 0.47767968749999995 0.41865277777777776