2 0.068078125 0.5099166666666667 0.053570312499999995 0.26587500000000003
2 0.2645078125 0.4732083333333333 0.0691953125 0.22818055555555555
2 0.453125 0.6309583333333334 0.080359375 0.28175
2 0.8861640625 0.6210277777777777 0.060265625 0.29365277777777776
2 0.759484375 0.5694444444444444 0.072546875 0.2777777777777778
2 0.455796875 0.4125972222222222 0.045242187499999996 0.15093055555555557
2 0.49856249999999996 0.5673888888888888 0.0799453125 0.2533888888888889
2 0.555265625 0.5194583333333334 0.0656875 0.22365277777777778
2 0.5134375 0.4384861111111111 0.0427578125 0.08813888888888889
2 0.23713281249999998 0.36211111111111116 0.0395234375 0.19456944444444446
3 0.22464843750000002 0.8244166666666667 0.07270312500000001 0.34965277777777776
3 0.15240625000000002 0.3869444444444445 0.0549921875 0.17068055555555556
3 0.8734140625 0.46399999999999997 0.042875 0.21873611111111113
1 0.5769921874999999 0.24525000000000002 0.04846875 0.07622222222222222
0 0.49450000000000005 0.5054305555555556 0.023304687499999997 0.04640277777777777