3 0.8739921875000001 0.8307777777777777 0.1229765625 0.32869444444444446
3 0.6606875 0.314375 0.045796875 0.12816666666666668
0 0.6411796875 0.6611527777777777 0.0254453125 0.05277777777777778
1 0.2209375 0.21486111111111109 0.0415546875 0.06784722222222223
2 0.448234375 0.37318055555555557 0.056820312500000004 0.1733888888888889
2 0.4359375 0.30230555555555555 0.039015625 0.1522916666666667
2 0.629734375 0.6694583333333333 0.056820312500000004 0.2683888888888889
2 0.6106484375 0.6068749999999999 0.033921875000000004 0.1884722222222222
2 0.2472265625 0.5556111111111112 0.07717968750000001 0.24576388888888887
2 0.26970312500000004 0.4945555555555555 0.081421875 0.1899861111111111
2 0.6615390624999999 0.4410277777777778 0.069546875 0.20355555555555555
2 0.6937656249999999 0.3957916666666667 0.06615625 0.20656944444444442
2 0.2989609375 0.4010694444444444 0.039859375 0.1990277777777778
2 0.2955703125 0.3105972222222222 0.033078125 0.08443055555555555