2 0.165734375 0.6805555555555556 0.0747734375 0.4166666666666667
2 0.337609375 0.5198472222222222 0.072546875 0.31348611111111113
2 0.43471093749999995 0.5119027777777778 0.0591484375 0.31348611111111113
2 0.611046875 0.6835277777777777 0.0814765625 0.375
2 0.529578125 0.7093194444444444 0.0636171875 0.327375
2 0.029578125 0.8263888888888888 0.0591484375 0.3472222222222222
2 0.47991406249999996 0.6646805555555555 0.053570312499999995 0.38491666666666663
1 0.59375 0.29068055555555555 0.0669609375 0.10912499999999999
3 0.021203125 0.5605138888888889 0.0424140625 0.25595833333333334
3 0.5346015625 0.5138888888888888 0.0424140625 0.16269444444444445
0 0.5206484375 0.5386944444444445 0.0234375 0.057541666666666665