3 0.801859375 0.8553194444444445 0.0925390625 0.2893611111111111
3 0.07584375 0.5317083333333333 0.0562890625 0.27645833333333336
3 0.9583125000000001 0.3570138888888889 0.037203125 0.23236111111111113
2 0.24709374999999997 0.5240694444444445 0.0763203125 0.26458333333333334
2 0.327703125 0.5334027777777778 0.08109374999999999 0.2560972222222222
2 0.805671875 0.47150000000000003 0.06392187499999999 0.2679722222222222
2 0.621546875 0.3587083333333333 0.0562890625 0.20522222222222222
2 0.41833593750000003 0.698763888888889 0.10589843750000001 0.3425972222222222
2 0.423109375 0.5520555555555556 0.04675 0.09668055555555556
2 0.49466406249999995 0.5334027777777778 0.0944453125 0.27645833333333336
2 0.5347265625000001 0.5020277777777777 0.069640625 0.21369444444444446
2 0.5175546875 0.3892361111111111 0.031484374999999995 0.07293055555555555
1 0.4836875 0.1958888888888889 0.0553359375 0.0898888888888889
0 0.5518984375 0.4375833333333333 0.027664062499999996 0.04748611111111111