3 0.1821015625 0.41 0.033109375 0.1786111111111111
3 0.42928125 0.7763611111111112 0.079921875 0.1806388888888889
2 0.1958046875 0.6363055555555556 0.062796875 0.2658888888888889
2 0.317390625 0.6099166666666667 0.082203125 0.26183333333333336
2 0.371625 0.6363055555555556 0.0605078125 0.282125
2 0.3893203125 0.5601944444444444 0.059367187499999995 0.2557361111111111
2 0.300265625 0.3957916666666667 0.0685 0.1948472222222222
2 0.4053046875 0.46175 0.057085937499999996 0.205
2 0.565140625 0.469875 0.054804687500000004 0.2374722222222222
2 0.569140625 0.342 0.0445234375 0.11569444444444445
2 0.7141328125 0.6048472222222222 0.0468125 0.2679166666666667
2 0.9185000000000001 0.6941527777777778 0.10389843750000001 0.32069444444444445
1 0.6621875 0.25980555555555557 0.0433828125 0.0933611111111111