0 0.274765625 0.2655 0.02175 0.03866666666666667
1 0.58034375 0.24875 0.050023437500000004 0.06959722222222223
2 0.047125 0.5555 0.0449453125 0.2835416666666667
2 0.22184374999999998 0.5174722222222222 0.0478515625 0.2590555555555556
2 0.23742968750000001 0.3744166666666666 0.0413203125 0.17656944444444445
2 0.42991406249999997 0.6366944444444445 0.050749999999999997 0.28612499999999996
2 0.47594531250000005 0.5632222222222222 0.060171875 0.28870833333333334
2 0.4922578125 0.45368055555555553 0.0623515625 0.1830138888888889
2 0.5520703124999999 0.5271388888888889 0.0587265625 0.22941666666666669
2 0.6028203125 0.5239166666666667 0.0572734375 0.24616666666666667
2 0.7550625 0.5728888888888889 0.060171875 0.2770972222222222
2 0.885921875 0.6199305555555555 0.0608984375 0.3093194444444445
3 0.868890625 0.46720833333333334 0.031171874999999998 0.18945833333333334
3 0.1301328125 0.40212499999999995 0.0355234375 0.1623888888888889
3 0.22764062499999999 0.8300138888888889 0.0623515625 0.3350972222222222