2 0.21796875 0.5006944444444444 0.05625 0.25972222222222224
2 0.307421875 0.4340277777777778 0.04453125 0.19305555555555556
2 0.34921875 0.4444444444444444 0.0609375 0.18888888888888888
2 0.57109375 0.5222222222222223 0.0703125 0.25833333333333336
2 0.451953125 0.4666666666666667 0.06328125 0.21388888888888888
2 0.69140625 0.43819444444444444 0.046875 0.22916666666666666
2 0.475 0.38125 0.0421875 0.12083333333333333
2 0.427734375 0.3819444444444444 0.06015625 0.1527777777777778
0 0.501953125 0.42777777777777776 0.02734375 0.058333333333333334
2 0.79921875 0.4326388888888889 0.03125 0.22916666666666666
2 0.850390625 0.5902777777777778 0.04453125 0.2916666666666667
3 0.679296875 0.35 0.01953125 0.06666666666666667
3 0.70546875 0.7965277777777777 0.0671875 0.16527777777777777
1 0.27109375 0.25277777777777777 0.0453125 0.06666666666666667