1 0.4607578125 0.2740138888888889 0.04240625 0.06958333333333333
3 0.042007812500000005 0.4240555555555555 0.0464609375 0.17543055555555556
3 0.262203125 0.8111527777777777 0.08236718750000001 0.3494027777777778
3 0.811421875 0.5741111111111111 0.0440390625 0.2580555555555556
0 0.8208046875000001 0.5465694444444444 0.025281249999999998 0.060888888888888895
2 0.6589296874999999 0.48712500000000003 0.0489296875 0.2348611111111111
2 0.5488359375 0.4929305555555556 0.029359375 0.23776388888888889
2 0.48685156249999995 0.5501944444444444 0.050562499999999996 0.2566111111111111
2 0.514171875 0.5356944444444445 0.0448515625 0.20731944444444445
2 0.3494453125 0.6560277777777778 0.04159375 0.30880555555555556
2 0.369421875 0.53425 0.0358828125 0.18991666666666668
2 0.0958125 0.5588888888888889 0.07260156250000001 0.2740138888888889
2 0.2527890625 0.4639305555555555 0.037515625000000004 0.2348611111111111
2 0.29192968750000003 0.47334722222222225 0.021203125 0.23051388888888888
2 0.3168046875 0.49944444444444447 0.030171874999999997 0.25080555555555556