2 0.160546875 0.44027777777777777 0.05234375 0.18888888888888888
2 0.30546875 0.4652777777777778 0.0609375 0.21388888888888888
2 0.4453125 0.3263888888888889 0.0375 0.175
2 0.493359375 0.37083333333333335 0.03671875 0.14166666666666666
2 0.47734375 0.6020833333333333 0.084375 0.2652777777777778
2 0.559375 0.4583333333333333 0.046875 0.2222222222222222
2 0.526171875 0.48055555555555557 0.03359375 0.225
2 0.359375 0.65 0.065625 0.2833333333333333
2 0.420703125 0.6520833333333333 0.05234375 0.28194444444444444
3 0.268359375 0.35625 0.02890625 0.15138888888888888
3 0.21484375 0.8284722222222223 0.0703125 0.34305555555555556
3 0.8890625 0.4625 0.0453125 0.2111111111111111
1 0.63828125 0.23402777777777778 0.0375 0.0763888888888889
0 0.4734375 0.4736111111111111 0.025 0.05