2 0.8619843749999999 0.6168888888888889 0.088078125 0.3145972222222222
2 0.737625 0.5472916666666667 0.046484375 0.2595138888888889
2 0.5704453125 0.4668333333333333 0.05953125 0.24066666666666667
2 0.530890625 0.4777083333333333 0.0489296875 0.18702777777777777
2 0.48930468749999995 0.5298888888888889 0.0358828125 0.26530555555555557
2 0.3726875 0.6755972222222222 0.09133593749999999 0.31895833333333334
2 0.280125 0.5030694444444445 0.051375000000000004 0.27545833333333336
2 0.3245703125 0.40520833333333334 0.079921875 0.16672222222222224
2 0.047703125 0.5429444444444445 0.0709453125 0.2624166666666667
2 0.23731249999999998 0.35375 0.0326171875 0.21166666666666667
0 0.250359375 0.20804166666666665 0.017937500000000002 0.042041666666666665
1 0.5965390625 0.24791666666666667 0.04321875 0.05798611111111111
3 0.090109375 0.4160833333333333 0.0399609375 0.17106944444444444
3 0.24424218749999999 0.8336250000000001 0.0709453125 0.33055555555555555
3 0.8481249999999999 0.4436388888888889 0.0309921875 0.176875