2 0.889453125 0.5013888888888889 0.08515625 0.35
2 0.698046875 0.45902777777777776 0.07890625 0.29583333333333334
2 0.0609375 0.6854166666666667 0.09375 0.39305555555555555
2 0.47109375 0.3701388888888889 0.0671875 0.24027777777777778
2 0.448046875 0.29444444444444445 0.03984375 0.19722222222222222
2 0.317578125 0.48541666666666666 0.08984375 0.2263888888888889
2 0.325 0.37916666666666665 0.090625 0.18888888888888888
2 0.427734375 0.42569444444444443 0.07734375 0.24305555555555555
2 0.609765625 0.6319444444444444 0.08046875 0.38333333333333336
2 0.56640625 0.5222222222222223 0.053125 0.33055555555555555
0 0.271484375 0.4423611111111111 0.02265625 0.04027777777777778
3 0.266015625 0.33611111111111114 0.03046875 0.18888888888888888
1 0.746875 0.1798611111111111 0.0625 0.07916666666666666