2 0.51953125 0.3145833333333333 0.04375 0.24861111111111112
2 0.020703125 0.5541666666666667 0.04140625 0.38333333333333336
2 0.376953125 0.6673611111111111 0.08046875 0.4013888888888889
2 0.428125 0.5944444444444444 0.05625 0.38333333333333336
2 0.447265625 0.2833333333333333 0.04453125 0.23055555555555557
2 0.816796875 0.35347222222222224 0.11484375 0.22361111111111112
2 0.926171875 0.4479166666666667 0.06484375 0.3347222222222222
2 0.8859375 0.4326388888888889 0.0890625 0.30972222222222223
3 0.865625 0.28055555555555556 0.0453125 0.1638888888888889
1 0.0484375 0.11736111111111111 0.0640625 0.09305555555555556
0 0.969921875 0.3923611111111111 0.02421875 0.043055555555555555