2 0.779015625 0.41170833333333334 0.055804687500000005 0.22420833333333334
2 0.559828125 0.30695833333333333 0.0354375 0.15816666666666665
2 0.69365625 0.4369722222222222 0.070875 0.23055555555555557
2 0.5202421875 0.38469444444444445 0.045242187499999996 0.20105555555555554
2 0.45540624999999996 0.3665972222222222 0.0316640625 0.18363888888888888
2 0.41657031250000004 0.3967638888888889 0.06559374999999999 0.20105555555555554
2 0.33288281249999996 0.5877638888888889 0.07765625000000001 0.23725
2 0.35964843750000003 0.5354861111111111 0.0829375 0.2077638888888889
2 0.4618125 0.5757083333333333 0.0475 0.19704166666666667
2 0.4135546875 0.64675 0.09425 0.24529166666666669
3 0.027523437499999998 0.5046666666666667 0.050515624999999995 0.2345694444444444
3 0.7581249999999999 0.34180555555555553 0.04146875 0.20105555555555554
1 0.357765625 0.21713888888888888 0.0459921875 0.06433333333333334
3 0.8097734375 0.8411111111111111 0.10103124999999999 0.3096388888888889
0 0.42788281250000004 0.6407083333333333 0.023375 0.06433333333333334