2 0.1830390625 0.6230138888888889 0.0691953125 0.40079166666666666
2 0.271765625 0.4870972222222222 0.0636171875 0.35515277777777776
2 0.431359375 0.5932499999999999 0.0658515625 0.4166666666666667
2 0.583703125 0.7093194444444444 0.0714296875 0.40675
2 0.49497656250000005 0.7916666666666666 0.0926328125 0.4166666666666667
2 0.49163281249999996 0.5535694444444444 0.0479921875 0.2063472222222222
2 0.548546875 0.49206944444444445 0.0435234375 0.297625
2 0.603796875 0.5238055555555555 0.0513359375 0.24206944444444442
2 0.025109375 0.5535694444444444 0.0502265625 0.37698611111111113
0 0.470984375 0.4305555555555556 0.03125 0.07143055555555555
3 0.1824765625 0.8839305555555554 0.0971015625 0.23213888888888887
1 0.5652890625 0.2361111111111111 0.0770078125 0.12698611111111113