2 0.978375 0.7905694444444445 0.04325 0.21718055555555557
2 0.2506015625 0.6951666666666666 0.07878125 0.34708333333333335
2 0.3082578125 0.6657361111111111 0.0753515625 0.41
2 0.5097734375 0.48408333333333337 0.069640625 0.32272222222222224
2 0.61309375 0.504375 0.084484375 0.33490277777777777
2 0.6913046875 0.5226527777777777 0.0559453125 0.3145972222222222
2 0.733546875 0.6454444444444445 0.051375000000000004 0.41405555555555557
1 0.3253828125 0.2374722222222222 0.0707890625 0.10959722222222222
3 0.3476484375 0.5764305555555556 0.0399609375 0.3572222222222222
3 0.7558046875 0.9221805555555556 0.11873437499999999 0.15565277777777778
0 0.349359375 0.42319444444444443 0.0296875 0.07509722222222222