0 0.7484375 0.6590277777777778 0.05 0.07361111111111111
3 0.4140625 0.7041666666666667 0.1234375 0.3333333333333333
3 0.859765625 0.23402777777777778 0.04140625 0.1597222222222222
2 0.09921875 0.21597222222222223 0.0578125 0.24305555555555555
2 0.62421875 0.38958333333333334 0.084375 0.38472222222222224
2 0.3703125 0.3451388888888889 0.0640625 0.3263888888888889
2 0.02890625 0.4652777777777778 0.0578125 0.3888888888888889
2 0.234765625 0.66875 0.08359375 0.40694444444444444
2 0.25390625 0.5305555555555556 0.046875 0.2833333333333333
2 0.748046875 0.30833333333333335 0.07265625 0.28055555555555556
2 0.8578125 0.4826388888888889 0.1015625 0.32083333333333336
2 0.9265625 0.33194444444444443 0.053125 0.2861111111111111
2 0.889453125 0.3798611111111111 0.05234375 0.3013888888888889
1 0.031640625 0.04722222222222222 0.06328125 0.09444444444444444