2 0.9015625 0.35555555555555557 0.09375 0.37777777777777777
2 0.7296875 0.3138888888888889 0.103125 0.38333333333333336
2 0.378125 0.2847222222222222 0.08125 0.3416666666666667
2 0.440625 0.39166666666666666 0.059375 0.3611111111111111
2 0.49453125 0.41388888888888886 0.0734375 0.4166666666666667
2 0.56796875 0.39166666666666666 0.0703125 0.42777777777777776
2 0.5171875 0.2513888888888889 0.053125 0.3138888888888889
2 0.62421875 0.3458333333333333 0.0609375 0.375
2 0.63359375 0.13333333333333333 0.0515625 0.18888888888888888
2 0.684375 0.2513888888888889 0.05 0.33055555555555555
3 0.3921875 0.6486111111111111 0.1125 0.44722222222222224
3 0.3 0.12916666666666668 0.059375 0.25833333333333336