2 0.7444140625 0.6107361111111111 0.0798046875 0.26581944444444444
2 0.5967265625 0.5349027777777777 0.0651328125 0.19569444444444445
2 0.4678359375 0.6474305555555555 0.1449375 0.26093055555555555
2 0.36050781249999997 0.7110277777777778 0.084390625 0.3229027777777778
2 0.5361796875 0.5291944444444444 0.0431171875 0.25929166666666664
2 0.50590625 0.5234861111111111 0.0394453125 0.24462499999999998
2 0.253640625 0.5243055555555556 0.054125 0.26908333333333334
2 0.37243750000000003 0.47375 0.0458671875 0.2071111111111111
2 0.1531953125 0.4819027777777778 0.0642109375 0.22994444444444445
2 0.0252265625 0.4598888888888889 0.0486171875 0.23809722222222224
3 0.047703125 0.40524999999999994 0.049539062499999995 0.17123611111111112
3 0.21144531249999998 0.8408333333333333 0.08347656249999999 0.31831944444444443
3 0.8838437499999999 0.5683333333333334 0.054125 0.26581944444444444
1 0.46646093750000006 0.2495138888888889 0.04678125 0.07175