2 0.2171875 0.6645833333333333 0.1015625 0.28194444444444444
2 0.787890625 0.4625 0.03515625 0.21944444444444444
2 0.56875 0.47847222222222224 0.053125 0.2013888888888889
2 0.495703125 0.49027777777777776 0.05390625 0.2388888888888889
2 0.4140625 0.49375 0.0609375 0.1986111111111111
2 0.40546875 0.38263888888888886 0.0171875 0.07083333333333333
2 0.4276171875 0.36469444444444443 0.024515625 0.060111111111111115
2 0.6129687500000001 0.6736805555555556 0.073296875 0.2861666666666667
2 0.6695156250000001 0.64175 0.0315859375 0.21458333333333332
2 0.6621875 0.5214305555555556 0.029328125 0.08823611111111111
0 0.47739062499999996 0.043375000000000004 0.0300234375 0.07072222222222223
1 0.368171875 0.28423611111111113 0.0442890625 0.07205555555555555
3 0.6564062500000001 0.7906388888888889 0.1028359375 0.15345833333333334