2 0.24400781249999998 0.3473611111111111 0.0513671875 0.23156944444444444
2 0.24767968749999997 0.57975 0.0678828125 0.32452777777777775
2 0.3306953125 0.5504027777777778 0.07614062499999999 0.29191666666666666
2 0.4105078125 0.39629166666666665 0.0871484375 0.25113888888888886
2 0.50590625 0.28294444444444444 0.052289062500000004 0.19080555555555556
2 0.6072734375 0.36774999999999997 0.08256250000000001 0.22341666666666668
2 0.8067890625 0.4859861111111111 0.055960937499999995 0.2902777777777778
2 0.7650546874999999 0.4761944444444445 0.0421953125 0.18591666666666667
2 0.7265234375 0.4990277777777778 0.0513671875 0.176125
2 0.7444140625 0.6922777777777778 0.06696875 0.3538888888888889
3 0.3279453125 0.29354166666666665 0.0394453125 0.18591666666666667
3 0.22474218750000002 0.8220833333333333 0.0642109375 0.35583333333333333
1 0.7705546875 0.1777638888888889 0.047703125 0.09131944444444444
0 0.5878359375 0.5249027777777778 0.039921875 0.05190277777777778