2 0.2550234375 0.6081388888888889 0.0792421875 0.3511944444444445
2 0.523796875 0.7566944444444446 0.091734375 0.23156944444444444
2 0.623328125 0.7191805555555555 0.07246875 0.30659722222222224
2 0.750375 0.5634444444444444 0.1210859375 0.2756111111111111
2 0.58984375 0.45826388888888886 0.0513671875 0.22505555555555554
2 0.7494609375 0.384875 0.066046875 0.2413611111111111
2 0.4572890625 0.4965833333333334 0.0651328125 0.3440972222222222
0 0.41830468749999994 0.1108888888888889 0.0293515625 0.058708333333333335
1 0.350875 0.23483333333333334 0.0577890625 0.10437500000000001
3 0.9054062500000001 0.41504166666666664 0.053203125 0.24625000000000002
3 0.7613828125000001 0.9109583333333333 0.0678828125 0.17806944444444445