2 0.246875 0.3638888888888889 0.05625 0.2388888888888889
2 0.47734375 0.5708333333333333 0.090625 0.3888888888888889
2 0.38984375 0.7041666666666667 0.0875 0.3388888888888889
2 0.55390625 0.23333333333333334 0.0578125 0.1638888888888889
2 0.499609375 0.2986111111111111 0.05703125 0.18055555555555555
2 0.5055156249999999 0.24381944444444445 0.0248125 0.11229166666666666
2 0.3703984375 0.35330555555555554 0.0297734375 0.235
2 0.43784375000000003 0.28633333333333333 0.031132812500000002 0.15880555555555556
2 0.3906953125 0.43430555555555556 0.0342890625 0.2526388888888889
2 0.4252109375 0.4142638888888889 0.043765625 0.24141666666666667
1 0.2620625 0.12168055555555556 0.037820312499999995 0.06190277777777778
3 0.66971875 0.2593611111111111 0.03421875 0.14729166666666665
3 0.8120078124999999 0.7364583333333333 0.0786484375 0.4119861111111111