1 0.210734375 0.23122222222222222 0.0354375 0.06568055555555555
2 0.45653125 0.3853611111111111 0.044484375 0.20240277777777776
2 0.41883593750000003 0.3297361111111111 0.0354375 0.16084722222222222
2 0.16021875000000002 0.48924999999999996 0.053531249999999996 0.20641666666666666
2 0.186234375 0.45372222222222225 0.0346796875 0.2077638888888889
2 0.24542187499999998 0.4476944444444444 0.0550390625 0.20373611111111112
2 0.2356171875 0.4235694444444445 0.0309140625 0.19033333333333333
2 0.755484375 0.5234305555555555 0.043734375 0.21580555555555556
2 0.8885624999999999 0.6159166666666667 0.0701171875 0.2345694444444444
2 0.6951640625 0.3907222222222222 0.042226562499999995 0.10856944444444444
2 0.6876249999999999 0.5354861111111111 0.067859375 0.22920833333333335
0 0.8904453125 0.6206111111111111 0.024125 0.04825
3 0.965203125 0.8310833333333333 0.06959375 0.3378333333333333
3 0.660109375 0.3478333333333333 0.0309140625 0.15951388888888887