3 0.1111875 0.5025277777777778 0.029976562499999998 0.22926388888888888
3 0.7828359375 0.8080138888888888 0.080859375 0.31229166666666663
3 0.8225703125000001 0.34947222222222224 0.0404296875 0.16854166666666665
2 0.612046875 0.5564305555555555 0.052976562500000005 0.24290277777777775
2 0.7584375 0.44180555555555556 0.0697109375 0.17969444444444443
2 0.678625 0.4492361111111111 0.046703125 0.2143888888888889
2 0.6444609375 0.3209722222222222 0.03415625 0.15119444444444444
2 0.5130625 0.5558194444444444 0.052976562500000005 0.24661111111111111
2 0.5479140625000001 0.4411805555555555 0.037640625 0.20819444444444446
2 0.5900937500000001 0.3940972222222222 0.0369453125 0.19333333333333333
2 0.6169296875 0.4095833333333333 0.0348515625 0.11277777777777778
2 0.3806171875 0.549625 0.090625 0.17969444444444443
2 0.346453125 0.5372222222222223 0.080859375 0.273875
0 0.334953125 0.44552777777777774 0.0230078125 0.04833333333333333
1 0.444046875 0.22616666666666668 0.0404296875 0.06816666666666667