2 0.58940625 0.6238055555555555 0.0811953125 0.33768055555555554
2 0.3099296875 0.4749444444444444 0.0572734375 0.26679166666666665
2 0.2283671875 0.51425 0.0551015625 0.2912777777777778
2 0.7373046875 0.49040277777777774 0.0725 0.2848333333333333
2 0.851125 0.7617083333333332 0.12759375 0.40212499999999995
2 0.5904921875 0.42338888888888887 0.097875 0.18172222222222223
2 0.6100703125 0.34025 0.0369765625 0.059291666666666666
2 0.800015625 0.48525 0.0442265625 0.27452777777777776
2 0.8192265624999999 0.5071666666666667 0.056546874999999996 0.2152361111111111
1 0.2881796875 0.23715277777777777 0.0514765625 0.08506944444444445
3 0.171484375 0.8448472222222222 0.0760703125 0.30545833333333333
3 0.324484375 0.331875 0.031171874999999998 0.07604166666666666