2 0.43471093749999995 0.5079305555555556 0.061382812499999995 0.32540277777777776
2 0.02734375 0.8244027777777778 0.0546875 0.3511944444444445
2 0.1965390625 0.5944166666666667 0.0440390625 0.34794444444444445
2 0.318046875 0.5081527777777778 0.047296875 0.29720833333333335
2 0.3845078125 0.6045555555555555 0.0791015625 0.3450416666666667
2 0.5945 0.6828472222222222 0.05871875 0.3653472222222222
2 0.5247734375 0.7118472222222222 0.06442187499999999 0.31895833333333334
2 0.23853125 0.6444305555555556 0.053007812499999994 0.3928888888888889
3 0.31478125 0.8314444444444444 0.0733984375 0.12612500000000001
3 0.018351562499999998 0.5494722222222223 0.0366953125 0.22906944444444446
1 0.5969453125 0.2841527777777778 0.055453125000000006 0.11598611111111112
0 0.5202890625000001 0.5356944444444445 0.027726562500000003 0.04784722222222223
3 0.531296875 0.5400416666666666 0.051375000000000004 0.1812222222222222