2 0.171484375 0.39305555555555555 0.05390625 0.23055555555555557
2 0.2640625 0.5986111111111111 0.109375 0.2972222222222222
2 0.361328125 0.5333333333333333 0.09609375 0.2611111111111111
2 0.34140625 0.3729166666666667 0.05 0.10416666666666667
2 0.851953125 0.6729166666666667 0.13671875 0.2791666666666667
2 0.726953125 0.5652777777777778 0.08984375 0.24444444444444444
2 0.598046875 0.44166666666666665 0.05859375 0.21944444444444444
2 0.5359375 0.43333333333333335 0.0515625 0.21944444444444444
2 0.5046875 0.3020833333333333 0.0375 0.18472222222222223
2 0.55625 0.32708333333333334 0.0359375 0.13194444444444445
1 0.71484375 0.20694444444444443 0.0484375 0.06944444444444445
3 0.951953125 0.43680555555555556 0.03828125 0.2125
3 0.1515625 0.8291666666666667 0.0765625 0.33611111111111114
0 0.289453125 0.575 0.02734375 0.058333333333333334