2 0.21261718749999997 0.548375 0.04321875 0.24909722222222222
2 0.18159375 0.5229722222222223 0.038343749999999996 0.22306944444444446
2 0.25409375 0.5750277777777778 0.05228125 0.26025
2 0.3150859375 0.5824583333333333 0.0404296875 0.23794444444444443
2 0.3987421875 0.6134444444444445 0.052976562500000005 0.2577638888888889
2 0.4628671875 0.664875 0.052976562500000005 0.25652777777777774
2 0.3931640625 0.43747222222222226 0.0278828125 0.14127777777777778
2 0.5130625 0.5174027777777778 0.0571640625 0.22430555555555556
2 0.5541875 0.45047222222222216 0.0446171875 0.18961111111111112
3 0.6047265625 0.4696805555555556 0.0481015625 0.188375
3 0.491796875 0.7169166666666666 0.0606484375 0.28875
3 0.16207812500000002 0.4554305555555556 0.0243984375 0.15491666666666667
0 0.5928828125 0.43375 0.0188203125 0.04709722222222222
1 0.625296875 0.27449999999999997 0.0390390625 0.06320833333333332