3 0.050890625 0.40547222222222223 0.044484375 0.18631944444444445
3 0.1703984375 0.6353472222222222 0.049765625 0.227875
3 0.71025 0.47651388888888885 0.0376953125 0.20508333333333334
2 0.4452265625 0.5757083333333333 0.053531249999999996 0.2747777777777778
2 0.6084609375000001 0.6038472222222222 0.048257812500000004 0.261375
2 0.678203125 0.5120416666666667 0.032421875 0.21713888888888888
2 0.6465390625 0.46780555555555553 0.038453125 0.20909722222222224
2 0.3924453125 0.41418055555555555 0.042976562499999996 0.1876527777777778
2 0.346828125 0.561625 0.0633359375 0.24127777777777779
2 0.2823671875 0.5515833333333333 0.0459921875 0.22920833333333335
2 0.21978124999999998 0.4470277777777778 0.0354375 0.20508333333333334
2 0.269171875 0.41754166666666664 0.030156250000000002 0.17827777777777779
2 0.28953125 0.3980972222222222 0.033171875 0.16084722222222222
1 0.6269296875 0.27679166666666666 0.0399609375 0.07908333333333332
0 0.5843359375 0.15883333333333333 0.01809375 0.033513888888888885