3 0.39947656249999997 0.5839583333333334 0.06791406250000001 0.3468611111111111
3 0.8248906249999999 0.9204027777777779 0.0864375 0.15919444444444444
1 0.3260078125 0.23819444444444443 0.06915625 0.09879166666666667
0 0.40257031249999997 0.5202916666666667 0.027164062500000002 0.06586111111111112
2 0.9883906250000001 0.8424722222222223 0.02321875 0.31505555555555553
2 0.2506796875 0.68275 0.0938515625 0.3468611111111111
2 0.314890625 0.6640833333333334 0.0518671875 0.41052777777777777
2 0.5205 0.5038194444444445 0.0926171875 0.3227083333333333
2 0.6094062499999999 0.5060138888888889 0.0506328125 0.3446666666666667
2 0.6865859375000001 0.5257777777777778 0.059273437500000005 0.3358888888888889
2 0.7396874999999999 0.6498194444444445 0.0666796875 0.37759722222222225