2 0.774609375 0.5416666666666666 0.08515625 0.3
2 0.6484375 0.6756944444444445 0.0765625 0.3125
2 0.63984375 0.47638888888888886 0.065625 0.1638888888888889
2 0.484375 0.3541666666666667 0.0578125 0.14722222222222223
2 0.48265624999999995 0.2866388888888889 0.02375 0.05536111111111111
2 0.4536328125 0.5155833333333334 0.061750000000000006 0.2617777777777778
2 0.28210156249999996 0.3518611111111111 0.0374765625 0.16326388888888888
2 0.36232031249999996 0.42644444444444446 0.0511953125 0.21675
2 0.3602109375 0.31244444444444447 0.0343046875 0.060055555555555556
2 0.3335625 0.4076805555555555 0.0464453125 0.15481944444444445
1 0.31284375 0.21541666666666665 0.0388671875 0.07045833333333333
3 0.797921875 0.7932638888888889 0.083828125 0.1856111111111111
3 0.67865625 0.3536111111111111 0.043437500000000004 0.15716666666666665