2 0.8258906250000001 0.6557499999999999 0.0825859375 0.40675
2 0.6065859375 0.5228194444444445 0.0859375 0.2916666666666667
2 0.5490234375 0.5145138888888888 0.0577890625 0.26908333333333334
2 0.2518046875 0.7681111111111111 0.11100000000000002 0.3783472222222223
2 0.4572890625 0.6604722222222222 0.07246875 0.33268055555555553
2 0.4843515625 0.5936111111111111 0.04403125 0.27070833333333333
2 0.4293125 0.42645833333333333 0.0733828125 0.20384722222222224
2 0.3577578125 0.369375 0.066046875 0.19733333333333336
2 0.336203125 0.5234861111111111 0.0486171875 0.28376388888888887
2 0.2788671875 0.5267499999999999 0.0770546875 0.2185277777777778
3 0.11374999999999999 0.4117777777777778 0.0458671875 0.22015277777777775
3 0.3228984375 0.8530694444444445 0.08256250000000001 0.29386111111111113
1 0.630203125 0.23565277777777777 0.062375 0.106