2 0.8489765625000001 0.48120833333333335 0.0784140625 0.30025
2 0.7328671875 0.6990277777777778 0.13873437500000002 0.3471666666666667
2 0.44975 0.6212777777777778 0.13646875 0.33108333333333334
2 0.5854609375 0.4309444444444444 0.0671015625 0.315
2 0.66990625 0.44299999999999995 0.0610703125 0.28281944444444446
2 0.3539921875 0.4229027777777778 0.068609375 0.24529166666666669
2 0.6239140625 0.4544027777777778 0.04146875 0.3029305555555556
2 0.42109375 0.4302638888888889 0.0475 0.2868472222222222
2 0.754734375 0.4229027777777778 0.08595312499999999 0.2479722222222222
2 0.8044921875 0.39541666666666664 0.042226562499999995 0.24127777777777779
1 0.369828125 0.21647222222222223 0.0550390625 0.087125
3 0.24918749999999998 0.7814583333333333 0.0761484375 0.18229166666666666