2 0.310265625 0.5188472222222222 0.0714296875 0.2956388888888889
2 0.1328125 0.5575416666666667 0.044640625 0.3333333333333333
2 0.181359375 0.6686527777777778 0.056921875 0.40079166666666666
2 0.631140625 0.6855138888888889 0.068078125 0.3511944444444445
2 0.5128359375 0.703375 0.072546875 0.3194444444444444
2 0.421875 0.6607083333333333 0.0870546875 0.3968194444444444
2 0.43247656250000005 0.5009861111111111 0.068078125 0.30754166666666666
2 0.029015625 0.8273750000000001 0.0580390625 0.3452361111111111
3 0.5346015625 0.514875 0.055804687500000005 0.14880555555555555
3 0.025671875 0.547625 0.0513359375 0.21824999999999997
0 0.521203125 0.5327361111111111 0.0267890625 0.06151388888888889
1 0.595984375 0.29365277777777776 0.060265625 0.10318055555555557