2 0.586328125 0.6416666666666667 0.06328125 0.39166666666666666
2 0.51796875 0.6118055555555556 0.046875 0.35138888888888886
2 0.768359375 0.4861111111111111 0.06640625 0.325
2 0.696484375 0.48055555555555557 0.05390625 0.31666666666666665
2 0.32734375 0.5645833333333333 0.0375 0.3236111111111111
2 0.364453125 0.53125 0.04921875 0.3236111111111111
2 0.5078125 0.45902777777777776 0.0734375 0.2263888888888889
2 0.329296875 0.3368055555555556 0.04140625 0.13194444444444445
2 0.49375 0.3284722222222222 0.04375 0.09583333333333334
2 0.5609375 0.37777777777777777 0.0453125 0.15555555555555556
1 0.3890625 0.21458333333333332 0.0546875 0.0875
3 0.26640625 0.84375 0.090625 0.3125
3 0.41796875 0.39861111111111114 0.0390625 0.20833333333333334
0 0.427734375 0.36041666666666666 0.01953125 0.04027777777777778