3 0.8197578125 0.703375 0.0747734375 0.4107083333333333
2 0.7455390625 0.6488055555555555 0.0848203125 0.43254166666666666
2 0.5825859375 0.5267916666666667 0.053570312499999995 0.38690277777777776
2 0.5323671875 0.5873055555555555 0.049109375 0.4404722222222222
2 0.47600781249999996 0.6537638888888888 0.099328125 0.44245833333333334
2 0.3130546875 0.5019861111111111 0.0636171875 0.37301388888888887
2 0.10602343750000001 0.46825 0.053570312499999995 0.3611111111111111
2 0.1752265625 0.7509861111111111 0.0892890625 0.34325
3 0.157921875 0.9275833333333333 0.072546875 0.14484722222222224
0 0.5658515625 0.6001944444444445 0.0357109375 0.07341666666666667
1 0.41796875 0.17559722222222224 0.083703125 0.1289722222222222