2 0.318640625 0.5168611111111111 0.0814765625 0.30754166666666666
2 0.15234375 0.672625 0.083703125 0.40079166666666666
2 0.0284609375 0.8154722222222222 0.056921875 0.3333333333333333
2 0.6065859375 0.6904722222222222 0.0903984375 0.35318055555555555
2 0.513390625 0.7093194444444444 0.0736640625 0.33134722222222224
2 0.45424218749999995 0.6557499999999999 0.064734375 0.37897222222222227
2 0.443078125 0.4444444444444444 0.0669609375 0.1745972222222222
2 0.0440859375 0.5208333333333334 0.061382812499999995 0.29959722222222224
3 0.025109375 0.5664722222222223 0.0502265625 0.2202361111111111
3 0.5357109375 0.5307499999999999 0.046875 0.19245833333333331
0 0.521765625 0.5337361111111112 0.025671875 0.06348611111111112
1 0.5943046875 0.28968055555555555 0.068078125 0.10318055555555557