3 0.065234375 0.4201388888888889 0.04296875 0.19027777777777777
3 0.80390625 0.8201388888888889 0.0890625 0.3597222222222222
3 0.884765625 0.38958333333333334 0.03984375 0.19305555555555556
1 0.813671875 0.2361111111111111 0.05078125 0.08888888888888889
0 0.49921875 0.6506944444444445 0.0265625 0.04861111111111111
2 0.422265625 0.37222222222222223 0.06328125 0.18055555555555555
2 0.504296875 0.4173611111111111 0.03046875 0.22083333333333333
2 0.47265625 0.7229166666666667 0.05625 0.2986111111111111
2 0.525 0.6944444444444444 0.05625 0.3472222222222222
2 0.58125 0.6701388888888888 0.065625 0.3402777777777778
2 0.603515625 0.6229166666666667 0.06015625 0.2847222222222222
2 0.544921875 0.4395833333333333 0.04140625 0.22361111111111112
2 0.57578125 0.4152777777777778 0.0296875 0.1638888888888889
2 0.716015625 0.4 0.05390625 0.20833333333333334
2 0.770703125 0.4638888888888889 0.08515625 0.23055555555555557