2 0.1342109375 0.5582777777777778 0.04675 0.25333333333333335
2 0.3894375 0.47962499999999997 0.032171875 0.21330555555555558
2 0.580796875 0.5070277777777777 0.052953125000000004 0.22759722222222223
2 0.24700000000000003 0.4975 0.052953125000000004 0.21330555555555558
3 0.201421875 0.48081944444444447 0.0288203125 0.17040277777777776
3 0.40619531249999996 0.6917361111111111 0.045578125000000004 0.28241666666666665
2 0.32240625 0.5779305555555556 0.04021875 0.24070833333333333
2 0.22990624999999998 0.5493333333333333 0.045578125000000004 0.24547222222222223
2 0.45679687500000005 0.6291666666666667 0.039546874999999995 0.2955138888888889
2 0.41021093750000004 0.5469583333333333 0.0415546875 0.12869444444444444
2 0.5630390625 0.43076388888888884 0.0281484375 0.13704166666666667
0 0.5958828125 0.4379166666666667 0.0214453125 0.04886111111111111
1 0.6257109375 0.27705555555555555 0.042226562499999995 0.06315277777777778