2 0.395703125 0.29444444444444445 0.04296875 0.17777777777777778
2 0.20625 0.4548611111111111 0.08125 0.20694444444444443
2 0.3265625 0.4666666666666667 0.0765625 0.17777777777777778
2 0.783984375 0.5847222222222223 0.08828125 0.3111111111111111
2 0.5765625 0.44583333333333336 0.08125 0.25277777777777777
2 0.57890625 0.3597222222222222 0.040625 0.20277777777777778
2 0.506640625 0.3659722222222222 0.06171875 0.19027777777777777
2 0.398828125 0.6826388888888889 0.11484375 0.3347222222222222
2 0.380859375 0.6138888888888889 0.05234375 0.2833333333333333
2 0.444140625 0.2361111111111111 0.04140625 0.15
3 0.622265625 0.2701388888888889 0.03671875 0.1486111111111111
3 0.858984375 0.8090277777777778 0.08515625 0.37083333333333335
1 0.2671875 0.14166666666666666 0.0375 0.06388888888888888
0 0.178515625 0.44027777777777777 0.02109375 0.05