0 0.5863437499999999 0.5320694444444444 0.02446875 0.04929166666666667
3 0.0791015625 0.527 0.0489296875 0.23341666666666666
1 0.4211796875 0.22858333333333336 0.036734375 0.058430555555555555
3 0.8091171875000001 0.3549583333333333 0.0371640625 0.181375
3 0.7601328125 0.822513888888889 0.075671875 0.3549583333333333
2 0.722296875 0.587388888888889 0.081078125 0.2498472222222222
2 0.42837500000000006 0.6017916666666667 0.09324218749999999 0.28108333333333335
2 0.4682421875 0.5645555555555556 0.05 0.18018055555555554
2 0.4787109375 0.5105138888888889 0.0452734375 0.16576388888888888
2 0.5425625000000001 0.5483472222222222 0.0513515625 0.2150138888888889
2 0.6459453125 0.5039027777777778 0.0743203125 0.1933888888888889
2 0.42195312500000004 0.4288194444444444 0.061484375 0.2090138888888889
2 0.516890625 0.4222222222222222 0.0432421875 0.2318333333333333
2 0.5814140625 0.4005972222222222 0.046625 0.19579166666666667
2 0.646953125 0.3405416666666667 0.05742968750000001 0.15015277777777777