2 0.0712421875 0.5699444444444445 0.081421875 0.22918055555555555
2 0.1950703125 0.49152777777777773 0.039015625 0.2623472222222222
2 0.25782812499999996 0.58125 0.05597656250000001 0.24275
2 0.33034375 0.5043472222222222 0.051734375 0.22768055555555555
2 0.2781875 0.48400000000000004 0.035625000000000004 0.22918055555555555
2 0.2468046875 0.43575 0.0254453125 0.0965
2 0.4804609375 0.5480694444444445 0.0381640625 0.2638611111111111
2 0.500390625 0.5239444444444444 0.04240625 0.2216388888888889
2 0.5347421875 0.49304166666666666 0.050039062499999995 0.217125
2 0.6992734375 0.49379166666666663 0.044953125 0.22465277777777778
3 0.044101562500000004 0.4184027777777778 0.039015625 0.1733888888888889
3 0.281578125 0.8315416666666667 0.0746328125 0.3332222222222222
3 0.8103828125 0.5782361111111111 0.056820312500000004 0.26084722222222223
0 0.7883281249999999 0.5895416666666667 0.0296875 0.042222222222222223
1 0.4584140625 0.27215277777777774 0.051734375 0.08594444444444445