2 0.44296875 0.15833333333333333 0.0640625 0.28888888888888886
2 0.54140625 0.17222222222222222 0.0578125 0.31666666666666665
2 0.83125 0.6652777777777777 0.08125 0.5194444444444445
2 0.71796875 0.4708333333333333 0.0828125 0.4305555555555556
2 0.59765625 0.29305555555555557 0.0578125 0.35833333333333334
2 0.75234375 0.1361111111111111 0.0578125 0.2722222222222222
2 0.66015625 0.09861111111111111 0.0421875 0.19166666666666668
2 0.6765625 0.33055555555555555 0.05 0.35555555555555557
2 0.86640625 0.2638888888888889 0.0921875 0.3111111111111111
0 0.4421875 0.5416666666666666 0.053125 0.07777777777777778
3 0.38203125 0.6666666666666666 0.0984375 0.40555555555555556
3 0.2921875 0.09166666666666666 0.059375 0.18333333333333332