3 0.0809140625 0.7886944444444445 0.10602343750000001 0.4027777777777778
3 0.178015625 0.35318055555555555 0.052453125 0.17856944444444445
2 0.40960156249999996 0.3571388888888889 0.0424140625 0.21824999999999997
2 0.2265625 0.5634861111111111 0.0848203125 0.2777777777777778
2 0.635046875 0.5347222222222222 0.055804687500000005 0.3194444444444444
2 0.7237734375 0.5218194444444444 0.11272656249999999 0.297625
2 0.674109375 0.44543055555555555 0.044640625 0.21230555555555558
2 0.8537968749999999 0.5803611111111111 0.11160937500000001 0.2837361111111111
2 0.8532343750000001 0.43948611111111113 0.1082578125 0.2043611111111111
2 0.7940859375 0.43551388888888887 0.0479921875 0.2678611111111111
2 0.3621640625 0.297625 0.0546875 0.202375
0 0.8582578125 0.5327361111111111 0.033484375 0.07341666666666667
1 0.1690859375 0.18352777777777776 0.0502265625 0.08134722222222222