2 0.027734375 0.5048611111111111 0.05546875 0.35694444444444445
2 0.362109375 0.5729166666666666 0.08359375 0.3736111111111111
2 0.412890625 0.6569444444444444 0.10546875 0.4361111111111111
2 0.526953125 0.30486111111111114 0.05703125 0.2625
2 0.428125 0.2986111111111111 0.103125 0.20277777777777778
2 0.88671875 0.44375 0.05 0.32916666666666666
2 0.833984375 0.4326388888888889 0.07734375 0.3236111111111111
2 0.85703125 0.2833333333333333 0.084375 0.11944444444444445
2 0.916796875 0.2965277777777778 0.05078125 0.07916666666666666
0 0.953125 0.3638888888888889 0.0203125 0.04722222222222222
3 0.7875 0.29583333333333334 0.0484375 0.20555555555555555
1 0.046484375 0.11388888888888889 0.06015625 0.09722222222222222