1 0.695765625 0.2661527777777778 0.047703125 0.08119444444444444
2 0.747015625 0.7172499999999999 0.09540625 0.31937499999999996
2 0.2217734375 0.5467361111111111 0.102515625 0.22013888888888888
2 0.350671875 0.543125 0.051765625 0.24540277777777778
2 0.318703125 0.39966666666666667 0.050749999999999997 0.16419444444444445
2 0.38975 0.45741666666666664 0.044656249999999995 0.2111111111111111
2 0.547578125 0.37261111111111106 0.0375546875 0.16419444444444445
2 0.5846250000000001 0.4547083333333333 0.054804687500000004 0.22013888888888888
2 0.704390625 0.6026666666666667 0.0466875 0.2345694444444444
2 0.507484375 0.5286805555555555 0.0466875 0.2634444444444445
2 0.4816015625 0.5611666666666667 0.0395859375 0.24540277777777778
3 0.42984375 0.7876111111111112 0.076125 0.16780555555555554
0 0.21669531250000001 0.5304861111111111 0.02334375 0.03247222222222222