3 0.409375 0.5708333333333333 0.05625 0.33055555555555555
3 0.878125 0.9541666666666667 0.065625 0.09166666666666666
2 0.24921875 0.6861111111111111 0.0890625 0.37777777777777777
2 0.33046875 0.6777777777777778 0.0796875 0.36666666666666664
2 0.50078125 0.4847222222222222 0.0703125 0.3138888888888889
2 0.60703125 0.49583333333333335 0.0578125 0.35833333333333334
2 0.6859375 0.5277777777777778 0.065625 0.3277777777777778
2 0.76953125 0.6486111111111111 0.0734375 0.39166666666666666
2 0.9375 0.7861111111111111 0.09375 0.4166666666666667
1 0.31875 0.23333333333333334 0.075 0.12777777777777777
1 0.425 0.5236111111111111 0.03125 0.08611111111111111