2 0.35546875 0.48512500000000003 0.1015625 0.30356944444444445
2 0.1713203125 0.4831388888888889 0.10602343750000001 0.35912499999999997
2 0.2472109375 0.2609166666666667 0.0546875 0.30754166666666666
2 0.5636171875 0.3412638888888889 0.0848203125 0.3055555555555556
2 0.748328125 0.19741666666666666 0.0502265625 0.23213888888888887
2 0.8058046875 0.25198611111111113 0.053570312499999995 0.24602777777777776
2 0.8543515625 0.44741666666666663 0.072546875 0.33929166666666666
2 0.9626093750000001 0.49206944444444445 0.0747734375 0.3968194444444444
3 0.2879453125 0.7490138888888889 0.075890625 0.22818055555555555
0 0.165734375 0.45337500000000003 0.041296875 0.077375
3 0.443078125 0.202375 0.046875 0.234125