2 0.31796875 0.5597222222222222 0.0828125 0.28055555555555556
2 0.3625 0.4340277777777778 0.0578125 0.2125
2 0.1546875 0.4111111111111111 0.0546875 0.2388888888888889
2 0.16171875 0.6326388888888889 0.1 0.29305555555555557
2 0.64140625 0.5506944444444445 0.0625 0.2763888888888889
2 0.82265625 0.6125 0.1015625 0.29444444444444445
2 0.7265625 0.5451388888888888 0.0859375 0.30694444444444446
2 0.980859375 0.6868055555555556 0.03828125 0.3736111111111111
2 0.6109375 0.3854166666666667 0.040625 0.23472222222222222
2 0.578515625 0.35208333333333336 0.04765625 0.19583333333333333
3 0.315234375 0.36180555555555555 0.04453125 0.1597222222222222
3 0.23359375 0.8402777777777778 0.06875 0.31666666666666665
1 0.7625 0.22430555555555556 0.053125 0.0763888888888889
0 0.180859375 0.5986111111111111 0.03046875 0.058333333333333334