2 0.8329425556858148 0.41770833333333335 0.05861664712778429 0.2
2 0.34114888628370454 0.5239583333333333 0.05627198124267292 0.23854166666666668
2 0.4958968347010551 0.4635416666666667 0.03985932004689332 0.23333333333333334
2 0.7479484173505275 0.68125 0.06330597889800703 0.26666666666666666
2 0.7467760844079718 0.709375 0.06623681125439625 0.24270833333333333
2 0.4601406799531067 0.5677083333333334 0.05451348182883939 0.26145833333333335
2 0.4361078546307151 0.540625 0.08440797186400938 0.246875
2 0.35580304806565066 0.47708333333333336 0.04630715123094959 0.22604166666666667
2 0.26143024618991795 0.39479166666666665 0.041617819460726846 0.184375
3 0.06330597889800703 0.5552083333333333 0.056858147713950764 0.20729166666666668
3 0.7121922626025792 0.33125 0.03458382180539273 0.18229166666666666
3 0.6834701055099648 0.878125 0.1025791324736225 0.24375