2 0.658704929576951 0.6377960825208517 0.14112660315552672 0.37964535444682357
2 0.42183223581460283 0.6479577485712272 0.1357564533715459 0.396008927069339
2 0.186845905184949 0.6225512009328604 0.11218193080157139 0.43015259875057055
2 0.544826748490727 0.45902832233764906 0.10669887225871408 0.363304075657413
2 0.36000746941989953 0.40285985651516676 0.1129291731680907 0.3761071697015643
2 0.4825959584994647 0.4987600713478154 0.09947557151841947 0.3962130773289348
2 0.9541752034876061 0.7862436657887883 0.0916495930247877 0.3356145542357775
2 0.9442369179353526 0.565652807690776 0.10238316167175106 0.33603888589758907
2 0.8941520554523527 0.6788276301592187 0.07555235269849246 0.2597658909121539
2 0.983437042645383 0.5536408895066603 0.03312591470923395 0.35653080021104605
3 0.2814844044717263 0.46742891158670496 0.08621625794037012 0.34352355590729905
3 0.4349155185374263 0.8726243451226608 0.0984510422413704 0.2027055525642557