2 0.18874560375146543 0.65 0.07268464243845252 0.2604166666666667
2 0.23739742086752638 0.6166666666666667 0.08616647127784291 0.25729166666666664
2 0.39976553341148885 0.5854166666666667 0.0914419695193435 0.17604166666666668
2 0.41500586166471276 0.5416666666666666 0.04806565064478312 0.209375
2 0.5762016412661196 0.6302083333333334 0.06506447831184056 0.23229166666666667
2 0.8083235638921453 0.41041666666666665 0.056858147713950764 0.19479166666666667
2 0.686400937866354 0.36875 0.059788980070339975 0.20833333333333334
2 0.6096131301289566 0.45208333333333334 0.05509964830011723 0.19479166666666667
2 0.5193434935521688 0.4635416666666667 0.04806565064478312 0.20104166666666667
2 0.9624853458382181 0.6208333333333333 0.07502930832356389 0.26145833333333335
3 0.4730363423212192 0.821875 0.06037514654161782 0.21979166666666666
3 0.24325908558030482 0.409375 0.04630715123094959 0.2125
3 0.9126611957796014 0.38645833333333335 0.029308323563892145 0.19583333333333333