2 0.665310943560125 0.33554029275704184 0.12140589820030183 0.28287586796391295
2 0.4261213306240146 0.25860187771083454 0.05649106383803821 0.21420914177422123
2 0.7787062570938948 0.4705363993601643 0.08350928683203186 0.22337886363536513
2 0.848889358366 0.4923128495774705 0.10110792229917011 0.2260076677477052
2 0.6136464461148557 0.3496403403754618 0.0978091847323535 0.2592319069252371
2 0.15092837635246925 0.5785331904780736 0.07892908569223407 0.23990007142762976
2 0.5131933075982369 0.47564800812316693 0.054146397952926834 0.21413641233702047
2 0.5394753095041177 0.48941313528799013 0.05893121902477172 0.22886520454475548
2 0.10497548900314402 0.6153680811701577 0.06732852822590553 0.25828642424162546
2 0.43656360714384806 0.18537611093606401 0.03866052578124629 0.1761636709952145
3 0.8294696055036412 0.7730666536898105 0.08138288220777068 0.25663946753149747
3 0.04678213373551479 0.4630378327928141 0.04242306852737003 0.2137727651510159
3 0.6591704529413969 0.19930014773531124 0.044549473151630894 0.18051216125488345