2 0.64947245017585 0.440625 0.13071512309495897 0.2635416666666667
2 0.5949589683470106 0.565625 0.07444314185228605 0.253125
2 0.8686987104337632 0.5385416666666667 0.07678780773739742 0.22916666666666666
2 0.6881594372801876 0.5989583333333334 0.07678780773739742 0.278125
2 0.7919109026963658 0.27708333333333335 0.045134818288393906 0.2125
2 0.9138335287221571 0.5322916666666667 0.053341148886283704 0.275
2 0.9490035169988277 0.409375 0.08909730363423213 0.2677083333333333
2 0.5949589683470106 0.35104166666666664 0.04689331770222743 0.21666666666666667
2 0.5703399765533411 0.32395833333333335 0.03223915592028136 0.21458333333333332
3 0.8329425556858148 0.7770833333333333 0.07444314185228605 0.2375
3 0.664126611957796 0.24166666666666667 0.053341148886283704 0.19375