2 0.6881486706221868 0.6462188133033645 0.06631989122898756 0.2832500595230248
2 0.7152134062652188 0.3939847489090756 0.06356598547978172 0.22067733008582405
2 0.6665956924711657 0.39768394642049015 0.06475195975114062 0.22279702813775776
2 0.48932787422680046 0.3546928739118217 0.06821439326359506 0.21457278896022583
2 0.5856441547897242 0.564930082785125 0.05215640661669732 0.2682303495664861
2 0.5483124265650122 0.3231959588678112 0.055496068169923585 0.2412561103889542
2 0.2955655468138368 0.2986926953427469 0.05182901472542184 0.21823034956648613
2 0.2698965833695825 0.2270775205595038 0.05173352542379976 0.20364701623315284
2 0.09922870426239566 0.6550288755399701 0.0977955434035502 0.2571485735919038
2 0.0432504222562479 0.7876401866878482 0.07351758482995949 0.3084682478346276
3 0.33411176396928627 0.8154086369007606 0.06621076059856233 0.2665833928563581
3 0.9158315727245606 0.2439894805083536 0.06810526263316984 0.19790612229355914
3 0.10607008064545574 0.26781979328877364 0.05058847513885038 0.20777731818121908