2 0.500008224038986 0.9048017758858841 0.1468903140694131 0.17376658847866508
2 0.47920264816707814 0.7561828274453989 0.11695264188453966 0.27100448535963534
2 0.4301406954349651 0.5841752274560046 0.07172317205366552 0.2867257226819386
2 0.49031077416855684 0.4964199589964295 0.0640133413712347 0.2636636053469085
2 0.6186920111148085 0.653237451411037 0.1175006111927753 0.3293135769149079
2 0.5366054629328528 0.5944813465415208 0.09782169362038896 0.29767570846593827
2 0.6970000382816328 0.583868556280553 0.06870267314145731 0.2637605724591509
2 0.7218158106402549 0.49059054116279577 0.08486957687283837 0.2557666240186658
2 0.807232547058248 0.562827708253827 0.07690900373934738 0.26393026490557503
2 0.8908542696296148 0.4349800291216461 0.07277761125068305 0.24302420623806
3 0.9656876387533508 0.8908535517717681 0.06862472249329842 0.15579086579672652
3 0.8105544480512119 0.3970330158074028 0.061919417937183516 0.2323893635688479