2 0.7281549714931024 0.5685387056367783 0.12583480550952603 0.2953031385267119
2 0.8403817671746269 0.49637042208833576 0.09751948177655212 0.2486334166655683
2 0.12048135661986646 0.7996938062788108 0.08683563658802854 0.32323340476096313
2 0.5453582065169035 0.5315396331237162 0.0724654294335233 0.27283339285635827
2 0.27709572822326556 0.6720315438347851 0.07727763993594544 0.27714551839742685
2 0.498270600743054 0.4601502846382685 0.08197195669282957 0.23774400865709566
2 0.45830665918035757 0.3656442635338518 0.055381920197308525 0.2098606515145524
2 0.6780344043403912 0.42127133171836617 0.07456932284089726 0.22502582034549298
2 0.7214563978579859 0.5375250763076813 0.09443754349824435 0.22356068722836728
2 0.6690501116929324 0.3684736141857702 0.06895341559251764 0.23317733008582403
3 0.5518176904045322 0.8685305270633099 0.06062420626242843 0.2287561103889542
3 0.7096774238160719 0.3411955470866881 0.05705075305532333 0.18701671428508662