2 0.173990698719583 0.6960747765219606 0.06668735068143639 0.32074075644070393
2 0.2738022984285171 0.5731283719210114 0.05248294669993681 0.2782010705367436
2 0.622452382065153 0.7374439313773636 0.07134258028395139 0.31061509618646854
2 0.763629445193776 0.5399968753534083 0.06054604819345378 0.23496033175849812
2 0.6235629402925378 0.5396363921153586 0.05805133277042795 0.18898149521894916
2 0.7219293897172535 0.3332839025779684 0.04984500217253815 0.18847223399719462
2 0.5632453766227264 0.37446772702352715 0.051058257716343196 0.20104498560030232
2 0.5366125099707117 0.47383610681871424 0.08518550128774793 0.24273811542376222
2 0.5282834115690737 0.43582684559695956 0.09099260253219374 0.22643520677263448
2 0.534761934704067 0.44560197941405255 0.05809225537167731 0.20148149521894929
3 0.3599793911699692 0.7607309056145479 0.07124709421436942 0.28144842951980187
3 0.32754848148393034 0.3421363214655244 0.04988592477378751 0.20097223399719463
3 0.9746387533901903 0.370836873047701 0.04997459040982786 0.22805556733052795