2 0.2719812426729191 0.7354166666666667 0.06916764361078546 0.2604166666666667
2 0.5345838218053928 0.55 0.04279015240328253 0.228125
2 0.3305978898007034 0.6583333333333333 0.0914419695193435 0.22916666666666666
2 0.39449003516998826 0.4427083333333333 0.04337631887456037 0.228125
2 0.3364595545134818 0.32083333333333336 0.04630715123094959 0.21354166666666666
2 0.6336459554513482 0.48020833333333335 0.04630715123094959 0.21979166666666666
2 0.7262602579132473 0.5645833333333333 0.05744431418522861 0.26875
2 0.8429073856975381 0.646875 0.053927315357561546 0.3072916666666667
2 0.6553341148886284 0.37083333333333335 0.04689331770222743 0.23541666666666666
2 0.5392731535756154 0.490625 0.06740914419695193 0.21770833333333334
3 0.3071512309495897 0.853125 0.07444314185228605 0.29270833333333335
3 0.317116060961313 0.29583333333333334 0.043962485345838215 0.22604166666666667