2 0.8388042203985931 0.70625 0.05275498241500586 0.30520833333333336
2 0.8839390386869871 0.34791666666666665 0.05041031652989449 0.3
2 0.8305978898007034 0.375 0.0668229777256741 0.2875
2 0.5855803048065651 0.3697916666666667 0.04337631887456037 0.225
2 0.5468933177022274 0.38645833333333335 0.04572098475967175 0.22083333333333333
2 0.4525205158264947 0.35520833333333335 0.043962485345838215 0.23229166666666667
2 0.45310668229777257 0.27395833333333336 0.04865181711606096 0.21145833333333333
2 0.39449003516998826 0.5479166666666667 0.04865181711606096 0.22916666666666666
2 0.41500586166471276 0.65625 0.07327080890973037 0.2864583333333333
2 0.5896834701055099 0.6145833333333334 0.049824150058616644 0.2875
3 0.4308323563892145 0.834375 0.041617819460726846 0.271875
3 0.08558030480656506 0.5333333333333333 0.0369284876905041 0.23333333333333334
3 0.6951934349355217 0.275 0.05158264947245018 0.196875