2 0.8159437280187574 0.453125 0.0697538100820633 0.184375
2 0.5076201641266119 0.46458333333333335 0.06799531066822978 0.190625
2 0.45545134818288396 0.5989583333333334 0.08147713950762016 0.23645833333333333
2 0.8698710433763188 0.43125 0.05216881594372802 0.2125
2 0.42379835873388044 0.49895833333333334 0.04630715123094959 0.23645833333333333
2 0.34232121922626024 0.546875 0.05861664712778429 0.23020833333333332
2 0.5439624853458382 0.5520833333333334 0.053341148886283704 0.22916666666666666
2 0.6201641266119577 0.546875 0.07327080890973037 0.22083333333333333
2 0.6025791324736225 0.590625 0.07502930832356389 0.234375
2 0.5726846424384525 0.50625 0.06037514654161782 0.25833333333333336
3 0.2749120750293083 0.7125 0.06096131301289566 0.22291666666666668
3 0.09671746776084408 0.3229166666666667 0.038686987104337635 0.18229166666666666
3 0.8452520515826495 0.32083333333333336 0.04044548651817116 0.190625