2 0.3259980594359108 0.7835862353073153 0.14882654645299406 0.31003397137713
2 0.306135092080468 0.6068899519993987 0.09738720370116899 0.3141504060278706
2 0.40052282826909524 0.5348244753018061 0.13014286745653278 0.261389952886852
2 0.6067967071114779 0.4642648052145379 0.08109595949669411 0.26768670111407433
2 0.6284480425065432 0.4890959607362046 0.129925912651478 0.30300812943194455
2 0.4989052523541399 0.48373780230226926 0.08485180285873646 0.27824883814546303
2 0.649610743968198 0.4670763613186584 0.10645736407104404 0.2500034837887039
2 0.39237920089097506 0.46059944629981536 0.08047496370731856 0.24060336778074085
2 0.48479148286071383 0.43007941096495444 0.09758226877690354 0.22049738627101856
3 0.5896555439678697 0.7382950027830564 0.09150364925907031 0.26187311220824083
3 0.3954463845515635 0.3389668969076858 0.05851313041756565 0.20223054559240752