2 0.7145227030668883 0.4789635216493381 0.13143266454433108 0.26275694237552577
2 0.46722317291285714 0.31416632699599767 0.12427588800321815 0.24967474551867888
2 0.5395087839725287 0.3487752928085801 0.10780183736454914 0.2420662861860362
2 0.8243331998621566 0.5094257708920706 0.09416356815410654 0.2846518924723425
2 0.2843128371988831 0.21273381141682382 0.07143905299769299 0.23697493575899412
2 0.3185883805074998 0.4201424609897817 0.11746698497181167 0.27200921532849875
2 0.42098897398094093 0.13168633885111788 0.05969526042450636 0.23392127433091606
2 0.36920895784217905 0.09977441880488333 0.052395241849984835 0.19954883760976666
2 0.37188400085319584 0.12222005018237922 0.06072435133365346 0.21943497380705715
2 0.34357570895850553 0.3806047719908177 0.0863519708888402 0.20490302894882895
3 0.24731006592701657 0.5811242464868464 0.06072435133365346 0.21943497380705707
3 0.06018964693062055 0.1927739277645194 0.05595316697291153 0.21071350923582594
3 0.8607263747512869 0.09708160394620796 0.05019381799828192 0.19416320789241592