2 0.3610146233269359 0.6432108841986718 0.08741879652221213 0.33387562999654674
2 0.6970487716620056 0.410254502613282 0.10194278527601183 0.2913870565197149
2 0.5459191699057566 0.6783337347623059 0.10313668444171895 0.3643037231863815
2 0.8521315615359093 0.3667643170591757 0.07842790361542909 0.2852797336635587
2 0.80344817077436 0.8479968530433303 0.09924446016197253 0.30400629391333944
2 0.47316003206704355 0.641019184170151 0.08242246210937905 0.3147374987586488
2 0.16414070851785634 0.863767170663904 0.0984257864483449 0.272465658672192
2 0.5464120232043992 0.5406881855480941 0.06622701452358959 0.25514273890214717
2 0.5168245358118395 0.5194638489064949 0.06728446807035866 0.31972607223548066
2 0.4692938845312325 0.5186590201227786 0.0775284619107495 0.30184936752075087
3 0.7855069796478507 0.3132682638477266 0.05785012690202723 0.24404684256915926
3 0.014129840183580399 0.7454480741658034 0.028259680367160797 0.28832765095090096