2 0.8724469578665951 0.7083333333333334 0.10183218594190836 0.28125
2 0.8609405797079974 0.8447916666666667 0.10473465920424142 0.2625
2 0.6443651541546834 0.6208333333333333 0.07368463289031359 0.31666666666666665
2 0.5564280740511592 0.478125 0.08943761276290532 0.225
2 0.42631067985773635 0.5135416666666667 0.06839233798501516 0.2625
2 0.29978903357743014 0.36770833333333336 0.078693336855051 0.18333333333333332
2 0.3669996641159894 0.49895833333333334 0.04584488960297544 0.25416666666666665
2 0.39274638007595003 0.6791666666666667 0.0702474771112752 0.2833333333333333
2 0.4737854767792915 0.7104166666666667 0.06810765308127516 0.28958333333333336
2 0.07226777215068775 0.8354166666666667 0.10706776265909451 0.29791666666666666
3 0.46849372885558266 0.871875 0.08335954376475739 0.25416666666666665
3 0.6605377392229875 0.41354166666666664 0.051240152417418895 0.20416666666666666