2 0.25814840065542083 0.7607453086091253 0.14008636447550676 0.3409165859983439
2 0.4111273811918586 0.5832209668161762 0.10218515146401871 0.25721963830182587
2 0.5197168490268481 0.445848926351087 0.06344144617156891 0.21933178298109557
2 0.6049384070961737 0.4894238739166772 0.06825577674827418 0.25895147775074734
2 0.784896748012011 0.5808373995447069 0.10631667585701977 0.27600599973814444
2 0.7155584028552995 0.574913957963777 0.1288641242390595 0.2845696221681614
2 0.973570477856335 0.4464516680815264 0.05285904428733012 0.2360348110840808
2 0.8006555090997319 0.4716623874444585 0.08177752711197904 0.24243025682935457
2 0.7454534398720589 0.4679677249421358 0.08087831664290504 0.2507514696839151
2 0.711831874920571 0.371819259160709 0.06364628802668011 0.22558178298109557
3 0.4818244635376708 0.8620260074776571 0.09231696116472189 0.2759479850446859
3 0.27475074798728244 0.39125059367239273 0.07074856630038477 0.2277378391870658
3 0.9918157002994475 0.40812210979338415 0.016368599401104838 0.2210999838663355