2 0.6233166012625196 0.438482957465412 0.09782169362038923 0.29675448972006796
2 0.28797373507523644 0.6388850167883037 0.08160332049623137 0.22369237730812727
2 0.4284693700836196 0.6311805593355648 0.08191051732672988 0.23410904397479396
2 0.39604508630195806 0.38664948296251384 0.05704576806866181 0.2255211805872314
2 0.7086229214149667 0.4084254356089428 0.04495380244650675 0.21289997579950323
2 0.7130000713680296 0.437555740839291 0.05012966415886557 0.2691863372358216
2 0.8575731369789693 0.38917174123207443 0.055197602099009556 0.20259239344179203
2 0.5868920909674669 0.35654278468315714 0.05099978525758415 0.2192105781933673
2 0.41398045942049533 0.2989373745839894 0.04624901412126183 0.2170787629449426
2 0.8029185192015345 0.285538375631412 0.08524818304275936 0.188324192556552
3 0.4896946977773103 0.7389139289696433 0.05854025280170016 0.11723632916898954
3 0.2154236240725558 0.3062001290693164 0.050390376583248665 0.15880603200547347