2 0.8718491776701289 0.771425991992655 0.08694991076761867 0.31251603114261994
2 0.7401589449560352 0.4170534221855676 0.12048234830610619 0.23100126207419389
2 0.7383502183202593 0.6230003281414164 0.07339922810423274 0.27851589091215395
2 0.08230154261338885 0.6421484857920661 0.1032397556580345 0.3071146944662433
2 0.7952381238719252 0.4188608395339223 0.08009082426930379 0.2018568892406324
2 0.510653368251676 0.3593994211303372 0.11486631620405531 0.24319816803004268
2 0.37931300754669756 0.44001918632810477 0.08119617101757698 0.25810688924063235
2 0.3444109888946947 0.5412346938499522 0.12446456492940061 0.3144558330251878
2 0.32173472097290434 0.5494276270777624 0.07202220131940441 0.2680386054366572
2 0.5557472477716153 0.3596499119369681 0.07766428084728315 0.19756898495630526
3 0.3770856047728879 0.8332539264530477 0.0842367959664161 0.29364479352495937
3 0.9915033876110407 0.4323819652483087 0.016993224777918575 0.22615175736777454
3 0.27453433765972923 0.20358627817311914 0.05765274328692734 0.19237179853952444