2 0.7193570209350933 0.5770833333333333 0.10190508199289795 0.33125
2 0.39919759046395525 0.5427083333333333 0.06903883700008925 0.31875
2 0.15374427934975035 0.7677083333333333 0.10316608057149391 0.35833333333333334
2 0.35050485074664495 0.5302083333333333 0.07952162914767483 0.29791666666666666
2 0.5301446082993275 0.6135416666666667 0.06791424709232456 0.3333333333333333
2 0.31712444464804174 0.71875 0.07368042573552114 0.30416666666666664
2 0.2945397890133425 0.6239583333333333 0.07031347644576848 0.35
2 0.49813695630616256 0.5052083333333334 0.05935325395027335 0.225
2 0.04347979781757422 0.56875 0.07594324641813366 0.2791666666666667
2 0.14218765973266506 0.6395833333333333 0.09245821411703672 0.3104166666666667
3 0.5808682739588372 0.5302083333333333 0.06182068763913294 0.2625
3 0.6153266993703045 0.85 0.09003170302942663 0.28541666666666665