2 0.19836225605431174 0.38229166666666664 0.06899207137443268 0.22083333333333333
2 0.5436786638436792 0.32916666666666666 0.08787217734110248 0.23333333333333334
2 0.6191683929889137 0.37604166666666666 0.0796863098908423 0.23541666666666666
2 0.44964913323232497 0.6625 0.09778288271992253 0.2875
2 0.5699317406839038 0.5552083333333333 0.1128595057921081 0.2708333333333333
2 0.40742631963419 0.421875 0.0760056058821369 0.21875
2 0.39799782950699913 0.5958333333333333 0.07411112924488106 0.26458333333333334
2 0.5157123119310384 0.22708333333333333 0.07129581096428453 0.21666666666666667
2 0.4117793407508502 0.5666666666666667 0.08217421780936239 0.25
3 0.6050416708000141 0.728125 0.07958399415269336 0.225
3 0.28562217444801974 0.3145833333333333 0.07812517714332064 0.19583333333333333
3 0.9043756751558505 0.35 0.08334655075191809 0.25