2 0.604337631887456 0.33645833333333336 0.06037514654161782 0.25
2 0.12778429073856976 0.6895833333333333 0.06623681125439625 0.32083333333333336
2 0.45720984759671746 0.38645833333333335 0.06037514654161782 0.2552083333333333
2 0.21336459554513482 0.615625 0.05803048065650645 0.2864583333333333
2 0.6916764361078547 0.478125 0.03985932004689332 0.2625
2 0.39273153575615477 0.503125 0.07209847596717468 0.28229166666666666
2 0.6594372801875733 0.7072916666666667 0.06565064478311841 0.32083333333333336
2 0.5345838218053928 0.5916666666666667 0.11488862837045721 0.25
2 0.492379835873388 0.5802083333333333 0.11488862837045721 0.2833333333333333
3 0.9284876905041032 0.321875 0.04572098475967175 0.21666666666666667
3 0.2878077373974209 0.28125 0.04572098475967175 0.196875
3 0.4630715123094959 0.78125 0.06565064478311841 0.296875