2 0.9577387705716783 0.7352131460386742 0.08452245885664332 0.28347060209361385
2 0.3913730948042609 0.6175867212992656 0.10857943697448136 0.31795569279472174
2 0.057539060914220876 0.3649198681271422 0.07742349659625024 0.24762960376513543
2 0.3872072087800975 0.4322912922502595 0.09772149327703339 0.2861601235152496
2 0.6395452754963872 0.4484249150184242 0.08573214293228898 0.2584706020936138
2 0.6462416312158298 0.4136862021654428 0.06761510695557912 0.20339465329449358
2 0.7281544303513328 0.33441257614291076 0.07254999649735926 0.2286371285298145
2 0.7288122178393149 0.34167393340516233 0.07717793882469284 0.22262960376513544
2 0.7746368496194647 0.5289840614073616 0.07057366726958436 0.26601589091215394
2 0.6872878138252513 0.5324584959985479 0.08363303481873526 0.2833493644759533
3 0.6612799905574136 0.7505800140771404 0.08916728916943699 0.2503191251867712
3 0.1322878186986248 0.21306297888650985 0.0667906475227299 0.23875070115232996
3 0.8597451707482153 0.2973846268161753 0.05961340783398719 0.22380365496601512