2 0.05967868069378457 0.5765654341924159 0.06548091557117283 0.31225505804284853
2 0.22281331038457958 0.7157547783798832 0.09239683021516262 0.30018293080016084
2 0.15105965712455074 0.4246104402224903 0.06762778888357882 0.2520567571231945
2 0.18056577326114828 0.36692334539348204 0.06170474026892635 0.23276084275566275
2 0.2723824758119811 0.4400775342970628 0.0876051919418164 0.2684961993061355
2 0.33949493114987495 0.5369805495236771 0.08408819311414935 0.26816865068561646
2 0.36859562230404613 0.4240305299245823 0.04979725913774716 0.17541901402059945
2 0.49579335575804123 0.6150981298034395 0.07355765793177292 0.2734360048240594
2 0.7032792355065438 0.6396318317473944 0.0770882976265231 0.2779302201112451
2 0.7516889272318792 0.7181212543312405 0.0819276789346603 0.324200284938604
3 0.3103324652805329 0.8433943799934016 0.08309319144367436 0.31321124001319683
3 0.8838253290936608 0.6543626609340367 0.06409714918882885 0.24756254183600887