2 0.6943495524047083 0.5187588830197084 0.0904268541302647 0.2712365051204975
2 0.85541297015015 0.5155908441517661 0.09226795176907082 0.30052451213605996
2 0.42458061376093553 0.47099826593256006 0.08868129430520837 0.24611516477160175
2 0.1287158366586015 0.5875988488830584 0.10042651346008566 0.29929056124499737
2 0.29127701955418134 0.6472341608873556 0.0815258796585696 0.29109911566266455
2 0.5513816524603327 0.42460668326441053 0.08961478271338903 0.23581983845383087
2 0.3812401476845157 0.7724450484501237 0.09133446336089043 0.3108198384538307
2 0.22390070995120992 0.5619500803025035 0.08231606134612496 0.27455378934489355
2 0.33057702355142593 0.41950303100533376 0.0803316569866936 0.23901578232933113
2 0.3285060315187874 0.38169968013309424 0.07961512338356787 0.20776578232933113
3 0.18475695226336789 0.8084918803589732 0.0821727546254998 0.2683037893448936
3 0.7553765346055649 0.3684545601156025 0.05997207680137126 0.21820299639810253
3 0.1394758090501889 0.4258268909764331 0.06329800000153836 0.21023368411145663