2 0.5416178194607268 0.3229166666666667 0.08440797186400938 0.19895833333333332
2 0.20457209847596716 0.465625 0.08264947245017586 0.2552083333333333
2 0.8716295427901524 0.37083333333333335 0.06858147713950762 0.23854166666666668
2 0.17233294255568582 0.7802083333333333 0.12133645955451348 0.296875
2 0.03458382180539273 0.5802083333333333 0.06858147713950762 0.2791666666666667
2 0.9677608440797186 0.340625 0.06096131301289566 0.22916666666666666
2 0.5445486518171161 0.7208333333333333 0.07444314185228605 0.2677083333333333
2 0.6682297772567409 0.5645833333333333 0.10844079718640094 0.259375
2 0.6846424384525205 0.5083333333333333 0.10316529894490035 0.2604166666666667
2 0.7121922626025792 0.28541666666666665 0.06740914419695193 0.21979166666666666
3 0.07561547479484174 0.309375 0.07327080890973037 0.17708333333333334