2 0.3921453692848769 0.42916666666666664 0.07209847596717468 0.19479166666666667
2 0.4437280187573271 0.646875 0.05451348182883939 0.28020833333333334
2 0.2790152403282532 0.546875 0.04689331770222743 0.221875
2 0.09671746776084408 0.603125 0.050996483001172335 0.24166666666666667
2 0.764947245017585 0.6010416666666667 0.05568581477139507 0.25104166666666666
2 0.5216881594372802 0.51875 0.049824150058616644 0.21770833333333334
2 0.1623681125439625 0.42604166666666665 0.0697538100820633 0.17916666666666667
2 0.6524032825322391 0.4875 0.043962485345838215 0.23333333333333334
2 0.29601406799531066 0.39791666666666664 0.07327080890973037 0.165625
2 0.19284876905041032 0.42083333333333334 0.07678780773739742 0.171875
3 0.6172332942555686 0.6875 0.05509964830011723 0.22083333333333333
3 0.06213364595545135 0.38958333333333334 0.031652989449003514 0.178125
3 0.5832356389214537 0.3489583333333333 0.032825322391559206 0.14375