2 0.6597884246602789 0.5104059743161367 0.1312630258356354 0.36739276469630877
2 0.29788275635562034 0.7961924942206889 0.10699784107932973 0.2816326243850594
2 0.45370798678736385 0.7622700904493823 0.10946528585021986 0.294375305082851
2 0.4047139254900831 0.49338944843130045 0.0811451269002153 0.27271313670935177
2 0.7529961584034423 0.4595751952122381 0.0657410934659529 0.2544690455070397
2 0.7585508759017736 0.4914318969567171 0.07690598437784821 0.318061108647102
2 0.916605258142836 0.4097748370420875 0.07621023735843503 0.2472277753137687
2 0.6142793361868913 0.4243630305347526 0.07402927665436201 0.26365176128264367
2 0.41921891171096337 0.3906181957769354 0.066974815851398 0.2608403858559356
2 0.8501578818844845 0.3048811003139124 0.1089537071594752 0.24229197174951764
3 0.5271586659796047 0.8710168692709321 0.0741170627725384 0.15335643496487278
3 0.1993275991550817 0.4356358838667544 0.06866466101235591 0.19441639988706047