2 0.19959367990682145 0.26773724551467304 0.06290435494564828 0.2360590520416263
2 0.5767306156788877 0.33467384492254365 0.08404045007935848 0.24669388732620376
2 0.6520156902602603 0.4120231342810829 0.07466860697245449 0.24868025682935457
2 0.4347597536692659 0.6580275433328281 0.0912654198738563 0.305099943532174
2 0.5769697216661392 0.5867632384952634 0.10878220967677611 0.28444841738043325
2 0.4186259486220969 0.3852684428902081 0.07110386510999644 0.2340605620597027
2 0.3869835806367026 0.5678934227231274 0.06540589080221573 0.28399995966583874
2 0.5593396130831902 0.21505792519808287 0.06640771290623221 0.23192874681127815
2 0.40565906251509465 0.5426994950627623 0.07472317044078698 0.26534692349602124
3 0.5928545808890411 0.7834806722712166 0.07463450480474676 0.23826359016268792
3 0.3014536474551056 0.22605776386143742 0.07452537786808167 0.2049302568293546
3 0.9605950204102143 0.4869604483638303 0.07706783632589835 0.2653711644535669