2 0.7415750677271438 0.6302083333333334 0.13980166206216033 0.3729166666666667
2 0.08720114626748487 0.5895833333333333 0.11302780688302565 0.3229166666666667
2 0.30206929531469945 0.45729166666666665 0.10731500590143862 0.2708333333333333
2 0.6512886721780162 0.48020833333333335 0.1179069411528943 0.27291666666666664
2 0.9835091965267372 0.49166666666666664 0.03298160694652557 0.2833333333333333
2 0.3430078898365 0.24375 0.09814103620326606 0.28125
2 0.7208061381028401 0.259375 0.10593797911661015 0.2604166666666667
2 0.4811533745584249 0.29375 0.12401423847640028 0.28541666666666665
2 0.48515232530652036 0.19895833333333332 0.11737473716298495 0.24583333333333332
3 0.32107223015877945 0.14166666666666666 0.07011297054466646 0.22708333333333333
2 0.019453335839695482 0.6916666666666667 0.016881614250832604 0.2625