2 0.9343493552168816 0.7427083333333333 0.07971864009378664 0.34791666666666665
2 0.6289566236811255 0.39479166666666665 0.0492379835873388 0.275
2 0.6781946072684643 0.41041666666666665 0.05275498241500586 0.3885416666666667
2 0.541031652989449 0.34375 0.0492379835873388 0.209375
2 0.4835873388042204 0.2916666666666667 0.0492379835873388 0.19375
2 0.46483001172332944 0.49270833333333336 0.111957796014068 0.27395833333333336
2 0.30246189917936694 0.4270833333333333 0.0697538100820633 0.24479166666666666
2 0.30128956623681125 0.6239583333333333 0.07209847596717468 0.28125
2 0.14830011723329425 0.6822916666666666 0.06213364595545135 0.29375
2 0.1488862837045721 0.38125 0.05803048065650645 0.23125
3 0.5662368112543963 0.8354166666666667 0.05627198124267292 0.27708333333333335
3 0.7678780773739742 0.33958333333333335 0.05041031652989449 0.21875
3 0.019343493552168817 0.31979166666666664 0.038686987104337635 0.22291666666666668