2 0.28604923798358733 0.4239583333333333 0.05216881594372802 0.18333333333333332
2 0.6758499413833529 0.6614583333333334 0.05803048065650645 0.23333333333333334
2 0.47596717467760846 0.6572916666666667 0.0627198124267292 0.21666666666666667
2 0.45427901524032827 0.49270833333333336 0.05861664712778429 0.19583333333333333
2 0.388042203985932 0.4864583333333333 0.0492379835873388 0.19583333333333333
2 0.5545134818288394 0.425 0.04279015240328253 0.16354166666666667
2 0.4906213364595545 0.5385416666666667 0.043962485345838215 0.21354166666666666
2 0.5117233294255569 0.46770833333333334 0.03927315357561548 0.18854166666666666
2 0.4824150058616647 0.4270833333333333 0.035169988276670575 0.15625
2 0.4079718640093787 0.4510416666666667 0.04044548651817116 0.16666666666666666
3 0.23388042203985931 0.48020833333333335 0.035169988276670575 0.15104166666666666
3 0.7321219226260258 0.41875 0.041617819460726846 0.15833333333333333
3 0.7432590855803048 0.7208333333333333 0.041031652989449004 0.12083333333333333