2 0.7086752637749121 0.48333333333333334 0.06858147713950762 0.246875
2 0.8681125439624854 0.49270833333333336 0.06858147713950762 0.278125
2 0.44431418522860494 0.41458333333333336 0.06858147713950762 0.22395833333333334
2 0.14830011723329425 0.5052083333333334 0.07737397420867527 0.27395833333333336
2 0.30656506447831183 0.5760416666666667 0.05861664712778429 0.26979166666666665
2 0.570926143024619 0.378125 0.07209847596717468 0.2125
2 0.3909730363423212 0.7072916666666667 0.06623681125439625 0.2875
2 0.24325908558030482 0.4864583333333333 0.06096131301289566 0.25416666666666665
2 0.35345838218053927 0.35520833333333335 0.0615474794841735 0.21979166666666666
2 0.3528722157092614 0.31875 0.06389214536928488 0.18645833333333334
3 0.19577960140679954 0.728125 0.06096131301289566 0.24791666666666667
3 0.7749120750293084 0.340625 0.04279015240328253 0.20416666666666666
3 0.16471277842907386 0.3458333333333333 0.04689331770222743 0.19375