2 0.5867526377491208 0.40625 0.049824150058616644 0.215625
2 0.41852286049237986 0.6322916666666667 0.07209847596717468 0.25729166666666664
2 0.27256740914419697 0.634375 0.0779601406799531 0.275
2 0.7227432590855803 0.47604166666666664 0.0984759671746776 0.23229166666666667
2 0.36811254396248533 0.55625 0.06506447831184056 0.25104166666666666
2 0.7801875732708089 0.446875 0.07678780773739742 0.23020833333333332
2 0.8405627198124267 0.34479166666666666 0.07502930832356389 0.20729166666666668
2 0.6946072684642438 0.3541666666666667 0.05041031652989449 0.21041666666666667
2 0.6934349355216881 0.37395833333333334 0.053927315357561546 0.21770833333333334
2 0.17409144196951934 0.7447916666666666 0.05568581477139507 0.29583333333333334
3 0.9191090269636577 0.8520833333333333 0.053927315357561546 0.29583333333333334
3 0.08382180539273154 0.6145833333333334 0.03341148886283705 0.25