2 0.6338400511546608 0.4440086971010063 0.1026973091140733 0.31144690736235675
2 0.8116940497234049 0.4708449496350891 0.09681518125366498 0.30930297163515924
2 0.3241203909783611 0.5970407099868216 0.13728839572945217 0.37221506791343517
2 0.23387684687768986 0.8957188832927876 0.09350874742995308 0.20856223341442473
2 0.5073010456576802 0.6291398380087154 0.1300497665978202 0.3513090117074649
2 0.524889006559844 0.5699527054296942 0.10658264459907658 0.3489832687986751
2 0.5205109200502259 0.7209337697024967 0.12295437949959666 0.344986288834828
2 0.4048169641122203 0.5780853563554798 0.13116071009748645 0.34507113218623786
2 0.6483978307261151 0.3150056568977727 0.07524253589217722 0.26116813635058167
3 0.5418291073486703 0.9192059069695733 0.08487269073183744 0.16158818606085343
3 0.3672702839466646 0.395424015086242 0.07509929385876862 0.24658480301724844