2 0.7057444314185228 0.7072916666666667 0.07033997655334115 0.290625
2 0.47479484173505276 0.7427083333333333 0.0984759671746776 0.2947916666666667
2 0.7373974208675264 0.48020833333333335 0.06096131301289566 0.225
2 0.3821805392731536 0.603125 0.06740914419695193 0.253125
2 0.30246189917936694 0.5135416666666667 0.0627198124267292 0.228125
2 0.45603751465416176 0.4739583333333333 0.06506447831184056 0.21979166666666666
2 0.634232121922626 0.6208333333333333 0.06096131301289566 0.26666666666666666
2 0.1652989449003517 0.7395833333333334 0.07561547479484174 0.28229166666666666
2 0.41852286049237986 0.421875 0.05627198124267292 0.19270833333333334
2 0.597303634232122 0.478125 0.038100820633059786 0.203125
3 0.3851113716295428 0.8135416666666667 0.0615474794841735 0.24791666666666667
3 0.8921453692848769 0.35 0.04806565064478312 0.17708333333333334
3 0.30539273153575613 0.34479166666666666 0.04806565064478312 0.165625