2 0.5093786635404455 0.5291666666666667 0.045134818288393906 0.21354166666666666
2 0.37749120750293086 0.3854166666666667 0.03223915592028136 0.15729166666666666
2 0.24208675263774912 0.5385416666666667 0.04279015240328253 0.19270833333333334
2 0.6324736225087925 0.5135416666666667 0.044548651817116064 0.16666666666666666
2 0.4548651817116061 0.3072916666666667 0.0369284876905041 0.146875
2 0.6389214536928488 0.39479166666666665 0.04630715123094959 0.13854166666666667
2 0.7502930832356389 0.3927083333333333 0.03341148886283705 0.159375
2 0.1283704572098476 0.59375 0.04220398593200469 0.209375
2 0.735052754982415 0.6760416666666667 0.08968347010550996 0.20833333333333334
2 0.7467760844079718 0.6302083333333334 0.06623681125439625 0.15
3 0.32708089097303633 0.646875 0.04630715123094959 0.17916666666666667
3 0.19167643610785462 0.36354166666666665 0.0369284876905041 0.15104166666666666
3 0.8528722157092614 0.36041666666666666 0.03341148886283705 0.14895833333333333