2 0.19976493616429378 0.7699535435675923 0.08159833550956999 0.26555487765916674
2 0.3094859900654655 0.6426485208984718 0.06654731034130669 0.23163966286694446
2 0.4090703583232683 0.620842772292129 0.09122275651441428 0.2742761319650929
2 0.4378132651256096 0.5395434112233789 0.08598047044929423 0.2553321714787965
2 0.4735851845966235 0.4184182662134252 0.07512726212245595 0.20494425050620382
2 0.6681642258711482 0.4311779943046749 0.06895341559251764 0.233819976443426
2 0.7872456860963691 0.40336382535902654 0.07024862726727299 0.23803513323166675
2 0.553636756217297 0.36412776140129544 0.09413533165440724 0.17451858257296304
2 0.5767122863784818 0.35589053736393433 0.05371807232595524 0.1936547616512037
2 0.5304948017033511 0.33491347556023066 0.07951438204884184 0.1551867011140742
3 0.9357442666248657 0.747835080552406 0.09078769596505486 0.2992276418435187
3 0.03425920912362282 0.6082831013174074 0.06851841824724564 0.265069976443426
3 0.6994286391769079 0.2842293881751379 0.05705075305532333 0.187550232015926