2 0.9038686987104337 0.659375 0.0627198124267292 0.23229166666666667
2 0.5762016412661196 0.734375 0.06037514654161782 0.234375
2 0.16354044548651817 0.7364583333333333 0.06740914419695193 0.240625
2 0.6424384525205158 0.565625 0.03575615474794842 0.23020833333333332
2 0.48417350527549824 0.5802083333333333 0.06330597889800703 0.14895833333333333
2 0.4144196951934349 0.6135416666666667 0.07444314185228605 0.15416666666666667
2 0.3094958968347011 0.59375 0.05627198124267292 0.24270833333333333
2 0.32942555685814773 0.44895833333333335 0.038100820633059786 0.21666666666666667
2 0.369284876905041 0.5510416666666667 0.05451348182883939 0.20416666666666666
2 0.36283704572098474 0.4625 0.05275498241500586 0.221875
3 0.6776084407971864 0.834375 0.06858147713950762 0.26666666666666666
3 0.08147713950762016 0.596875 0.05041031652989449 0.21875
3 0.6869871043376319 0.33125 0.035169988276670575 0.175