2 0.10478046297406607 0.658668409448472 0.10173991256784225 0.289392856635741
2 0.15445203888960377 0.45573562804041645 0.05442231583844234 0.2062517418943519
2 0.2783508818844153 0.46934567515356446 0.07786897468955599 0.20722154432583342
2 0.35888829734729333 0.42438168021986056 0.06016116424585713 0.20024419250222228
2 0.39437648247057405 0.5259549963294902 0.06733286954918166 0.26715330977675933
2 0.5114348655691235 0.41078629774856407 0.05672604295509908 0.20426538880416675
2 0.6054001473900235 0.33820557814421204 0.04920078007831012 0.1789744480747223
2 0.6104449043634235 0.29011919605203607 0.04564284248218856 0.17674564437666665
2 0.7920020438392245 0.4991001784492118 0.052691731480149454 0.2374047616512037
2 0.8485103443915984 0.6039673390371746 0.07453062227833393 0.27577758383953704
3 0.7922644105747533 0.6645797080844896 0.07339922810423301 0.2778124270512964
3 0.061320423780422 0.4262815044330092 0.04742925695156277 0.20804413449824086
3 0.7521743741072978 0.29050189134157295 0.04228959872833979 0.1849335073452778