2 0.2198124267291911 0.36354166666666665 0.070926143024619 0.2708333333333333
2 0.5339976553341149 0.6885416666666667 0.09320046893317702 0.28229166666666666
2 0.47479484173505276 0.41458333333333336 0.05568581477139507 0.259375
2 0.4454865181711606 0.765625 0.09613130128956623 0.340625
2 0.5814771395076201 0.36770833333333336 0.05920281359906213 0.22604166666666667
2 0.6740914419695193 0.3489583333333333 0.05158264947245018 0.20416666666666666
2 0.6828839390386869 0.575 0.11723329425556858 0.2833333333333333
2 0.4091441969519343 0.284375 0.0627198124267292 0.22083333333333333
2 0.7567409144196952 0.5989583333333334 0.09202813599062133 0.275
2 0.783704572098476 0.5677083333333334 0.06623681125439625 0.25729166666666664
3 0.9490035169988277 0.5177083333333333 0.06506447831184056 0.22708333333333333
3 0.11723329425556858 0.30520833333333336 0.06623681125439625 0.22083333333333333
3 0.7139507620164126 0.8833333333333333 0.070926143024619 0.23229166666666667