2 0.2608440797186401 0.7302083333333333 0.0873388042203986 0.28229166666666666
2 0.33294255568581477 0.5677083333333334 0.05627198124267292 0.3
2 0.40093786635404455 0.40208333333333335 0.050996483001172335 0.2635416666666667
2 0.5644783118405627 0.38645833333333335 0.0615474794841735 0.246875
2 0.6910902696365768 0.6645833333333333 0.09671746776084408 0.29583333333333334
2 0.9753810082063306 0.528125 0.04865181711606096 0.27708333333333335
2 0.7309495896834701 0.36041666666666666 0.06213364595545135 0.215625
2 0.6471277842907386 0.29583333333333334 0.05275498241500586 0.20520833333333333
2 0.597303634232122 0.36875 0.0668229777256741 0.20520833333333333
2 0.5896834701055099 0.26979166666666665 0.0955451348182884 0.16145833333333334
3 0.4525205158264947 0.815625 0.06623681125439625 0.26458333333333334
3 0.16881594372801875 0.19270833333333334 0.04220398593200469 0.20625