2 0.8071512309495897 0.2947916666666667 0.047479484173505275 0.175
2 0.5474794841735052 0.459375 0.07327080890973037 0.22604166666666667
2 0.9554513481828839 0.49895833333333334 0.07971864009378664 0.24583333333333332
2 0.671746776084408 0.34375 0.03223915592028136 0.184375
2 0.40328253223915594 0.3333333333333333 0.03458382180539273 0.21145833333333333
2 0.5287221570926143 0.6947916666666667 0.11664712778429073 0.2625
2 0.4454865181711606 0.5697916666666667 0.09788980070339977 0.19791666666666666
2 0.41852286049237986 0.54375 0.0697538100820633 0.22083333333333333
2 0.4794841735052755 0.6020833333333333 0.035169988276670575 0.22604166666666667
2 0.406799531066823 0.23958333333333334 0.03751465416178194 0.19375
3 0.4425556858147714 0.759375 0.06096131301289566 0.18229166666666666
3 0.9484173505275498 0.315625 0.05509964830011723 0.17916666666666667
3 0.1846424384525205 0.29583333333333334 0.03985932004689332 0.18229166666666666