2 0.37631725503421287 0.47708333333333336 0.06655229532796808 0.18958333333333333
2 0.7580776887179915 0.5708333333333333 0.07283905061678289 0.24375
2 0.804891309837723 0.6729166666666667 0.07308480808118169 0.2520833333333333
2 0.21059321955782473 0.53125 0.08141900239793234 0.21666666666666667
2 0.6458624825359522 0.24166666666666667 0.060260555052491754 0.175
2 0.6031744591551421 0.3177083333333333 0.04341283330735286 0.2
2 0.8886267509310475 0.47708333333333336 0.056364950054903454 0.24166666666666667
2 0.2551800685379828 0.5895833333333333 0.08648195535141474 0.18958333333333333
2 0.2783759849380363 0.5583333333333333 0.0653799623854124 0.18958333333333333
3 0.582992437154473 0.7635416666666667 0.07715974619040743 0.23125
3 0.8828016006510615 0.27708333333333335 0.05797732853348021 0.17708333333333334
3 0.03849107950655335 0.4041666666666667 0.05013963413218845 0.18958333333333333