2 0.29331222903652454 0.26024194047258137 0.08653728752757597 0.2546652283539655
2 0.3757984734732316 0.2304958041079464 0.060418526565950294 0.22886520454475553
2 0.868202165004116 0.5573545957685717 0.12124438801672549 0.30988647186004525
2 0.48128017175266363 0.3254716601672544 0.0829384296435588 0.2483061341981641
2 0.6450364575599581 0.5379271168751854 0.09984224517743923 0.28631524025857047
2 0.5202677988295166 0.2589451801884357 0.07669475600114646 0.2189576439384953
2 0.5977933182725282 0.11545737120483164 0.07170527435763979 0.19589551839742678
2 0.46146937951989025 0.6739572521587818 0.13307686285074913 0.3185834523793832
2 0.5379302411311186 0.6565292922011445 0.0975521519965613 0.29040917748803635
2 0.7918104994716424 0.47995452434094177 0.08053919105421424 0.24406673809429666
3 0.6965757270080758 0.7667014096234398 0.06966075834581208 0.21873945562689248