2 0.19981168539092628 0.6227292568829011 0.09380191940228802 0.3670380342708834
2 0.2319361220181533 0.3694804676814956 0.09765913011551874 0.24029425825058676
2 0.4447081410948662 0.2655738325999158 0.07179959873527796 0.22801002636221798
2 0.028653539781341074 0.32912776679352024 0.05730707956268215 0.2667444664129595
2 0.4822492565797395 0.4377724847673626 0.05921768692963787 0.27499291041803353
2 0.49471603842506784 0.323381924818104 0.05407819130891114 0.20590335310499686
2 0.5160695746394135 0.4623940275811794 0.10364356678752548 0.25946870489188284
2 0.5182573652432886 0.4861825822579944 0.07441709119645226 0.2698464716854031
2 0.5298037680616621 0.4228761336395321 0.07331296489791228 0.2801782490238105
3 0.5148550857086759 0.7373515829170498 0.07426703657961752 0.24692980501873643
3 0.7024777438374266 0.358314069052098 0.06008991063852405 0.22924446641295948