2 0.2381119075105664 0.7188273294490872 0.13207950290908918 0.3025667506651838
2 0.3549163050843024 0.38070840993982313 0.10179391147837583 0.20590458229168457
2 0.3513147133075454 0.4021587187186878 0.09753449987002837 0.2241692208961015
2 0.04134010392405115 0.6807944876757076 0.05774483845933056 0.27408897535141513
2 0.5824275047168439 0.5351950867533686 0.10009213111196037 0.2847072279116638
2 0.5707997131050371 0.5381483499310773 0.10726943548791945 0.2916852700050387
2 0.5043131124516055 0.4948949570595792 0.07832137344970745 0.2533564349648729
2 0.5297531258026935 0.6097610938630472 0.13459335469238037 0.2591807717118712
3 0.48709830122356756 0.815263476399434 0.08164729664987425 0.24538712267822688
3 0.5955699905158003 0.34326519198680555 0.06427925731659388 0.20202169112701907
3 0.02995913574308825 0.4904831122489995 0.0420527003149109 0.20179955783133227