2 0.21512309495896834 0.603125 0.10023446658851114 0.259375
2 0.3698710433763189 0.3 0.08147713950762016 0.171875
2 0.3634232121922626 0.31979166666666664 0.07444314185228605 0.19166666666666668
2 0.019343493552168817 0.5260416666666666 0.038100820633059786 0.26145833333333335
2 0.5756154747948418 0.49583333333333335 0.06858147713950762 0.25416666666666665
2 0.5644783118405627 0.49583333333333335 0.07561547479484174 0.25833333333333336
2 0.5041031652989449 0.440625 0.049824150058616644 0.23020833333333332
2 0.515240328253224 0.5572916666666666 0.10844079718640094 0.2125
3 0.44841735052754983 0.7479166666666667 0.05451348182883939 0.21979166666666666
3 0.6113716295427901 0.3125 0.04220398593200469 0.18333333333333332
3 0.022860492379835874 0.3375 0.04572098475967175 0.1875