2 0.7151230949589683 0.596875 0.09085580304806565 0.32395833333333335
2 0.3962485345838218 0.5333333333333333 0.05920281359906213 0.31354166666666666
2 0.14361078546307152 0.734375 0.0914419695193435 0.35
2 0.3481828839390387 0.515625 0.0697538100820633 0.2916666666666667
2 0.5246189917936694 0.615625 0.056858147713950764 0.328125
2 0.3083235638921454 0.7010416666666667 0.06389214536928488 0.2989583333333333
2 0.2889800703399766 0.6041666666666666 0.05920281359906213 0.34479166666666666
2 0.49648300117233296 0.5052083333333334 0.05216881594372802 0.21979166666666666
2 0.04044548651817116 0.5260416666666666 0.06740914419695193 0.27395833333333336
2 0.1365767878077374 0.60625 0.08206330597889801 0.30416666666666664
3 0.5779601406799532 0.5375 0.053341148886283704 0.25833333333333336
3 0.6019929660023446 0.8604166666666667 0.08089097303634232 0.2791666666666667