2 0.10902696365767878 0.7489583333333333 0.07971864009378664 0.31875
2 0.9671746776084408 0.5875 0.05509964830011723 0.28958333333333336
2 0.6524032825322391 0.2833333333333333 0.050996483001172335 0.31979166666666664
2 0.5926143024618992 0.35 0.06330597889800703 0.2520833333333333
2 0.6488862837045721 0.471875 0.047479484173505275 0.25
2 0.6406799531066822 0.5916666666666667 0.05568581477139507 0.290625
2 0.6248534583821805 0.728125 0.059788980070339975 0.315625
2 0.5404454865181711 0.5677083333333334 0.053341148886283704 0.290625
2 0.4196951934349355 0.5291666666666667 0.06037514654161782 0.303125
2 0.24208675263774912 0.5885416666666666 0.04279015240328253 0.271875
3 0.35756154747948415 0.8125 0.06623681125439625 0.296875
3 0.3235638921453693 0.31979166666666664 0.044548651817116064 0.18854166666666666
3 0.9800703399765534 0.36041666666666666 0.03985932004689332 0.225