2 0.9673527693549123 0.7210506171126688 0.03308234586741039 0.3231711967208961
2 0.8555491700500446 0.6045300906990723 0.09505218496982172 0.31756358209585567
2 0.4924568039056597 0.5062283467428599 0.15279519554805848 0.2848362727011634
2 0.371348363632373 0.6105775150989152 0.09000955452224396 0.3487529797019915
2 0.1848912073107735 0.6593675507450212 0.13984493089559916 0.28261961410132913
2 0.20185150752091896 0.5935849845209745 0.1321846231411765 0.30336810408325265
2 0.29664029121284685 0.3978661012281869 0.12724796492049484 0.24916507598026752
2 0.20012839010375233 0.3686637676329979 0.07223183621779634 0.2964999596658386
2 0.5223738334518592 0.25911093716740347 0.07618242097843983 0.22364389539303609
2 0.4950295759535501 0.22919349532461789 0.05674418151411352 0.24218784725389805
3 0.6286143775554045 0.789118588093189 0.09647184436283618 0.3717302487625223
3 0.687072153224397 0.280318616327102 0.07432917565244881 0.24236965443549038