2 0.17233294255568582 0.6541666666666667 0.056858147713950764 0.3020833333333333
2 0.27139507620164127 0.5364583333333334 0.043962485345838215 0.2625
2 0.6037514654161782 0.6947916666666667 0.0615474794841735 0.2916666666666667
2 0.7444314185228605 0.5041666666666667 0.053341148886283704 0.21979166666666666
2 0.6096131301289566 0.5041666666666667 0.05216881594372802 0.17604166666666668
2 0.7092614302461899 0.30520833333333336 0.04337631887456037 0.17604166666666668
2 0.5550996483001173 0.34479166666666666 0.04572098475967175 0.1875
2 0.5269636576787807 0.440625 0.07737397420867527 0.225
2 0.5199296600234466 0.40520833333333334 0.08323563892145369 0.20729166666666668
2 0.5263774912075029 0.41354166666666664 0.05216881594372802 0.1875
3 0.3505275498241501 0.7166666666666667 0.0627198124267292 0.2635416666666667
3 0.3288393903868699 0.31354166666666666 0.043962485345838215 0.1875
3 0.9536928487690504 0.34270833333333334 0.045134818288393906 0.21458333333333332