2 0.8095764663843654 0.45425664111222835 0.06852334002981987 0.22116580106440367
2 0.8666098351904608 0.8479811038260207 0.08985613550023644 0.3040377923479587
2 0.771431653838521 0.5924198505927118 0.06671667347962136 0.35824135442310784
2 0.5701440689555569 0.44631421814735384 0.06692093152456614 0.20649757840281116
2 0.5412757909276855 0.5089450969307259 0.06117716055732573 0.249738242433256
2 0.5383416563148844 0.7279497649155033 0.062155205428259405 0.3225700197716634
2 0.4766563431385272 0.608655073863785 0.10115437434975706 0.29628959026580926
2 0.3811933973960654 0.5192751482874762 0.05723008616696077 0.23490024111514504
2 0.33363920162672567 0.6578009098085528 0.09763737552209 0.29603492228103173
2 0.19820072482208226 0.8589593689223276 0.075547367711831 0.28208126215534485
3 0.8208066613549624 0.9272247072481515 0.08049741190643704 0.14555058550369704
3 0.028279650665306445 0.7152164585042939 0.05655930133061289 0.2968449156904773