2 0.086629088318779 0.38673280716614844 0.04994730867566162 0.22176296132029022
2 0.11044326895454366 0.6300179931726699 0.050220126017324236 0.3050962946536236
2 0.28179524152013447 0.3748629724083313 0.07448445526683223 0.19931110864710203
2 0.34837609385508295 0.44190490585460407 0.05128333202321489 0.271884301669186
2 0.4132636317081396 0.31023118666533517 0.05455479524338564 0.19724832271587342
2 0.4548030161831385 0.3298819376128676 0.04998141084336936 0.2321796279869569
2 0.7359003357051528 0.3809685872112093 0.06646909680810618 0.2567950595381647
2 0.6682627069845584 0.4577373239393843 0.05711771500182694 0.26415767008033175
2 0.7721229085241048 0.5927713662209916 0.0817094250613301 0.25837248407380997
2 0.8319259202748248 0.4033103452684204 0.054773049116715836 0.26391498938254
3 0.5181798280067383 0.659666551756932 0.05942145828568909 0.2519003507781233
3 0.1726424906552335 0.24558329503008844 0.05805815320396951 0.19344567709589414
3 0.6627219934615304 0.18132136252497794 0.05802405103626144 0.18302901042922748