2 0.252463947172651 0.7240751257804414 0.0854182515299573 0.33936047563973565
2 0.3495023968276265 0.5785725341965212 0.04645843784955673 0.29489246114051587
2 0.4099666226737223 0.4711181784553027 0.060430943858602953 0.2813277997462928
2 0.4642891258993177 0.4963374913579171 0.07684360505438255 0.28251625034192146
2 0.5194228775214427 0.48713935959640187 0.0708318857247695 0.25917513703395867
2 0.5672774982370345 0.4264096751352381 0.07899729233624977 0.25351936233177313
2 0.5954475921803789 0.4191639979236842 0.0779886553393318 0.2784344730035139
2 0.6445688031383761 0.6123887568085391 0.08164206745503026 0.2995224743216248
2 0.7967943377289167 0.7179773661373816 0.08181940472947132 0.3266058076549581
2 0.8973778902036805 0.38897166256360977 0.06600614066651536 0.23800224638758868
3 0.5166954330953283 0.724724248924661 0.057199591601286945 0.14574135442310782
3 0.25491938635721756 0.3490751257804414 0.04962076212834193 0.24098046245862673
3 0.9662935798988652 0.3329639701937806 0.05418732193933623 0.22257001977166352