2 0.12192262602579132 0.528125 0.06916764361078546 0.26145833333333335
2 0.24325908558030482 0.528125 0.05568581477139507 0.22291666666666668
2 0.4771395076201641 0.5197916666666667 0.08616647127784291 0.27291666666666664
2 0.5205158264947245 0.5 0.0627198124267292 0.2635416666666667
2 0.5468933177022274 0.6927083333333334 0.06037514654161782 0.30833333333333335
2 0.6594372801875733 0.615625 0.06799531066822978 0.27708333333333335
2 0.8716295427901524 0.5697916666666667 0.06213364595545135 0.28229166666666666
2 0.9390386869871044 0.7020833333333333 0.04689331770222743 0.296875
2 0.4900351699882767 0.3572916666666667 0.04044548651817116 0.203125
2 0.42379835873388044 0.2791666666666667 0.04044548651817116 0.19895833333333332
3 0.9138335287221571 0.325 0.05041031652989449 0.20833333333333334
3 0.6834701055099648 0.7489583333333333 0.05920281359906213 0.215625
3 0.08968347010550996 0.315625 0.04279015240328253 0.22083333333333333