2 0.20105509964830012 0.46145833333333336 0.07737397420867527 0.2635416666666667
2 0.7620164126611958 0.55625 0.11781946072684643 0.290625
2 0.48534583821805394 0.48854166666666665 0.08147713950762016 0.234375
2 0.3669402110199297 0.634375 0.05861664712778429 0.275
2 0.6799531066822978 0.5854166666666667 0.08616647127784291 0.2875
2 0.4466588511137163 0.603125 0.06506447831184056 0.2947916666666667
2 0.6248534583821805 0.28854166666666664 0.04279015240328253 0.20520833333333333
2 0.324736225087925 0.36666666666666664 0.09378663540445487 0.171875
2 0.37631887456037516 0.40625 0.053927315357561546 0.21770833333333334
2 0.6729191090269636 0.36875 0.05803048065650645 0.21041666666666667
3 0.5310668229777257 0.8677083333333333 0.07033997655334115 0.26458333333333334
3 0.31535756154747946 0.3020833333333333 0.04220398593200469 0.18020833333333333