2 0.31477139507620167 0.42604166666666665 0.05627198124267292 0.234375
2 0.5029308323563892 0.503125 0.08206330597889801 0.24166666666666667
2 0.4454865181711606 0.3385416666666667 0.056858147713950764 0.20729166666666668
2 0.6600234466588512 0.5989583333333334 0.08206330597889801 0.2864583333333333
2 0.6137162954279015 0.3697916666666667 0.04279015240328253 0.21770833333333334
2 0.5087924970691676 0.3489583333333333 0.06623681125439625 0.21979166666666666
2 0.7092614302461899 0.49583333333333335 0.047479484173505275 0.25833333333333336
2 0.5896834701055099 0.328125 0.043962485345838215 0.190625
2 0.6805392731535757 0.4666666666666667 0.04220398593200469 0.22291666666666668
3 0.7174677608440797 0.31979166666666664 0.041031652989449004 0.1625
3 0.019343493552168817 0.33645833333333336 0.038100820633059786 0.16979166666666667
3 0.6271981242672919 0.6604166666666667 0.04220398593200469 0.24583333333333332