2 0.2052717522385268 0.5090015186948837 0.0822141819302476 0.20626603114261996
2 0.7047878957332726 0.46755290613320083 0.06362055079499433 0.23029613020133605
2 0.4171438542814894 0.45743482370102506 0.08126011024854222 0.23953874566712302
2 0.8479075933594309 0.5351271020514962 0.06979596607024521 0.27851589091215395
2 0.4615484508116575 0.6561123568233124 0.08263706312314514 0.2708493644759533
2 0.30240486986060944 0.5300118242286403 0.07996500534675823 0.2207281268582927
2 0.49745424950918304 0.7208998404162414 0.06442456785986507 0.17410674901016635
2 0.4573309768869158 0.31582076027187866 0.05631372656359741 0.188265750681688
2 0.44594186001703606 0.2653852816935144 0.050411137864409455 0.1817126566375368
2 0.30802822198659024 0.47661403958890425 0.07043628718947813 0.19732650972098423
3 0.6046131724553456 0.8215729100038592 0.08374118942168526 0.2604933166181169
3 0.7210721963071948 0.21783683768948944 0.0574860595061531 0.18832636949051823
3 0.2050679536409946 0.36114547083704723 0.057295080902908954 0.1591597028238515