2 0.561258136908505 0.6298742324482748 0.07583496805746458 0.30743136101366225
2 0.05864064444733066 0.7079159762740038 0.07244074118902583 0.32592669302888455
2 0.3386448811138121 0.5366706494816502 0.10015385061746473 0.26338070357377175
2 0.5066086524588916 0.5651140308764566 0.09307892897572109 0.2566213676042167
2 0.23344061418009868 0.7660583550325885 0.08504993565227228 0.2831104756397356
2 0.2828017803939233 0.6542021145764988 0.07899729233624977 0.25351936233177313
2 0.373672046105307 0.46645808096467084 0.0601444759537368 0.2375777997462927
2 0.2625728324713224 0.5223967891518309 0.066169836612153 0.2630022463875887
2 0.8334725141728501 0.3061405756178652 0.056559270482054044 0.22690646509484852
2 0.8454072841948557 0.2730000156686066 0.0510522803181572 0.28064868512021923
3 0.3913781695338407 0.804598295717598 0.08156021948221147 0.2870224743216248
3 0.30976708074173404 0.2940861053497225 0.04471316909726874 0.2073075718122567
3 0.7982074472618149 0.2337297001297704 0.06458826380550278 0.2004173570593295