2 0.6617819460726846 0.6708333333333333 0.05158264947245018 0.24270833333333333
2 0.6910902696365768 0.4510416666666667 0.05041031652989449 0.18854166666666666
2 0.6483001172332943 0.453125 0.05216881594372802 0.18958333333333333
2 0.4935521688159437 0.41041666666666665 0.05568581477139507 0.18333333333333332
2 0.5732708089097304 0.596875 0.03985932004689332 0.23125
2 0.5457209847596718 0.384375 0.04337631887456037 0.20833333333333334
2 0.32532239155920284 0.35625 0.04044548651817116 0.1875
2 0.3048065650644783 0.29270833333333335 0.041031652989449004 0.17395833333333333
2 0.1447831184056272 0.6625 0.07913247362250879 0.21666666666666667
2 0.08909730363423213 0.7770833333333333 0.06623681125439625 0.265625
3 0.347010550996483 0.809375 0.05275498241500586 0.228125
3 0.8698710433763188 0.325 0.05509964830011723 0.16770833333333332
3 0.15943728018757328 0.325 0.04044548651817116 0.178125