2 0.768464243845252 0.42916666666666664 0.0492379835873388 0.203125
2 0.1899179366940211 0.6739583333333333 0.07033997655334115 0.2677083333333333
2 0.5035169988276671 0.3697916666666667 0.04630715123094959 0.159375
2 0.4642438452520516 0.590625 0.07737397420867527 0.22916666666666666
2 0.30773739742086753 0.5833333333333334 0.05158264947245018 0.253125
2 0.6055099648300117 0.28020833333333334 0.04865181711606096 0.18020833333333333
2 0.932590855803048 0.36770833333333336 0.03751465416178194 0.203125
2 0.5345838218053928 0.6177083333333333 0.08206330597889801 0.2125
2 0.5662368112543963 0.546875 0.06506447831184056 0.19895833333333332
2 0.5252051582649473 0.565625 0.0668229777256741 0.25104166666666666
3 0.3810082063305979 0.7791666666666667 0.05451348182883939 0.23125
3 0.3276670574443142 0.3416666666666667 0.038686987104337635 0.19375
3 0.8991793669402111 0.31979166666666664 0.038686987104337635 0.171875