2 0.3376318874560375 0.45416666666666666 0.06389214536928488 0.278125
2 0.43024618991793667 0.36770833333333336 0.053341148886283704 0.25729166666666664
2 0.5832356389214537 0.6802083333333333 0.09613130128956623 0.31666666666666665
2 0.46072684642438455 0.8447916666666667 0.09613130128956623 0.30416666666666664
2 0.5216881594372802 0.49895833333333334 0.06330597889800703 0.2677083333333333
2 0.5568581477139508 0.534375 0.07678780773739742 0.28229166666666666
2 0.32004689331770225 0.26145833333333335 0.06623681125439625 0.22916666666666666
2 0.764947245017585 0.5447916666666667 0.06389214536928488 0.22083333333333333
2 0.5621336459554513 0.39166666666666666 0.04865181711606096 0.384375
2 0.5638921453692849 0.29375 0.05158264947245018 0.33645833333333336
3 0.14126611957796015 0.26145833333333335 0.05158264947245018 0.228125
3 0.026963657678780773 0.9114583333333334 0.053341148886283704 0.17604166666666668
3 0.936694021101993 0.6520833333333333 0.06037514654161782 0.29791666666666666
3 0.45955451348182885 0.85 0.08499413833528723 0.2989583333333333