2 0.6553341148886284 0.6822916666666666 0.10375146541617819 0.20520833333333333
2 0.32942555685814773 0.478125 0.1201641266119578 0.22395833333333334
2 0.8007033997655334 0.5010416666666667 0.11254396248534584 0.18020833333333333
2 0.2116060961313013 0.41041666666666665 0.07737397420867527 0.21770833333333334
2 0.3141852286049238 0.32395833333333335 0.08440797186400938 0.19895833333333332
2 0.4413833528722157 0.609375 0.10140679953106682 0.21666666666666667
2 0.5275498241500586 0.23020833333333332 0.07268464243845252 0.15729166666666666
2 0.23446658851113716 0.2760416666666667 0.06096131301289566 0.17604166666666668
2 0.4683470105509965 0.5802083333333333 0.09495896834701055 0.18854166666666666
2 0.2403282532239156 0.19791666666666666 0.08264947245017586 0.12291666666666666
3 0.369284876905041 0.18541666666666667 0.05041031652989449 0.153125
3 0.9806565064478312 0.8135416666666667 0.038686987104337635 0.16875