2 0.7719812426729191 0.4552083333333333 0.045134818288393906 0.15
2 0.4003516998827667 0.475 0.05216881594372802 0.16666666666666666
2 0.2637749120750293 0.39895833333333336 0.047479484173505275 0.11979166666666667
2 0.5803048065650644 0.46041666666666664 0.038100820633059786 0.159375
2 0.5463071512309496 0.4947916666666667 0.038100820633059786 0.171875
2 0.5017584994138335 0.4947916666666667 0.03985932004689332 0.17083333333333334
2 0.3511137162954279 0.4895833333333333 0.0369284876905041 0.140625
2 0.3604923798358734 0.4739583333333333 0.05216881594372802 0.17083333333333334
2 0.47362250879249707 0.45729166666666665 0.04630715123094959 0.159375
2 0.3311840562719812 0.36770833333333336 0.026963657678780773 0.13125
3 0.6524032825322391 0.48854166666666665 0.03634232121922626 0.12291666666666666
3 0.32415005861664714 0.675 0.041617819460726846 0.18020833333333333
3 0.07268464243845252 0.4041666666666667 0.043962485345838215 0.12708333333333333