2 0.7045720984759671 0.61875 0.10316529894490035 0.3177083333333333
2 0.12133645955451348 0.6729166666666667 0.08206330597889801 0.2760416666666667
2 0.3094958968347011 0.525 0.07971864009378664 0.23020833333333332
2 0.6207502930832356 0.496875 0.08968347010550996 0.23020833333333332
2 0.9431418522860492 0.46041666666666664 0.06506447831184056 0.24895833333333334
2 0.3399765533411489 0.32916666666666666 0.070926143024619 0.24166666666666667
2 0.6764361078546307 0.290625 0.07971864009378664 0.22083333333333333
2 0.4642438452520516 0.35520833333333335 0.09437280187573271 0.240625
2 0.4654161781946073 0.26979166666666665 0.09026963657678781 0.20625
3 0.31770222743259086 0.240625 0.04865181711606096 0.196875
2 0.031652989449003514 0.7760416666666666 0.06330597889800703 0.23229166666666667