2 0.30966411148880646 0.2987526250371541 0.09083488456281961 0.23625006175830343
2 0.7743219713457646 0.4463978345806968 0.07695796487965151 0.24341900137794306
2 0.5810930457644711 0.529971032263107 0.08396608335743096 0.2939041654253155
2 0.20904253295298633 0.5025426487473945 0.10535468976468362 0.3081507559958561
2 0.47134156960719803 0.36646654811546464 0.0582484067056357 0.24394980975968478
2 0.8960336267388526 0.5475706901097356 0.08322367057675097 0.312557132615841
2 0.4796165875972089 0.5924340041398415 0.07219498502499908 0.29085050399723733
2 0.12168281024734177 0.2810415740292115 0.07990173682481812 0.21871009980636652
2 0.5667543425695215 0.3388152238813653 0.06382345797716381 0.23193497380705708
2 0.5924998931229887 0.38970846926345243 0.0664547373035255 0.24462903942600606
3 0.43517140025434314 0.18335584670900074 0.0629636176534131 0.19443497380705713
3 0.23845437322709725 0.6997286972726348 0.09906310489002979 0.28891559194848354