2 0.7958065708980412 0.8501007016461802 0.08905742374094047 0.2997985967076396
2 0.8833487601962162 0.522232002784946 0.08541754618107403 0.3180178063368473
2 0.827294309228223 0.5306997596926345 0.10041211696989914 0.3107880342708834
2 0.5867717679326854 0.4402110020763158 0.07024862726727271 0.24000069039266284
2 0.5467588494705429 0.44253309824883674 0.07247041442018469 0.2360038023825145
2 0.457006462518941 0.37862006397795334 0.0716667176742272 0.24841891305425534
2 0.46699204224039126 0.2989635112783047 0.07339698989834158 0.22775535837744046
2 0.37681624744300257 0.5481871469693653 0.07629461007835024 0.24667513703395894
2 0.3846049649448481 0.6625352622544942 0.10627378168267756 0.3112124809121793
2 0.5619983679606856 0.682687662152428 0.08387657704192014 0.3054329170085879
3 0.3792290204111247 0.844826928921161 0.07394495920657748 0.2860038023825145
3 0.07378643900875403 0.426031032293717 0.06463272001889311 0.24790957708470032
3 0.7058789628542947 0.385158268235568 0.07537301958685474 0.2154251370339588