2 0.46365767878077374 0.453125 0.05861664712778429 0.2
2 0.32825322391559203 0.403125 0.0873388042203986 0.18333333333333332
2 0.6705744431418523 0.5416666666666666 0.08440797186400938 0.221875
2 0.223915592028136 0.5635416666666667 0.05568581477139507 0.23645833333333333
2 0.14830011723329425 0.6114583333333333 0.0627198124267292 0.26145833333333335
2 0.5263774912075029 0.69375 0.09378663540445487 0.22395833333333334
2 0.38452520515826494 0.31145833333333334 0.03985932004689332 0.18020833333333333
2 0.6072684642438453 0.7197916666666667 0.11957796014067995 0.153125
2 0.5762016412661196 0.640625 0.1025791324736225 0.25104166666666666
2 0.731535756154748 0.6375 0.06506447831184056 0.23645833333333333
3 0.08440797186400938 0.3458333333333333 0.04689331770222743 0.18645833333333334
3 0.7286049237983587 0.37916666666666665 0.04337631887456037 0.18020833333333333
3 0.7708089097303634 0.6864583333333333 0.05627198124267292 0.18541666666666667