2 0.8851113716295428 0.7291666666666666 0.06447831184056271 0.30104166666666665
2 0.4015240328253224 0.8166666666666667 0.07444314185228605 0.321875
2 0.08792497069167643 0.6989583333333333 0.06740914419695193 0.24791666666666667
2 0.3264947245017585 0.5270833333333333 0.06389214536928488 0.2125
2 0.37631887456037516 0.415625 0.05275498241500586 0.21979166666666666
2 0.4308323563892145 0.4114583333333333 0.053341148886283704 0.20104166666666667
2 0.48651817116060964 0.37083333333333335 0.04572098475967175 0.21770833333333334
2 0.4912075029308324 0.28958333333333336 0.06447831184056271 0.16458333333333333
2 0.5216881594372802 0.44166666666666665 0.07620164126611957 0.23229166666666667
2 0.5803048065650644 0.5666666666666667 0.09202813599062133 0.23020833333333332
3 0.18640093786635403 0.3072916666666667 0.044548651817116064 0.19583333333333333
3 0.701641266119578 0.33645833333333336 0.044548651817116064 0.2
3 0.5744431418522861 0.8197916666666667 0.06623681125439625 0.26875