2 0.730774730278796 0.798832678580059 0.10876688160313493 0.3510076677477052
2 0.4650229096525463 0.7987359540097284 0.1418652154164276 0.3624425465351846
2 0.7763093686743981 0.5440894486023389 0.09150626882908222 0.2734515930725659
2 0.3629688766822601 0.620504225653566 0.10175856891907538 0.307075844154703
2 0.2748897092813834 0.5054323344187656 0.09396013928288724 0.2776909891764336
2 0.452729401701594 0.48636323052483005 0.09603179374626508 0.2673470519469678
2 0.6527422963161628 0.6865766872371548 0.0962245179123774 0.31939402056170063
2 0.10912188333294086 0.738884765693732 0.1143555348941797 0.34077282467404096
2 0.4122678403559882 0.4198549329053117 0.08348943005550741 0.23573340476096333
2 0.6148261189947216 0.5157380817172676 0.06372357688510105 0.24136520454475546
3 0.35935075414039314 0.8405868100690362 0.09106945055430873 0.2567849264058992
3 0.9584802456747804 0.4216771563968006 0.0723924107290393 0.21457278896022583
3 0.2850793262325361 0.3122512597436264 0.07206479702295884 0.20207278896022582