2 0.21629542790152403 0.4979166666666667 0.05627198124267292 0.22083333333333333
2 0.6512309495896834 0.6833333333333333 0.07268464243845252 0.2635416666666667
2 0.5005861664712778 0.43645833333333334 0.070926143024619 0.190625
2 0.3821805392731536 0.37395833333333334 0.049824150058616644 0.184375
2 0.06858147713950762 0.428125 0.049824150058616644 0.19895833333333332
2 0.5650644783118406 0.453125 0.043962485345838215 0.2125
2 0.6260257913247362 0.5041666666666667 0.04689331770222743 0.20625
2 0.5937866354044549 0.465625 0.06213364595545135 0.18854166666666666
2 0.638335287221571 0.44583333333333336 0.053927315357561546 0.23958333333333334
3 0.5199296600234466 0.715625 0.05861664712778429 0.23958333333333334
3 0.6248534583821805 0.3645833333333333 0.03634232121922626 0.16979166666666667