2 0.20115936882274507 0.4904362008150072 0.09796855866967472 0.3021570812599878
2 0.19779018890223576 0.17277802955007054 0.06484130754330988 0.2429591436753168
2 0.40892085242029896 0.48355624076763254 0.11018330865435219 0.32199890999505126
2 0.3500007472683627 0.21055840645407392 0.07599292915412498 0.2668584562035405
2 0.3175624024983743 0.44426502110796645 0.12084350970604667 0.32714822252327486
2 0.5583644721646293 0.13607929594687232 0.052109452028237496 0.24800813206674707
2 0.5694598753201989 0.1589458005451423 0.06342488049209276 0.2781574445949708
2 0.28258028987511985 0.5296138082328106 0.14344221697888754 0.2523577295335747
2 0.6714769101229194 0.23777019146974507 0.06996745758830639 0.2600625418360088
2 0.6925130744898365 0.17138534072355718 0.059824362067006816 0.23002241218129146
3 0.24942905682993136 0.12120816598929814 0.060669081303482246 0.2176315950547978