2 0.23563892145369286 0.49375 0.06916764361078546 0.29375
2 0.3288393903868699 0.50625 0.05920281359906213 0.27708333333333335
2 0.37280187573270807 0.64375 0.049824150058616644 0.278125
2 0.39155920281359907 0.8541666666666666 0.053927315357561546 0.2916666666666667
2 0.4449003516998828 0.6635416666666667 0.08616647127784291 0.29375
2 0.5257913247362251 0.5572916666666666 0.06858147713950762 0.28020833333333334
2 0.5767878077373975 0.6395833333333333 0.05803048065650645 0.2875
2 0.582063305978898 0.8208333333333333 0.07561547479484174 0.2916666666666667
2 0.8440797186400938 0.475 0.07268464243845252 0.28020833333333334
2 0.9712778429073857 0.6333333333333333 0.05744431418522861 0.29791666666666666
3 0.6951934349355217 0.3625 0.059788980070339975 0.23645833333333333
3 0.017584994138335287 0.6239583333333333 0.032825322391559206 0.2760416666666667
3 0.7180539273153576 0.8625 0.06506447831184056 0.275