2 0.17863372794318677 0.5009161514836039 0.09548375151314496 0.3314515889476983
2 0.27949529977143034 0.4915323359199804 0.08339197317149698 0.3118526956651065
2 0.33065924825830845 0.6282524268200578 0.07401330963105149 0.31117358103903286
2 0.35656220836915786 0.8292127489494484 0.07950652542773873 0.29284802768032897
2 0.4084556338644433 0.6309406198241551 0.11432295613094501 0.33697648486651205
2 0.49184387177651434 0.4979999228409377 0.0940657859598618 0.3188666996194391
2 0.5494910121743029 0.5728796784305153 0.0836376057822244 0.32435269566510644
2 0.5609035655770245 0.7665677838298125 0.10251774916847901 0.33196092491725343
2 0.8310872625449068 0.33197001896388384 0.0987551177300848 0.3192062569324759
2 0.9612403989647027 0.4702517468731326 0.06269936789004034 0.3311580210897745
3 0.6676715009934655 0.24810608091509614 0.08135992609139553 0.2680178063368473
3 0.7077243091043538 0.7715391731332844 0.08904894404200249 0.30186047563973567