2 0.4935521688159437 0.38229166666666664 0.04865181711606096 0.159375
2 0.7145369284876905 0.534375 0.0492379835873388 0.23333333333333334
2 0.8329425556858148 0.5916666666666667 0.06799531066822978 0.228125
2 0.3048065650644783 0.6322916666666667 0.08206330597889801 0.2791666666666667
2 0.3528722157092614 0.5989583333333334 0.08440797186400938 0.25104166666666666
2 0.388042203985932 0.46145833333333336 0.07444314185228605 0.21145833333333333
2 0.3159437280187573 0.4427083333333333 0.11019929660023446 0.16458333333333333
2 0.31652989449003516 0.44166666666666665 0.04689331770222743 0.18541666666666667
2 0.40211019929660025 0.4395833333333333 0.08206330597889801 0.1375
2 0.42672919109026963 0.32083333333333336 0.03927315357561548 0.15625
3 0.07620164126611957 0.4041666666666667 0.05803048065650645 0.175
3 0.7778429073856975 0.43020833333333336 0.05041031652989449 0.19270833333333334
3 0.5697538100820633 0.69375 0.0615474794841735 0.2760416666666667