2 0.7619438732728515 0.42038566829920876 0.08911593023628472 0.242201593072566
2 0.24787029992058274 0.49574296212410796 0.09219749395357849 0.2797743225097669
2 0.9229144896477581 0.4039271861583131 0.12434174862403684 0.3057561699119791
2 0.4950576147952748 0.27023439665097737 0.07311265672505095 0.2625258203454929
2 0.6305216101834255 0.17952139124139105 0.08718065203571919 0.2629621969686984
2 0.44001192897652613 0.24484202273256514 0.07165375240331322 0.24790612229355916
2 0.12302057679782812 0.6788915654775243 0.06839727752900049 0.32067733008582405
2 0.5767301348441415 0.158259319271045 0.10211951756713426 0.18847130302910475
2 0.5706098138077218 0.17512599189001415 0.09162435119521438 0.25060765584310024
2 0.6493328997456849 0.15183804005115023 0.060965048272321486 0.18094853787808887
3 0.4031337182030413 0.6962602467579829 0.08835298497827487 0.26299856168729885
3 0.16398148348603048 0.22630439827033835 0.06166100733604924 0.21636520454475552