2 0.618227913612649 0.4625596147608197 0.09073124158561655 0.2584706020936139
2 0.7985247315582376 0.6819781745387772 0.08807439388334529 0.2874554123337897
2 0.5332188203173773 0.5767328946941366 0.089062408727602 0.28126603114261994
2 0.3140174849927714 0.3677836048203659 0.08666128846305232 0.23953874566712302
2 0.4799922629202197 0.3992475235320966 0.08919027244646278 0.24590998328478358
2 0.8671593608207717 0.5087138261617492 0.06919917305691643 0.24279613020133617
2 0.717146418816678 0.38342814172463563 0.07068368781663227 0.21375070115232997
2 0.21705756202394036 0.5728658163099714 0.12121189809206451 0.26004669112319995
2 0.5351226309033867 0.40313827421378456 0.08345647145254514 0.210250841382796
2 0.26981503693227693 0.5558323054450807 0.10288963156053288 0.23413740899074634
3 0.6351545221772026 0.3022227293908459 0.05427601160751393 0.17337932330420347
3 0.38029411293637194 0.7893220700265571 0.09152995334491278 0.28555393542694724