2 0.6834701055099648 0.559375 0.11547479484173505 0.228125
2 0.45720984759671746 0.38229166666666664 0.10961313012895663 0.215625
2 0.5240328253223916 0.421875 0.09437280187573271 0.209375
2 0.7842907385697538 0.5989583333333334 0.08147713950762016 0.25104166666666666
2 0.2895662368112544 0.271875 0.0615474794841735 0.209375
2 0.3212192262602579 0.46458333333333335 0.10316529894490035 0.2375
2 0.41500586166471276 0.21145833333333333 0.050996483001172335 0.20833333333333334
2 0.3675263774912075 0.17291666666666666 0.043962485345838215 0.18333333333333332
2 0.3704572098475967 0.196875 0.05158264947245018 0.19479166666666667
2 0.3440797186400938 0.43020833333333336 0.07561547479484174 0.178125
3 0.2555685814771395 0.6041666666666666 0.050996483001172335 0.19375
3 0.08499413833528723 0.23020833333333332 0.04806565064478312 0.1875
3 0.8177022274325909 0.21354166666666666 0.04220398593200469 0.196875