2 0.30363423212192264 0.46979166666666666 0.0627198124267292 0.221875
2 0.4630715123094959 0.6135416666666667 0.070926143024619 0.24270833333333333
2 0.5732708089097304 0.421875 0.05861664712778429 0.240625
2 0.6711606096131302 0.5322916666666667 0.07502930832356389 0.25833333333333336
2 0.47245017584994137 0.440625 0.056858147713950764 0.24583333333333332
2 0.4361078546307151 0.33645833333333336 0.05451348182883939 0.20833333333333334
2 0.7602579132473622 0.6822916666666666 0.0627198124267292 0.2864583333333333
2 0.8012895662368112 0.6822916666666666 0.05275498241500586 0.23229166666666667
2 0.7667057444314185 0.4666666666666667 0.06037514654161782 0.246875
2 0.716295427901524 0.6447916666666667 0.07033997655334115 0.240625
3 0.3552168815943728 0.8760416666666667 0.07678780773739742 0.23854166666666668
3 0.1395076201641266 0.4010416666666667 0.05861664712778429 0.23020833333333332
3 0.9407971864009379 0.3854166666666667 0.05451348182883939 0.23958333333333334
3 0.7626025791324736 0.5864583333333333 0.045134818288393906 0.19791666666666666