2 0.3821805392731536 0.5760416666666667 0.06506447831184056 0.2989583333333333
2 0.7022274325908558 0.37083333333333335 0.08206330597889801 0.2552083333333333
2 0.5550996483001173 0.615625 0.07913247362250879 0.32395833333333335
2 0.8481828839390387 0.33645833333333336 0.05920281359906213 0.25416666666666665
2 0.7919109026963658 0.8197916666666667 0.07678780773739742 0.3385416666666667
2 0.48710433763188743 0.5791666666666667 0.0615474794841735 0.28020833333333334
2 0.19226260257913247 0.8166666666666667 0.07678780773739742 0.321875
2 0.5580304806565064 0.4875 0.0492379835873388 0.228125
2 0.5310668229777257 0.4666666666666667 0.047479484173505275 0.28958333333333336
2 0.48651817116060964 0.4635416666666667 0.05803048065650645 0.26979166666666665
3 0.787221570926143 0.284375 0.04220398593200469 0.21979166666666666
3 0.032825322391559206 0.6583333333333333 0.05920281359906213 0.26666666666666666
3 0.9835873388042204 0.8729166666666667 0.03223915592028136 0.25416666666666665