2 0.6873054269372051 0.6272905801572846 0.08624870729363839 0.20505146161708274
2 0.47701450203953555 0.4940434791909533 0.06987696869910828 0.2173817749142632
2 0.32027956968470905 0.4258698964404586 0.05343020533562081 0.206795421544777
2 0.45298206753044074 0.6734646759118493 0.09330316624959725 0.21137418448971962
2 0.9518915797903839 0.6933074121940128 0.0769450685221504 0.22787116445356664
2 0.5035697153324159 0.7271101619912845 0.09690883071330479 0.23849387925937152
2 0.13400179043539995 0.6444697794713907 0.07943296351163447 0.2716454054111125
2 0.6486555614040491 0.459976162384068 0.0675050210798304 0.20902420062338437
2 0.38507464087165777 0.34290554320190025 0.06398120181862198 0.20690450585373246
2 0.017497891755482085 0.6894257671092866 0.031299108531435686 0.2503151324480934
3 0.5816450217559821 0.4033753630074523 0.05806497363751107 0.19017723679320173
3 0.4501061894556808 0.8693343706815012 0.07113796727770431 0.24447722872636934
3 0.006387619722072545 0.5187015180849087 0.010087988628768295 0.21676363049684919