2 0.31008206330597887 0.3489583333333333 0.07678780773739742 0.21979166666666666
2 0.7825322391559203 0.47604166666666664 0.0615474794841735 0.22916666666666666
2 0.5955451348182884 0.5677083333333334 0.06565064478311841 0.2791666666666667
2 0.22332942555685814 0.5552083333333333 0.08675263774912075 0.2875
2 0.47596717467760846 0.409375 0.043962485345838215 0.23333333333333334
2 0.9103165298944901 0.571875 0.06506447831184056 0.29583333333333334
2 0.49824150058616645 0.6322916666666667 0.053927315357561546 0.2791666666666667
2 0.12250879249706917 0.33958333333333335 0.06623681125439625 0.20416666666666666
2 0.5685814771395076 0.378125 0.049824150058616644 0.21979166666666666
2 0.5978898007033998 0.4270833333333333 0.05158264947245018 0.23125
3 0.42790152403282533 0.23020833333333332 0.050996483001172335 0.18229166666666666
3 0.26436107854630714 0.75 0.08147713950762016 0.26875