2 0.5254786562361385 0.6236148552407819 0.08339197317149698 0.30784995735199916
2 0.6191071146083755 0.6932867725970233 0.09447517364440762 0.33515146668787776
2 0.5044901911220119 0.4085103236791458 0.07512981246252577 0.24520450668363564
2 0.9351308773818675 0.4570146313387774 0.08063791960183991 0.2869681404625446
2 0.1909339105389951 0.6385809484935129 0.08804036617326515 0.3058635911309082
2 0.7523027684542618 0.3907086721832643 0.08228662642322365 0.25159995735199914
2 0.13934939343683195 0.727134006259271 0.08945833172654825 0.3183878329089687
2 0.7961573288373633 0.3374268304158093 0.07225294258750505 0.2180726897941811
2 0.7672658386293303 0.2857669984085975 0.10443813602641791 0.24581055113515038
2 0.7722622111629623 0.27023896552083987 0.05732523313929065 0.17403178845745396
3 0.39915698023119395 0.7554323476553895 0.08156461993366818 0.27449238224060507
3 0.2308137248176541 0.31010517250157316 0.061742884872958384 0.219937847124969