2 0.296562579134328 0.47501986303842764 0.08116559004784506 0.2682908657967264
2 0.6751544985631103 0.47448143539152277 0.10352176854692213 0.277084792913211
2 0.5908970335424956 0.40123896430091566 0.07133673725954405 0.22226359823890837
2 0.1833829277901293 0.7210607110651537 0.08967886786018187 0.2997105582431506
2 0.5808417548479378 0.6493132025249762 0.0660685038280296 0.28255905601527215
2 0.5281115336267194 0.5285533243157635 0.0845598099897333 0.25586359113090823
2 0.6888967189932012 0.7460170504986744 0.07882092416273369 0.2682423822406051
2 0.7406427694475194 0.3106602584872204 0.07863675583406544 0.2494923822406052
2 0.13248446248094825 0.8314659866327287 0.08396044518081199 0.3141726826861808
2 0.29345187649542825 0.374063042594973 0.06701574214665766 0.25966663112666594
3 0.06415120567765638 0.44962352265012195 0.07857536639117613 0.2432423822406052
3 0.16129143892791034 0.8819016088478807 0.07493558867773029 0.23066965690642338
3 0.7973342452166031 0.26678831980697854 0.047992394146579534 0.23219542934436319