2 0.3903868698710434 0.39895833333333336 0.04865181711606096 0.22395833333333334
2 0.111957796014068 0.546875 0.0492379835873388 0.23645833333333333
2 0.24208675263774912 0.490625 0.050996483001172335 0.228125
2 0.7919109026963658 0.45729166666666665 0.06389214536928488 0.23645833333333333
2 0.22332942555685814 0.3927083333333333 0.053927315357561546 0.246875
2 0.5357561547479485 0.39895833333333336 0.07444314185228605 0.203125
2 0.6729191090269636 0.4552083333333333 0.049824150058616644 0.23229166666666667
2 0.6664712778429074 0.5822916666666667 0.06389214536928488 0.246875
2 0.5433763188745604 0.3614583333333333 0.05627198124267292 0.23229166666666667
2 0.6471277842907386 0.6614583333333334 0.06096131301289566 0.2552083333333333
3 0.7502930832356389 0.30833333333333335 0.04337631887456037 0.196875
3 0.6166471277842908 0.7166666666666667 0.0668229777256741 0.25729166666666664
3 0.04630715123094959 0.31666666666666665 0.04279015240328253 0.196875