2 0.4650570674270809 0.4008299172561755 0.08895217516246672 0.23648811542376222
2 0.5972981058855983 0.6794310774538656 0.11229090905084342 0.29203706254947714
2 0.2887177284519862 0.47643511846034176 0.16801953022040605 0.387050302959103
2 0.04822572015425231 0.483015863764109 0.08351478947686068 0.31730160580511535
2 0.6544074642518769 0.6289548731000292 0.10730011455881185 0.21681880774015383
2 0.5666629827588202 0.4644013218571246 0.09586335651243705 0.23067462504240896
2 0.6457061331731063 0.4250792128457937 0.09218260261095171 0.22212303689975219
2 0.6288636149085539 0.404222735289303 0.0592754026824835 0.215919325346067
2 0.3133851046854236 0.5072353772632984 0.11379075214103566 0.30877648081925163
2 0.3158153585193316 0.36211632838264657 0.07278514657741439 0.2479695929802529
3 0.9943049042293785 0.678362859318113 0.011390191541243036 0.25332011058616594