2 0.22091076333661555 0.5201282550337009 0.0953476490210324 0.2012215263295347
2 0.2139329841365269 0.47393248470002214 0.08062442629820353 0.17505713261584102
2 0.3640205180967267 0.41577598456343023 0.06811097992051802 0.188573105044955
2 0.4914258251866669 0.3303934739496613 0.06200198875728069 0.13401830714039054
2 0.5061490479094957 0.30422908023596756 0.05753106612444483 0.14196350923582593
2 0.5728885060377511 0.34651784395311463 0.06432096967111736 0.1778653399498649
2 0.7342191751791258 0.3726621331742329 0.06840967631352605 0.15533680452109616
2 0.7789830037918315 0.45003082079525386 0.075334469400167 0.15175233471127642
2 0.8382211125060082 0.5999993824169655 0.07296411854378093 0.19521123628285295
2 0.7036067745929551 0.6256929724351264 0.08400653558590246 0.21483453156812307
3 0.9117440094973412 0.7851648508488421 0.10276386266679342 0.21638705651971482
3 0.6161170928867059 0.2816148458834373 0.05603111947580882 0.12936647642635143
3 0.12508300695275368 0.4272373443628902 0.05019837207610245 0.17461761290283798