2 0.5052754982415005 0.6685356429592441 0.1254396248534584 0.3442334173318505
2 0.36518171160609614 0.33824414798562535 0.059788980070339975 0.23535502446035242
2 0.4413833528722157 0.22827369197406508 0.08089097303634232 0.25628915074047676
2 0.42028135990621335 0.6481661515875228 0.07971864009378664 0.36033447705824767
2 0.705158264947245 0.3853471134725103 0.1488862837045721 0.2904102243097663
2 0.28839390386869873 0.6941086075049668 0.15474794841735054 0.31601692605424553
2 0.23622508792497068 0.49846658636416324 0.09378663540445487 0.3242905612449973
2 0.22626025791324736 0.39533131266311083 0.05041031652989449 0.265634301669186
2 0.1981242672919109 0.32428514770327665 0.0738569753810082 0.25139444198043537
2 0.8352872215709262 0.37396166807841 0.07502930832356389 0.27859911566266443
3 0.021101992966002344 0.4176075403865423 0.04220398593200469 0.2481182525602487
3 0.9109026963657679 0.17238521557463102 0.06330597889800703 0.25030237884037315
3 0.2702227432590856 0.8220310495795184 0.09261430246189918 0.3095858875627679