2 0.44552303680625227 0.4046603240881507 0.07751334656464774 0.2799302568293546
2 0.5979555660875341 0.22496174537107208 0.05815571973718904 0.23390299583565605
2 0.6650791837857236 0.1579382190884033 0.08010260942034661 0.20913328493233968
2 0.49848217676290196 0.4343784725389808 0.057365395724267396 0.2630575420235498
2 0.5677282487354172 0.742427669128949 0.08435633975516496 0.2654196463686581
2 0.8451102287305196 0.5119305278284564 0.1145641327404454 0.24490144548341822
2 0.7743619370938906 0.4528578452899808 0.08043004564574707 0.2341332849323398
2 0.5651116995276017 0.6736413076926304 0.08064833646268088 0.2507999515990065
2 0.7918660523743387 0.36969419865946695 0.05583834020419446 0.23596208821144368
2 0.7900115606288651 0.4217654115140275 0.04618681314258184 0.21503179104792783
3 0.867627191212739 0.7621971783614586 0.07533141859377349 0.20283480301724854
3 0.12600577685866846 0.5847150679134352 0.0701519126839131 0.25485753395671745
3 0.840111514804038 0.1326608370922207 0.05619208258324874 0.17347420869021654