2 0.26787807737397423 0.31979166666666664 0.07327080890973037 0.18854166666666666
2 0.5592028135990621 0.6729166666666667 0.05861664712778429 0.309375
2 0.7145369284876905 0.45416666666666666 0.0492379835873388 0.278125
2 0.5169988276670574 0.46458333333333335 0.049824150058616644 0.24583333333333332
2 0.399179366940211 0.4947916666666667 0.07327080890973037 0.26666666666666666
2 0.41090269636576787 0.3572916666666667 0.09085580304806565 0.21666666666666667
2 0.1488862837045721 0.375 0.07737397420867527 0.221875
2 0.9150058616647128 0.6083333333333333 0.053341148886283704 0.325
2 0.08499413833528723 0.6666666666666666 0.0615474794841735 0.303125
2 0.10726846424384526 0.37604166666666666 0.0615474794841735 0.1375
3 0.9771395076201641 0.4947916666666667 0.045134818288393906 0.23333333333333334
3 0.111957796014068 0.796875 0.06096131301289566 0.33229166666666665