2 0.9288250277188645 0.7541666666666667 0.0843959732042361 0.35625
2 0.6193171322243902 0.39791666666666664 0.05225189591831932 0.28125
2 0.669625138788261 0.41354166666666664 0.056519167830159485 0.3958333333333333
2 0.5299746953389589 0.3458333333333333 0.051801732067815465 0.2125
2 0.4717059020956549 0.29270833333333335 0.051706242766193455 0.19791666666666666
2 0.4516049041276539 0.4979166666666667 0.11671656643007895 0.2791666666666667
2 0.28615631527772506 0.43125 0.0731492689522745 0.25
2 0.28366759410566567 0.6322916666666667 0.07573947875584257 0.2875
2 0.12676554773919033 0.6927083333333334 0.06527033024566024 0.3
2 0.12996361800901338 0.38333333333333336 0.06134409155389879 0.2375
3 0.5524716391692239 0.8489583333333334 0.05929953490245666 0.2833333333333333
3 0.7615377341513132 0.3416666666666667 0.053055912983189936 0.225
3 0.008703417764689693 0.31979166666666664 0.017406835529379387 0.22708333333333333