2 0.48654257914741345 0.5721357306537749 0.13296553168022085 0.2677567857429961
2 0.2982053939255275 0.7082168531437694 0.11941590686407218 0.3454673682229133
2 0.15428291123627105 0.3233843967557442 0.094169413945458 0.24708588756276814
2 0.4617069687619237 0.24992655867837824 0.07200421866732519 0.2614470876004146
2 0.557429440854653 0.21295398691003734 0.09542359486083246 0.25970722791166395
2 0.6012077682616487 0.23652872382644485 0.0707773204095569 0.2529924139181855
2 0.5913090915576537 0.6747567659198197 0.11874748175271788 0.24338403488957994
2 0.584874491035143 0.7628634676642986 0.1483695558790825 0.2943342102786415
2 0.3261315866194451 0.3795056988013952 0.10853751848979547 0.294375305082851
2 0.5195131888276932 0.10524255654802275 0.07760669813284378 0.2104851130960455
3 0.3656614614387754 0.8729934427333651 0.08556748481227695 0.18581983845383074
3 0.2576191374584682 0.19714211622736183 0.0683235238940203 0.2360830665537272