2 0.3839501781201734 0.4305095839687494 0.09161547339777594 0.27849128875333357
2 0.6645857959804947 0.4688477097301842 0.06576954637720427 0.27534117274537045
2 0.5112365836160279 0.6229468668975454 0.08605573741980314 0.33445034802388895
2 0.20793158137108428 0.5782626318401386 0.06759710673192032 0.3003896628669447
2 0.45564398546744384 0.308922911856666 0.10061192094779424 0.2642958763925928
2 0.6302925897136166 0.7272788942538416 0.09284240862467821 0.2806231122082409
2 0.9196211970998044 0.500960951499582 0.08065657595307289 0.30717305420425944
2 0.07906323891852138 0.7812950063328702 0.12806699918569556 0.2841611491887965
2 0.44327342260266756 0.4904880976468975 0.102873067235487 0.2165246800906483
2 0.40971905022692123 0.2962549383255086 0.05908884739922489 0.2438487221375001
3 0.7907913821041536 0.7695455908099526 0.06554790489801963 0.17752148632185177
3 0.7471887470008173 0.24379660676708217 0.05145422461607672 0.22064111474138895
3 0.04018199835872515 0.4998770328017129 0.0673240953101868 0.2899729962002778