2 0.9277741735724161 0.5375890002584245 0.08525370562316367 0.2618246220866666
2 0.5931238809110326 0.7149503515737029 0.08291586017159379 0.263810975176852
2 0.16369195117471946 0.8420727360698146 0.08997031912755252 0.27035191590629637
2 0.6488544193137448 0.519962982526388 0.05708361283411921 0.2502441925022223
2 0.48454706586709717 0.581959932880092 0.07793324975908361 0.17403368135722228
2 0.41520550120100186 0.6379458500529622 0.0908561938613624 0.18290040602787058
2 0.30439957682886476 0.6487781665417124 0.07941932264455134 0.26991550481212984
2 0.31370019619687906 0.49320615729657363 0.05821502317542553 0.23779268262379627
2 0.36321060631258373 0.5869786604630087 0.07460040263703889 0.2301382109925001
2 0.3494392998609736 0.4969355419218976 0.07348263316281568 0.24675638753759266
3 0.7054257180056529 0.784253633235925 0.09356234272417667 0.29341405293768524
3 0.06796646568087637 0.7220905927055554 0.07112432641062118 0.2424927406277779
3 0.6766535801013671 0.26363937639685087 0.05103097598217682 0.19166840856101858