2 0.509649971909728 0.4468850451132 0.14597960703011126 0.30025135583338797
2 0.5747336705092484 0.6742031837678889 0.09826725506268313 0.26609129170907553
2 0.6785718878646428 0.5429234458336066 0.09619560059930524 0.2763624551695268
2 0.868175053338221 0.5891205813386252 0.1065571052579917 0.31444446799438924
2 0.649594323467076 0.8197025411761122 0.16332050705978496 0.3366865449435641
2 0.2589537493435312 0.6483466267303348 0.11857913107655671 0.2819114022952417
2 0.28247431764822384 0.49017202818161365 0.11162542067684388 0.239880977613036
2 0.2202876855793245 0.4435351082804587 0.10750779672136303 0.2167460561370459
2 0.5127719122613308 0.43977525745430285 0.0970660048070553 0.2202579583757424
2 0.3137274001084669 0.6194015338066273 0.10562886642409744 0.2790278013277226
3 0.5080937199242943 0.8690443695022133 0.10963728581088485 0.26191126099557327
3 0.03157104258170727 0.5033697179661165 0.06314208516341455 0.2336045144562429
3 0.646355271455391 0.29364764293104895 0.07479167889849726 0.21887567791669393