2 0.29287602945126845 0.47381129612091805 0.08415312270926974 0.2749554123337897
2 0.6786929574686598 0.46115937468243523 0.10777033858405574 0.28658445517706116
2 0.5912473085132737 0.38748985713145795 0.073989896859931 0.22655379519648117
2 0.18378810195568127 0.7265360111730363 0.09404345732073251 0.30669036280443174
2 0.5871684578882566 0.639997522126603 0.06915157428918726 0.28875070115233
2 0.5300562367088046 0.5199299394749576 0.08746545310852999 0.26263726876028043
2 0.6996253797917588 0.7363523780254785 0.0818425682288926 0.2769175080494624
2 0.7410285234017415 0.2911283641256901 0.08153556558628254 0.25816750804946265
2 0.13456541200070216 0.8375062626904851 0.08718001668907081 0.31674331661811694
2 0.28648112744432147 0.36988710468957225 0.0699486817796636 0.2658946532944936
3 0.05494988181035755 0.4537949382423752 0.08139911996734452 0.24983417471612934
3 0.16522740864239807 0.882835483065314 0.07743867287812917 0.22256898495630537
3 0.7977564980875459 0.2444080424930083 0.05074790643722409 0.23784141901987635