2 0.7567986047111877 0.40686856525100196 0.07133514470124837 0.25199075644070396
2 0.3142677745939281 0.6612963679273782 0.1422702378664104 0.3333664343573979
2 0.5246229290059353 0.5432871596929992 0.12308299062364401 0.31345240870767294
2 0.4836082050534979 0.41383939925866214 0.11033462442439085 0.21696431094636934
2 0.376056093336594 0.6245635786936459 0.12181511986733826 0.30921299043789835
2 0.5675603775780773 0.4502547630793165 0.08839468086395817 0.23016536382065442
2 0.36180500129489424 0.4114815658687835 0.08224640270992956 0.21730160580511537
2 0.5556001983422624 0.3881416653180129 0.10868460241308485 0.1960582260099282
2 0.5753626671916464 0.38208677590417894 0.0748999124357906 0.2542923445833606
2 0.7115135242857428 0.26987450753912084 0.06241228050023296 0.22023149521894916
3 0.7823221875313228 0.830767378559624 0.08566786372384655 0.21335319394777202
3 0.11411834168810504 0.1267030689619084 0.0788727106028876 0.22333335099579188
3 0.9644961149972413 0.43648501727085837 0.07100777000551739 0.25421959298025293