2 0.24384525205158264 0.59375 0.0668229777256741 0.23333333333333334
2 0.3974208675263775 0.6708333333333333 0.0627198124267292 0.25625
2 0.5785463071512309 0.7729166666666667 0.070926143024619 0.29375
2 0.6025791324736225 0.6791666666666667 0.04806565064478312 0.23229166666666667
2 0.5287221570926143 0.5572916666666666 0.070926143024619 0.23854166666666668
2 0.36283704572098474 0.490625 0.08440797186400938 0.19791666666666666
2 0.39155920281359907 0.5458333333333333 0.06858147713950762 0.15833333333333333
2 0.4284876905041032 0.45625 0.04865181711606096 0.21354166666666666
2 0.5838218053927315 0.3645833333333333 0.049824150058616644 0.19270833333333334
2 0.5234466588511137 0.27291666666666664 0.06389214536928488 0.13125
3 0.17702227432590856 0.85625 0.08206330597889801 0.2875
3 0.34114888628370454 0.2677083333333333 0.038686987104337635 0.1875