2 0.12898785233233087 0.6204993256592846 0.09577826940971439 0.30513630496849253
2 0.2628043243937184 0.5930759244125159 0.0778931660377098 0.25912116445356687
2 0.5210858876336543 0.5341594190824946 0.1146310857922273 0.31991356596219117
2 0.5676044794610526 0.5013889935043015 0.08874427175438021 0.30506358209585566
2 0.6090304989840204 0.7092799293624269 0.08907166364565589 0.35506358209585565
2 0.7281454752799084 0.5997224276730383 0.09588740004013954 0.3218029716351592
2 0.9567849130675324 0.5025733278850574 0.08184668738707776 0.325824192556552
2 0.5263826692028746 0.3518253307401232 0.06013083462493358 0.23185602393864121
2 0.44830698789535217 0.28076240281790243 0.0589448603535748 0.22976057012653495
3 0.9749982296653275 0.2274036411822379 0.036697817102623216 0.23369694769651808
3 0.7629671990048411 0.7420610864038006 0.0813555995501645 0.25082419255655186
3 0.080071261306381 0.3928955062465159 0.06378424674063217 0.25272571870829297