2 0.8737850755359123 0.5274567808546337 0.0979863097612243 0.28825311471750203
2 0.6320277445539798 0.3702554853971924 0.05454033225046852 0.23277731818121908
2 0.5675534221616514 0.2700994821496831 0.04712418334013401 0.2158924632029496
2 0.4909895246457347 0.35899425162924675 0.050975564515926296 0.23058489069208435
2 0.5390989547491586 0.4617426942704958 0.09176837297100014 0.22144098917643357
2 0.5989376984504907 0.41089339556993887 0.07920709295101282 0.23562431060516195
2 0.14992221310696005 0.7312892711055152 0.076667361990167 0.32922885173076016
2 0.2972102331553354 0.6058012537913238 0.07922898268033325 0.2876712792198949
2 0.35353197802900055 0.5550610492465683 0.061739526355748094 0.29129247510755457
2 0.3092958188306894 0.5189065438347851 0.06535206299716521 0.2955682359300226
3 0.34881078290887163 0.758476966995372 0.07226863310942877 0.23957278896022605
3 0.9224816955906567 0.2976590037990129 0.0645658707578442 0.21018793398195648
3 0.2427544938539569 0.35418538961324264 0.05303361695978748 0.21815762012928525