2 0.670237105405131 0.48696945781513734 0.06709759473717683 0.27000070115232994
2 0.3831676768038824 0.6357504445316401 0.10428483853688209 0.23860716970156423
2 0.4963473281480811 0.397728921966098 0.0751811464492878 0.25792503281414164
2 0.33494691707037627 0.4102271690852731 0.06456876052339722 0.25112946353466936
2 0.46517256010371966 0.7056490705541721 0.1099154750980754 0.3346829782702187
2 0.6099028851587728 0.47968092249371325 0.08316238242324984 0.23543269780928675
2 0.5728763797762774 0.36833581120673037 0.05134568779320797 0.21712932330420345
2 0.34918588237206927 0.3338409520534876 0.05724827880124592 0.22159908401502135
2 0.6441269663991445 0.2792646064032115 0.04418891125209503 0.20426561045122207
2 0.44146550966190534 0.4324101473554917 0.13258453433925688 0.2567286877801569
3 0.3258418434582749 0.7401324083744553 0.07421344498303012 0.2786977473386448
3 0.07696501545524974 0.4635880072137018 0.08896265769313892 0.22948579185343784
3 0.8157714267454035 0.29856192856350855 0.04873500098890932 0.18992475235320966