2 0.24912075029308323 0.31145833333333334 0.035169988276670575 0.19895833333333332
2 0.25381008206330596 0.5625 0.04337631887456037 0.24375
2 0.14830011723329425 0.49583333333333335 0.04337631887456037 0.23958333333333334
2 0.4232121922626026 0.340625 0.03751465416178194 0.21041666666666667
2 0.5386869871043376 0.41041666666666665 0.047479484173505275 0.21979166666666666
2 0.5785463071512309 0.4083333333333333 0.05627198124267292 0.21145833333333333
2 0.5937866354044549 0.6052083333333333 0.05158264947245018 0.2791666666666667
2 0.5750293083235639 0.5447916666666667 0.05744431418522861 0.21666666666666667
2 0.7233294255568582 0.584375 0.047479484173505275 0.24583333333333332
2 0.8845252051582649 0.7229166666666667 0.06565064478311841 0.278125
3 0.22977725674091443 0.828125 0.0779601406799531 0.29375
3 0.369284876905041 0.2708333333333333 0.04044548651817116 0.19583333333333333
3 0.9771395076201641 0.578125 0.04572098475967175 0.234375