2 0.4765533411488863 0.478125 0.11723329425556858 0.20833333333333334
2 0.4079718640093787 0.5677083333333334 0.05920281359906213 0.159375
2 0.3481828839390387 0.3802083333333333 0.06330597889800703 0.171875
2 0.7327080890973037 0.675 0.08616647127784291 0.21979166666666666
2 0.30011723329425555 0.5625 0.08440797186400938 0.215625
2 0.18815943728018758 0.32916666666666666 0.04630715123094959 0.15833333333333333
2 0.6594372801875733 0.5302083333333333 0.04044548651817116 0.17916666666666667
2 0.5961313012895663 0.5520833333333334 0.04044548651817116 0.190625
2 0.6295427901524033 0.546875 0.03341148886283705 0.22916666666666666
2 0.28311840562719814 0.5875 0.06389214536928488 0.203125
3 0.21336459554513482 0.83125 0.05627198124267292 0.24583333333333332
3 0.2801875732708089 0.29270833333333335 0.038686987104337635 0.153125
3 0.8499413833528722 0.5395833333333333 0.03341148886283705 0.19166666666666668