2 0.8856975381008206 0.6979166666666666 0.08968347010550996 0.27395833333333336
2 0.8786635404454866 0.8302083333333333 0.09378663540445487 0.2552083333333333
2 0.6611957796014069 0.6125 0.06213364595545135 0.3072916666666667
2 0.570926143024619 0.47291666666666665 0.07913247362250879 0.21770833333333334
2 0.4454865181711606 0.5083333333333333 0.05803048065650645 0.2552083333333333
2 0.31770222743259086 0.36666666666666664 0.07151230949589683 0.178125
2 0.3874560375146542 0.49375 0.03575615474794842 0.24583333333333332
2 0.417936694021102 0.66875 0.059788980070339975 0.27708333333333335
2 0.4976553341148886 0.6989583333333333 0.056858147713950764 0.28125
2 0.11137162954279015 0.8208333333333333 0.09495896834701055 0.28958333333333336
3 0.4976553341148886 0.865625 0.0738569753810082 0.2677083333333333
3 0.6705744431418523 0.41041666666666665 0.043962485345838215 0.19895833333333332