2 0.14712778429073858 0.584375 0.08089097303634232 0.25833333333333336
2 0.19753810082063306 0.4 0.04044548651817116 0.1875
2 0.31359906213364597 0.4322916666666667 0.06330597889800703 0.18541666666666667
2 0.3903868698710434 0.403125 0.04572098475967175 0.18125
2 0.4220398593200469 0.5052083333333334 0.04865181711606096 0.24270833333333333
2 0.5334114888628371 0.41354166666666664 0.04220398593200469 0.18645833333333334
2 0.6236811254396248 0.36041666666666666 0.03634232121922626 0.1625
2 0.6289566236811255 0.315625 0.03341148886283705 0.1625
2 0.7960140679953107 0.540625 0.03634232121922626 0.21770833333333334
2 0.847010550996483 0.6489583333333333 0.05568581477139507 0.25104166666666666
3 0.7924970691676436 0.696875 0.053927315357561546 0.2520833333333333
3 0.11137162954279015 0.35833333333333334 0.03341148886283705 0.18958333333333333
3 0.7620164126611958 0.3375 0.03048065650644783 0.16875