2 0.5329877433967641 0.6202709648201137 0.09982892314864904 0.29446674999890166
2 0.5368913010741373 0.5369739962053809 0.07460696821990394 0.23957278896022582
2 0.5137744828846176 0.490377003781438 0.07005419768642218 0.2435939967524907
2 0.46527133641714524 0.6275549935005877 0.0792847375598685 0.2750985497826939
2 0.38938797338236136 0.5438685573543574 0.09113306579190804 0.31500916558343117
2 0.21232577753213847 0.5216926358197219 0.0647387779206072 0.2600788398261551
2 0.21679292380186252 0.4749085476162231 0.07460696821990394 0.23957278896022582
2 0.3150183463819854 0.44980181926006074 0.07032732015990387 0.251927330085824
2 0.3768788698639549 0.4600624826792181 0.07901161508638668 0.2667652164493605
3 0.4346425562436983 0.5953231460983753 0.07452712517127527 0.27286975757495874
2 0.43868845637294146 0.5255860265096094 0.07900005265612851 0.3021455183974268
3 0.017223903775120685 0.2298757786793755 0.03444780755024137 0.2363621493502785