2 0.3135690620948213 0.3282564976538894 0.06800577913530899 0.18430940556881387
2 0.3815244512387368 0.3505025508653385 0.07035044502042048 0.18450347118776284
2 0.7184446264354243 0.4459137513036349 0.06943967212108818 0.228059405568814
2 0.5688581929017604 0.4657367019528313 0.05400606444301124 0.1852283451884535
2 0.4118275310209503 0.5794780239834242 0.0651600240610881 0.24017127433091592
2 0.4873122257941803 0.5639101565992651 0.05654400975297563 0.22699204466459452
2 0.49837009268142013 0.49106770057488824 0.07938770546901366 0.17486306699689205
2 0.9038833074478737 0.5568356865102493 0.058535710115976386 0.2520890774740693
2 0.4404304705222111 0.5247092103630938 0.07379916322971693 0.18271123628285296
2 0.46337080595067565 0.4933650496239873 0.06642376248253076 0.17171237275933937
3 0.4571776596315348 0.7681452897674858 0.08101487787964588 0.26018270085408424
3 0.43783111977218436 0.2492012241485368 0.04980625943163983 0.16410391342669678
3 0.8459621228972308 0.32349660903618016 0.06192771013716104 0.21289387537863375