2 0.48483833275948296 0.5079334228018588 0.111120816663712 0.3012284073192248
2 0.20449052373103727 0.37246064713602217 0.08157364856544456 0.2892962704318021
2 0.2858323354145009 0.5873327962517116 0.08604602553061245 0.3311447935249594
2 0.08803646629836386 0.4091980277995767 0.12867993162449257 0.35207707064284827
2 0.5960367869558589 0.36767701988090773 0.09301036454975123 0.27740245852010453
2 0.39013114853562497 0.5176369420243577 0.09650148419986362 0.3275236961377651
2 0.7139836488463617 0.5729700187370013 0.11853696557404624 0.318258786838873
2 0.015103005704950285 0.4832615676079505 0.03020601140990057 0.32902313521590104
2 0.7967714673248539 0.7503724772571058 0.1402599543294244 0.34643325873115055
2 0.75137192532453 0.7083947009749779 0.10841588925292074 0.33646321755940084
3 0.4150875408815796 0.8778165197057761 0.0938960840510566 0.24436696058844778
3 0.3485292346318669 0.3100341657422298 0.07054496301369294 0.2679173678189966