2 0.6718602542412068 0.38533912076673305 0.13813806389815006 0.35878434132780807
2 0.8106514459573785 0.41025054977260367 0.14476267386893835 0.33853320485132155
2 0.27806615328740786 0.710165314036118 0.11279706561492504 0.3795662861860362
2 0.8330039389909581 0.25552450841627483 0.10013214451491301 0.33067929142462477
2 0.4785927842052245 0.5417319523063355 0.14543258550683824 0.43218617204184706
2 0.5632891950781288 0.4307244725717182 0.12439757873511839 0.3742866142807811
2 0.5560300093487562 0.7703563223097888 0.1312678213166341 0.3665354778042944
2 0.4149332477337532 0.505402090160765 0.10681258459678283 0.3728311221386638
2 0.505013081810895 0.4480275966407048 0.09759767613015576 0.38038819299620125
3 0.4818920406301665 0.8503306898305396 0.10273359909395288 0.22481742266252264
3 0.300989946297177 0.28811907058435376 0.0956326152443364 0.2803881929962014