2 0.2417520445262996 0.5610983556121186 0.08059376375844743 0.24743329068533246
2 0.3954377856080243 0.6621664534266624 0.07737691480406417 0.27027723201781745
2 0.5776415262407194 0.792983020581327 0.08727401903472727 0.31005449957563563
2 0.6051630838401983 0.701910277477145 0.0618091503254398 0.24496208890302948
2 0.5330631375753292 0.5660807707935093 0.08536495458502029 0.2537802577975749
2 0.3654185465914031 0.4730551049755718 0.09656984332035967 0.21443934224484734
2 0.3937733181289048 0.535083120093329 0.07843912213968998 0.172409048907272
2 0.43305913468211565 0.4473777947697528 0.06156357315638932 0.2262120889030296
2 0.5944722249019931 0.37781861436447833 0.06126342328310553 0.20329542223636304
2 0.5351183561678261 0.2755769796838123 0.07219544849727765 0.1431211733503023
3 0.16657560186148274 0.8167658231487256 0.1000605359943729 0.30198782580096856
3 0.3489215758431159 0.24256799119454164 0.049458234801198424 0.19680300445575702