2 0.8555539251407527 0.4474676849714951 0.10769187208963205 0.31963070357377177
2 0.655555757182801 0.3982723147806313 0.12201559483802213 0.24998582083606719
2 0.5128441297712484 0.6184282594695482 0.11324633997191211 0.3096384835484012
2 0.5544079873458678 0.5538290209906249 0.10867490194722725 0.3529640369071051
2 0.4140476935363376 0.47526185039441293 0.09806745108478776 0.31061825561436496
2 0.45031281066639867 0.3505006132336005 0.07906935152615951 0.2614282490238105
2 0.5026119828223182 0.2913873708003445 0.065374977398751 0.23341113307962616
2 0.4500180763025538 0.24091338991295252 0.0539023904242542 0.20139712912529337
2 0.14602349522710634 0.42994839457591544 0.09171925642987329 0.2540286983013281
3 0.7756642391784017 0.5868706052753604 0.1097907805103449 0.31146714889695676
3 0.7213824328211453 0.2202198437542837 0.06667018907350583 0.23766268907455193