2 0.3141852286049238 0.28020833333333334 0.05451348182883939 0.17083333333333334
2 0.3798358733880422 0.30520833333333336 0.056858147713950764 0.17083333333333334
2 0.7080890973036342 0.41354166666666664 0.053341148886283704 0.215625
2 0.5574443141852286 0.42604166666666665 0.041617819460726846 0.175
2 0.39331770222743256 0.53125 0.047479484173505275 0.22604166666666667
2 0.46893317702227433 0.5197916666666667 0.03985932004689332 0.21458333333333332
2 0.48534583821805394 0.4479166666666667 0.0668229777256741 0.15833333333333333
2 0.8839390386869871 0.5302083333333333 0.03985932004689332 0.240625
2 0.42555685814771393 0.4791666666666667 0.059788980070339975 0.16875
2 0.45076201641266117 0.44895833333333335 0.05451348182883939 0.159375
3 0.4249706916764361 0.7197916666666667 0.0627198124267292 0.24479166666666666
3 0.4425556858147714 0.20625 0.038100820633059786 0.15416666666666667
3 0.8423212192262602 0.29791666666666666 0.047479484173505275 0.2