2 0.03985932004689332 0.8291666666666667 0.07209847596717468 0.328125
2 0.64947245017585 0.8541666666666666 0.11488862837045721 0.2916666666666667
2 0.7063305978898007 0.42916666666666664 0.059788980070339975 0.21458333333333332
2 0.6541617819460727 0.5427083333333333 0.09202813599062133 0.23125
2 0.6658851113716295 0.440625 0.05451348182883939 0.15729166666666666
2 0.5580304806565064 0.459375 0.06506447831184056 0.20416666666666666
2 0.5890973036342321 0.5958333333333333 0.08558030480656506 0.21666666666666667
2 0.2977725674091442 0.60625 0.05451348182883939 0.28125
2 0.4783118405627198 0.39166666666666666 0.059788980070339975 0.20625
2 0.4824150058616647 0.32083333333333336 0.04044548651817116 0.190625
3 0.3622508792497069 0.8927083333333333 0.05627198124267292 0.21458333333333332
3 0.27432590855803046 0.35 0.04806565064478312 0.18854166666666666
3 0.9449003516998827 0.38333333333333336 0.05509964830011723 0.19479166666666667