2 0.6596864031124712 0.45947952492017025 0.07974518455325608 0.28434491569047726
2 0.35149818041917885 0.5763848615983557 0.11633824822354266 0.25581137419477123
2 0.49107054220581703 0.34591658950760434 0.0887552118971035 0.27252403031655065
2 0.32518293834085676 0.33817920745374247 0.07678612500714785 0.2633418037006254
2 0.4286363671367782 0.6581123872767307 0.12619845671946284 0.35215404349765955
2 0.5993087640775226 0.4441021033229814 0.09505193715924135 0.2480333662861059
2 0.5729777572761351 0.3254334478602574 0.061735099838884415 0.22898979842818185
2 0.34794130169822024 0.26065197754253994 0.06765820391776255 0.23149757840281115
2 0.6544449268104323 0.24053675153609552 0.054271026620852404 0.21389712912529338
2 0.43174734236788626 0.3741193892538971 0.14737185902488767 0.27676849672951015
3 0.28246587800724643 0.6759727753116664 0.08702493967298913 0.2931875849933656
3 0.056071088658227186 0.3597446416225596 0.10079072313982028 0.2442911462607351
3 0.8280191191547657 0.2851374636280134 0.05735794988582169 0.19956846377673756