2 0.30323563942084136 0.31801925334757897 0.10052342378189409 0.2518717163912813
2 0.7776323785540443 0.6018321982806772 0.08539224093713695 0.2592592788842133
2 0.5753908126878986 0.6351522558794678 0.09428073033794472 0.31185187343930115
2 0.19287066431098063 0.5029927725283273 0.11671877435920297 0.32573415389834953
2 0.46771550365846015 0.43560527185400044 0.067779960446685 0.2560846715042628
2 0.9001669871055357 0.7418355348767717 0.09567135409743395 0.32859129170907553
2 0.4693214776394943 0.6713129449330982 0.08250282820815441 0.30695769074155665
2 0.10996491211108494 0.2486871963665701 0.08858180353940352 0.23447753369353663
2 0.566314259417663 0.4323414065150563 0.07230557410420738 0.24387567791669393
2 0.5919277327658979 0.4923116509183153 0.0759862910445748 0.2565939327260175
3 0.4357238853041551 0.23554243289565344 0.07064208682355101 0.20630292631358618
3 0.21706475724991503 0.7161243927331403 0.11058424612525741 0.3045370625494774