2 0.5613755092869613 0.4849057133655986 0.0926991021136382 0.27592115638673465
2 0.5092734389258305 0.35521786611170053 0.07246929221690775 0.25279844158093
2 0.7935549452126094 0.760185873392966 0.08113851060231887 0.19872873874444583
2 0.3134251315395078 0.30319980639602545 0.06521700374463994 0.2360590520416263
2 0.8765294033920283 0.5621123350100488 0.08918210328597113 0.27588479495041607
2 0.6522025556852158 0.3494048978553184 0.06164543221273957 0.23185602393864121
2 0.47532112401297416 0.7610618300728109 0.1553502085608442 0.22657566224046707
2 0.5290983644338938 0.7501610387630274 0.11309164992460605 0.2219726583379786
2 0.5527360277498244 0.7649867816718173 0.07514041412895674 0.1882514696839152
2 0.39889531073914297 0.20618005515854773 0.06837927999478975 0.20901208014461148
3 0.9650035318206596 0.9131209224485987 0.056328514343832445 0.17375815510280265
3 0.6178769740264688 0.2792677975436263 0.06919689035982819 0.1819408672900509