2 0.28839390386869873 0.42604166666666665 0.06037514654161782 0.23333333333333334
2 0.6318874560375146 0.4864583333333333 0.08030480656506447 0.23854166666666668
2 0.5580304806565064 0.40520833333333334 0.053927315357561546 0.19166666666666668
2 0.17702227432590856 0.6302083333333334 0.06623681125439625 0.26145833333333335
2 0.5398593200468933 0.628125 0.045134818288393906 0.24895833333333334
2 0.49648300117233296 0.5114583333333333 0.06330597889800703 0.221875
2 0.634232121922626 0.734375 0.05803048065650645 0.234375
2 0.6975381008206331 0.34791666666666665 0.05861664712778429 0.21770833333333334
2 0.1271981242672919 0.721875 0.06037514654161782 0.275
2 0.2889800703399766 0.3333333333333333 0.047479484173505275 0.22916666666666666
3 0.07854630715123095 0.365625 0.05920281359906213 0.21041666666666667
3 0.15181711606096132 0.7770833333333333 0.05627198124267292 0.20729166666666668
3 0.7497069167643611 0.31666666666666665 0.031652989449003514 0.20520833333333333