2 0.123094958968347 0.32708333333333334 0.050996483001172335 0.19583333333333333
2 0.49941383352872215 0.371875 0.07502930832356389 0.225
2 0.7332942555685815 0.484375 0.04279015240328253 0.228125
2 0.24794841735052756 0.353125 0.06565064478311841 0.17604166666666668
2 0.7960140679953107 0.6364583333333333 0.05803048065650645 0.21770833333333334
2 0.18815943728018758 0.5322916666666667 0.053341148886283704 0.25
2 0.447831184056272 0.225 0.053341148886283704 0.18854166666666666
2 0.34349355216881594 0.465625 0.07561547479484174 0.2552083333333333
2 0.5193434935521688 0.27395833333333336 0.047479484173505275 0.19895833333333332
2 0.3323563892145369 0.4114583333333333 0.05158264947245018 0.22708333333333333
3 0.21219226260257915 0.6979166666666666 0.05451348182883939 0.24895833333333334
3 0.33528722157092616 0.20729166666666668 0.041031652989449004 0.15729166666666666
3 0.9261430246189918 0.41041666666666665 0.04689331770222743 0.2375