2 0.753810082063306 0.47604166666666664 0.06506447831184056 0.23854166666666668
2 0.4824150058616647 0.7114583333333333 0.10844079718640094 0.21666666666666667
2 0.47889800703399765 0.64375 0.09085580304806565 0.20625
2 0.44021101992966 0.5552083333333333 0.0369284876905041 0.2604166666666667
2 0.4343493552168816 0.503125 0.07561547479484174 0.23958333333333334
2 0.67936694021102 0.44375 0.05509964830011723 0.221875
2 0.4947245017584994 0.30625 0.04337631887456037 0.22291666666666668
2 0.5070339976553341 0.21354166666666666 0.05158264947245018 0.20833333333333334
2 0.31652989449003516 0.24166666666666667 0.041617819460726846 0.18958333333333333
2 0.30246189917936694 0.3375 0.04044548651817116 0.19791666666666666
3 0.5627198124267292 0.7177083333333333 0.05803048065650645 0.23541666666666666
3 0.634232121922626 0.234375 0.043962485345838215 0.190625