2 0.12442639484661298 0.32211312425499145 0.05589177753002213 0.2033465737429592
2 0.5048250047944747 0.4029763103285878 0.07962492044795302 0.23396827247178204
2 0.7416610203845106 0.5394743825532572 0.04799239414657926 0.23408731252120443
2 0.25074890181198123 0.3601422549224141 0.06975514136439236 0.18338625964691957
2 0.805319170838382 0.6985385508513043 0.06315086980928387 0.22669975002827272
2 0.19096125302397038 0.5354894624259209 0.058768485253508265 0.25765874361584146
2 0.4529311100614198 0.2488063247282854 0.05815459082461433 0.19515874361584148
2 0.3474399728975383 0.48273817724236706 0.08227653354751133 0.2653637756779977
2 0.5249652298218765 0.30636917251786167 0.052395241849984835 0.2052116522669691
2 0.3363467030023475 0.42687507948106346 0.05619872474446907 0.2345965737429592
3 0.21489309389054204 0.7056217428849691 0.059920355048434126 0.25564816188561584
3 0.3395963496284981 0.22095246169504862 0.04377964829949916 0.16303572437854771
3 0.9361689398744341 0.4817958578040405 0.05161170871239526 0.24472223399719464