2 0.5275498241500586 0.4583333333333333 0.0627198124267292 0.21666666666666667
2 0.33821805392731535 0.565625 0.07971864009378664 0.253125
2 0.4079718640093787 0.690625 0.1025791324736225 0.23020833333333332
2 0.4126611957796014 0.446875 0.0914419695193435 0.278125
2 0.8423212192262602 0.43125 0.05568581477139507 0.21770833333333334
2 0.6541617819460727 0.796875 0.07327080890973037 0.3072916666666667
2 0.8833528722157092 0.659375 0.06740914419695193 0.28020833333333334
2 0.9636576787807737 0.709375 0.0697538100820633 0.30104166666666665
2 0.33704572098475966 0.471875 0.08675263774912075 0.2625
2 0.41324736225087927 0.45416666666666666 0.0738569753810082 0.24375
3 0.22977725674091443 0.39479166666666665 0.04337631887456037 0.20208333333333334
3 0.906799531066823 0.3854166666666667 0.04865181711606096 0.23333333333333334
3 0.7936694021101993 0.8989583333333333 0.05568581477139507 0.20208333333333334