2 0.4501758499413834 0.565625 0.0873388042203986 0.26666666666666666
2 0.731535756154748 0.6416666666666667 0.1354044548651817 0.26666666666666666
2 0.5381008206330598 0.390625 0.06565064478311841 0.24583333333333332
2 0.050996483001172335 0.578125 0.06623681125439625 0.28020833333333334
2 0.6916764361078547 0.6260416666666667 0.111957796014068 0.23854166666666668
2 0.6037514654161782 0.5197916666666667 0.06096131301289566 0.240625
2 0.458968347010551 0.4583333333333333 0.043962485345838215 0.21041666666666667
2 0.6441969519343493 0.478125 0.049824150058616644 0.2552083333333333
2 0.6101992966002344 0.4166666666666667 0.041617819460726846 0.21145833333333333
2 0.5779601406799532 0.315625 0.06740914419695193 0.21354166666666666
3 0.28604923798358733 0.359375 0.049824150058616644 0.190625
3 0.3604923798358734 0.8302083333333333 0.06916764361078546 0.3145833333333333