2 0.1735052754982415 0.665625 0.06858147713950762 0.3
2 0.4091441969519343 0.5708333333333333 0.08264947245017586 0.29583333333333334
2 0.4026963657678781 0.4791666666666667 0.123094958968347 0.20833333333333334
2 0.43903868698710435 0.42916666666666664 0.05803048065650645 0.25
2 0.5920281359906213 0.4708333333333333 0.09320046893317702 0.24375
2 0.5105509964830012 0.3489583333333333 0.059788980070339975 0.21145833333333333
2 0.5064478311840562 0.365625 0.06389214536928488 0.21354166666666666
2 0.5832356389214537 0.23854166666666668 0.06096131301289566 0.19583333333333333
2 0.7303634232121923 0.5145833333333333 0.0779601406799531 0.25729166666666664
2 0.902696365767878 0.684375 0.0697538100820633 0.3177083333333333
3 0.32825322391559203 0.23333333333333334 0.04689331770222743 0.215625
3 0.3399765533411489 0.7927083333333333 0.06447831184056271 0.2604166666666667