2 0.45838218053927315 0.6177083333333333 0.08616647127784291 0.2677083333333333
2 0.7708089097303634 0.40520833333333334 0.07033997655334115 0.2125
2 0.5386869871043376 0.2635416666666667 0.05568581477139507 0.2
2 0.29073856975381007 0.640625 0.08382180539273154 0.259375
2 0.16002344665885113 0.5364583333333334 0.050996483001172335 0.2635416666666667
2 0.6201641266119577 0.375 0.09671746776084408 0.25833333333333336
2 0.7801875732708089 0.19166666666666668 0.047479484173505275 0.21145833333333333
2 0.6776084407971864 0.359375 0.07327080890973037 0.20416666666666666
2 0.5767878077373975 0.3770833333333333 0.05861664712778429 0.24895833333333334
2 0.3276670574443142 0.5458333333333333 0.041617819460726846 0.25833333333333336
3 0.14654161781946073 0.46770833333333334 0.06330597889800703 0.253125
3 0.8218053927315357 0.7802083333333333 0.059788980070339975 0.2604166666666667
3 0.8446658851113716 0.16770833333333332 0.05275498241500586 0.19791666666666666