2 0.12346092636823461 0.8090506239195108 0.1328687678664092 0.37673496211971413
2 0.3055467544818517 0.6327080357182087 0.08510181361463433 0.3419470400423627
2 0.6296374491830083 0.37910319697748585 0.06631233687887372 0.20605763203389033
2 0.772768040401698 0.4600106385376963 0.07029507129438671 0.2686303614710911
2 0.9523020198075556 0.3586862326956945 0.07302195316992525 0.2832864242416254
2 0.4540829718508663 0.5073654772784191 0.11612849296454937 0.36372585605930785
2 0.4626730477285295 0.827671522192046 0.11258257682381015 0.31781979328877363
2 0.5323145077816543 0.5392858587728886 0.09783366912970658 0.33609705194696793
2 0.5059113316028767 0.4963904296599992 0.07951316032358938 0.3521818831160272
2 0.5353176334207237 0.42470252543955517 0.058979642830531455 0.23913641233702035
3 0.674592298909375 0.8315061747920306 0.08079146549304103 0.2668743106051617
3 0.7877418219167832 0.2909333560702922 0.054042984609849666 0.18486065151455242
3 0.7894987051597179 0.3356341109404577 0.05990788166442583 0.27455307900368714
3 0.028848965778088844 0.6809825367970503 0.05769793155617769 0.3122349025966893