2 0.29073856975381007 0.33229166666666665 0.07268464243845252 0.21979166666666666
2 0.3622508792497069 0.30416666666666664 0.049824150058616644 0.196875
2 0.7942555685814772 0.575 0.10140679953106682 0.26666666666666666
2 0.45545134818288396 0.38333333333333336 0.06858147713950762 0.21354166666666666
2 0.6002344665885111 0.5635416666666667 0.08440797186400938 0.246875
2 0.48827667057444313 0.325 0.06389214536928488 0.18854166666666666
2 0.5545134818288394 0.19166666666666668 0.06037514654161782 0.18020833333333333
2 0.44196951934349354 0.6864583333333333 0.11254396248534584 0.27395833333333336
2 0.5082063305978898 0.6697916666666667 0.08206330597889801 0.24895833333333334
2 0.7268464243845252 0.509375 0.06799531066822978 0.21145833333333333
3 0.6477139507620164 0.7614583333333333 0.05803048065650645 0.18854166666666666
3 0.9800703399765534 0.45 0.03985932004689332 0.25