2 0.6957460233670969 0.6900597250998656 0.12140712593096276 0.23283950324531258
2 0.3429673494933179 0.5073116742383301 0.13929226994258184 0.256301640690986
2 0.8389591963275501 0.48521213256562207 0.12811368736089615 0.20805769155691511
2 0.21503249371887476 0.44711610227018095 0.09340756707020986 0.2423834166655683
2 0.3180194511765535 0.34722756222562123 0.1001959875564935 0.22385160497717096
2 0.46768584641260935 0.635088303024711 0.1192261781585516 0.24526677380811154
2 0.5373261001931224 0.22595731168180672 0.08552769249925754 0.17758189502063218
2 0.2313208960324347 0.30392975540848793 0.07404994024275116 0.1959682478346277
2 0.4941992792814644 0.6015496915525215 0.1106105522789111 0.21376222077790838
2 0.23374644077543325 0.22070551623095597 0.094442488053719 0.14245614610276913
3 0.3681690770636447 0.19467912553667474 0.06197188823967706 0.1685212673152898