2 0.6605540317178592 0.48255373559989373 0.09277369562689107 0.21134709456777803
2 0.4378082801389481 0.4812468191381148 0.07672967062770966 0.22248863523513526
2 0.2773547579173991 0.5090751309647142 0.0600098126014315 0.21071350923582594
2 0.4388494471062311 0.6640464720193385 0.10005345074662399 0.22026262475795827
2 0.9270347683946059 0.38879783706339927 0.0852431980560981 0.2335845315681233
2 0.4949396027439356 0.6853820474264931 0.10554149427614269 0.2477340893291893
2 0.12418765853249406 0.8251768331967414 0.0888780906293029 0.27752859718707207
2 0.600222877089026 0.3472655401209899 0.07537301958685474 0.21614160242566077
2 0.32815196786028805 0.39264530218099786 0.07173314202698829 0.21168383733057064
2 0.018932548173035597 0.9079166357875149 0.03786509634607119 0.18028541604599108
3 0.5287080750997984 0.3334413912370035 0.0653799623854124 0.19453200661653156
3 0.46219565966512194 0.8439608348538805 0.07833207913296311 0.23716900137794308