2 0.2891405045580159 0.4996286311796938 0.07117303207850563 0.20559693157224157
2 0.7143712836259822 0.6542253672819316 0.08108373745732601 0.2599575324633932
2 0.5067528387178333 0.697839118342843 0.08560936404651015 0.2433878329089687
2 0.46878369726203806 0.5314626232229646 0.07952260470980395 0.22034995735199914
2 0.40030453586067954 0.5404611458730865 0.06895114507917316 0.2180484480161205
2 0.566318359645745 0.437665599246721 0.06039694097157677 0.1824620889030297
2 0.5107800849539162 0.5708648730107823 0.06559785143254444 0.23464238934860546
2 0.5264151465397635 0.49203759123696394 0.05829783285802292 0.2074136053469085
2 0.49206961769594204 0.4559179130065401 0.05091596169298221 0.17185148801187822
2 0.41748026704641883 0.4991581058773288 0.05690040529153947 0.18447269690218124
3 0.23944639819516433 0.571502901389755 0.050875035397722625 0.16768482134521154
3 0.7504389878337058 0.3883586792912644 0.057990885643575976 0.1761636053469085
3 0.7892646147261237 0.7015980535221125 0.054105550158572435 0.13859088001272682