2 0.48417350527549824 0.5395833333333333 0.06740914419695193 0.259375
2 0.7209847596717468 0.7083333333333334 0.05803048065650645 0.28854166666666664
2 0.536928487690504 0.4583333333333333 0.04220398593200469 0.24166666666666667
2 0.38335287221570924 0.7427083333333333 0.06096131301289566 0.303125
2 0.6576787807737398 0.875 0.10785463071512309 0.24479166666666666
2 0.42145369284876905 0.6114583333333333 0.047479484173505275 0.25
2 0.29191090269636577 0.8166666666666667 0.07737397420867527 0.36666666666666664
2 0.3118405627198124 0.6677083333333333 0.050996483001172335 0.284375
2 0.41500586166471276 0.5510416666666667 0.04279015240328253 0.21458333333333332
3 0.5861664712778429 0.9125 0.08909730363423213 0.175
3 0.723915592028136 0.4708333333333333 0.053341148886283704 0.22083333333333333