2 0.5939643489899302 0.4877521370395288 0.09912189028180557 0.26893293080016084
2 0.7566695682843599 0.7306123955945277 0.09652648194563387 0.2998553821796418
2 0.49871064627907485 0.5885562814692815 0.09745305742379076 0.2916312317198148
2 0.2959003494733531 0.35031713854840046 0.09387960421668554 0.24974619930613548
2 0.46067955225518803 0.40326651514954703 0.09764236050875139 0.25840708125998785
2 0.8420124028695996 0.5672580890963784 0.07641748881054977 0.25227512287020726
2 0.7011614038943529 0.4204406708850125 0.07672967062770966 0.2232176390770468
2 0.17915526789017014 0.5420826903353851 0.1297254255204528 0.2759383521779922
2 0.5150087159857284 0.4145935187675916 0.08956389362972238 0.22233531735228312
2 0.23354337849347942 0.5314801025166765 0.11023082604636543 0.24919142620189091
3 0.6257202772244873 0.32776334313017447 0.0591496614760359 0.1821057455146248
3 0.324923098883642 0.7812764638912088 0.09998204140720138 0.2980995974668275