2 0.5697538100820633 0.5947916666666667 0.06506447831184056 0.2604166666666667
2 0.5650644783118406 0.5166666666666667 0.04630715123094959 0.21354166666666666
2 0.5386869871043376 0.48020833333333335 0.041617819460726846 0.21875
2 0.5076201641266119 0.6177083333333333 0.04689331770222743 0.246875
2 0.4296600234466589 0.5614583333333333 0.053927315357561546 0.28229166666666666
2 0.26260257913247365 0.5864583333333333 0.03399765533411489 0.23645833333333333
2 0.2620164126611958 0.5427083333333333 0.04689331770222743 0.21354166666666666
2 0.3505275498241501 0.4947916666666667 0.041031652989449004 0.22604166666666667
2 0.40855803048065653 0.48854166666666665 0.047479484173505275 0.23854166666666668
3 0.47596717467760846 0.596875 0.04279015240328253 0.24479166666666666
2 0.47245017584994137 0.5322916666666667 0.04337631887456037 0.271875
3 0.02813599062133646 0.37083333333333335 0.05627198124267292 0.21979166666666666