2 0.2104337631887456 0.7447916666666666 0.06506447831184056 0.24895833333333334
2 0.317116060961313 0.6354166666666666 0.05158264947245018 0.21875
2 0.41324736225087927 0.6260416666666667 0.07327080890973037 0.25729166666666664
2 0.4413833528722157 0.5510416666666667 0.0697538100820633 0.2375
2 0.47596717467760846 0.4375 0.06213364595545135 0.19166666666666668
2 0.6652989449003517 0.47604166666666664 0.05451348182883939 0.22083333333333333
2 0.7807737397420867 0.46458333333333335 0.05509964830011723 0.225
2 0.5533411488862837 0.3958333333333333 0.08206330597889801 0.15729166666666666
2 0.5762016412661196 0.390625 0.041031652989449004 0.18229166666666666
2 0.5316529894490035 0.36354166666666665 0.06858147713950762 0.14166666666666666
3 0.9361078546307151 0.8197916666666667 0.0914419695193435 0.28125
3 0.04806565064478312 0.5645833333333333 0.053927315357561546 0.25
3 0.6957796014067995 0.33645833333333336 0.044548651817116064 0.17708333333333334