2 0.7749120750293084 0.39375 0.05041031652989449 0.1875
2 0.8288393903868698 0.7739583333333333 0.06389214536928488 0.3260416666666667
2 0.7432590855803048 0.5145833333333333 0.043962485345838215 0.309375
2 0.5638921453692849 0.3885416666666667 0.049824150058616644 0.17395833333333333
2 0.5386869871043376 0.4427083333333333 0.04337631887456037 0.21458333333333332
2 0.5386869871043376 0.6354166666666666 0.041031652989449004 0.2791666666666667
2 0.4835873388042204 0.5322916666666667 0.07678780773739742 0.25104166666666666
2 0.39800703399765536 0.45416666666666666 0.04044548651817116 0.20104166666666667
2 0.35756154747948415 0.5770833333333333 0.0738569753810082 0.25104166666666666
2 0.24091441969519342 0.7854166666666667 0.05216881594372802 0.29583333333333334
3 0.7901524032825322 0.8739583333333333 0.06330597889800703 0.2520833333333333
3 0.07502930832356389 0.6302083333333334 0.06389214536928488 0.253125