2 0.26260257913247365 0.6739583333333333 0.08382180539273154 0.22395833333333334
2 0.6348182883939039 0.5760416666666667 0.06623681125439625 0.228125
2 0.3698710433763189 0.6072916666666667 0.08499413833528723 0.24479166666666666
2 0.64947245017585 0.4239583333333333 0.0627198124267292 0.20416666666666666
2 0.45955451348182885 0.38645833333333335 0.08382180539273154 0.19583333333333333
2 0.3669402110199297 0.46875 0.07678780773739742 0.19270833333333334
2 0.7842907385697538 0.30833333333333335 0.04220398593200469 0.18854166666666666
2 0.4970691676436108 0.3541666666666667 0.047479484173505275 0.225
2 0.5252051582649473 0.28958333333333336 0.0369284876905041 0.20416666666666666
3 0.5416178194607268 0.8677083333333333 0.0738569753810082 0.26458333333333334
3 0.0369284876905041 0.5770833333333333 0.05216881594372802 0.26145833333333335