2 0.3569753810082063 0.5447916666666667 0.10609613130128957 0.253125
2 0.26553341148886284 0.615625 0.08616647127784291 0.23854166666666668
2 0.41852286049237986 0.33125 0.056858147713950764 0.22916666666666666
2 0.7848769050410317 0.41875 0.10492379835873387 0.2791666666666667
2 0.276084407971864 0.321875 0.0615474794841735 0.25104166666666666
2 0.1858147713950762 0.30520833333333336 0.050996483001172335 0.2125
2 0.61957796014068 0.6427083333333333 0.14536928487690504 0.20520833333333333
2 0.31887456037514655 0.328125 0.06037514654161782 0.228125
2 0.8429073856975381 0.4354166666666667 0.05158264947245018 0.2708333333333333
2 0.6049237983587339 0.6020833333333333 0.07327080890973037 0.2635416666666667
3 0.264947245017585 0.20104166666666667 0.03927315357561548 0.165625
3 0.07209847596717468 0.7260416666666667 0.07913247362250879 0.28229166666666666