2 0.2708089097303634 0.8479166666666667 0.08675263774912075 0.30104166666666665
2 0.4970691676436108 0.678125 0.06037514654161782 0.32083333333333336
2 0.4015240328253224 0.4947916666666667 0.11547479484173505 0.209375
2 0.552168815943728 0.46145833333333336 0.056858147713950764 0.23229166666666667
2 0.45545134818288396 0.459375 0.043962485345838215 0.23020833333333332
2 0.1559202813599062 0.8260416666666667 0.10492379835873387 0.31666666666666665
2 0.5158264947245017 0.5864583333333333 0.05275498241500586 0.275
2 0.5169988276670574 0.42916666666666664 0.05041031652989449 0.23125
3 0.10550996483001172 0.9145833333333333 0.0615474794841735 0.17083333333333334
3 0.20164126611957797 0.359375 0.045134818288393906 0.21041666666666667
3 0.9806565064478312 0.6572916666666667 0.038686987104337635 0.2552083333333333