2 0.43669402110199296 0.628125 0.07678780773739742 0.26145833333333335
2 0.5416178194607268 0.4947916666666667 0.07033997655334115 0.215625
2 0.05803048065650645 0.4239583333333333 0.07209847596717468 0.2552083333333333
2 0.12661195779601406 0.7083333333333334 0.08264947245017586 0.28854166666666664
2 0.6582649472450176 0.7010416666666667 0.06330597889800703 0.246875
2 0.43786635404454866 0.375 0.047479484173505275 0.228125
2 0.6219226260257913 0.4875 0.10140679953106682 0.18333333333333332
2 0.46776084407971863 0.43020833333333336 0.04689331770222743 0.23229166666666667
2 0.3704572098475967 0.275 0.04630715123094959 0.203125
2 0.5703399765533411 0.43854166666666666 0.05158264947245018 0.209375
3 0.824736225087925 0.55625 0.05509964830011723 0.23333333333333334
3 0.04279015240328253 0.8072916666666666 0.05861664712778429 0.28854166666666664
3 0.19929660023446658 0.28229166666666666 0.04630715123094959 0.18854166666666666