2 0.7391559202813599 0.6114583333333333 0.11430246189917936 0.271875
2 0.5451348182883939 0.35833333333333334 0.070926143024619 0.23645833333333333
2 0.388042203985932 0.409375 0.07268464243845252 0.23020833333333332
2 0.2672919109026964 0.5802083333333333 0.10140679953106682 0.26979166666666665
2 0.8669402110199297 0.7052083333333333 0.12661195779601406 0.28854166666666664
2 0.18933177022274325 0.6135416666666667 0.06330597889800703 0.29270833333333335
2 0.5826494724501758 0.678125 0.06330597889800703 0.29583333333333334
2 0.43552168815943726 0.25 0.050996483001172335 0.228125
2 0.6295427901524033 0.653125 0.06740914419695193 0.309375
2 0.019343493552168817 0.38645833333333335 0.038686987104337635 0.2604166666666667
3 0.17526377491207504 0.253125 0.047479484173505275 0.2125
3 0.23798358733880423 0.7708333333333334 0.049824150058616644 0.10520833333333333
3 0.9425556858147714 0.5572916666666666 0.04630715123094959 0.278125