2 0.7762924648723443 0.7897192972340078 0.15102790561748033 0.3083580540425468
2 0.4455383287622384 0.746988062000787 0.1218628887742133 0.3124858208360673
2 0.12572332456248556 0.8345182391379787 0.11676552657143553 0.3309635217240424
2 0.4807461123251982 0.49181862854060004 0.07851244907720759 0.2594298050187364
2 0.37807543148606 0.5908105909744393 0.08461295832436116 0.270270918326699
2 0.6988926114861144 0.7340317122406421 0.11640925449398991 0.27881293018969705
2 0.6621322862137472 0.4423491404283855 0.07463518872386038 0.2945069143723663
2 0.6105128126990822 0.4146132319875183 0.07044942519994288 0.265085579720922
2 0.12915869640925426 0.5894807200501581 0.11049982087433642 0.27630515021506785
2 0.3150520765810689 0.4714734552585915 0.08296293631305517 0.24935269566510646
3 0.5235741122507385 0.8517613143198747 0.08875494238963819 0.19569536496799506
3 0.2633370652526537 0.44790421348439097 0.08695762420947267 0.2704406969832173