2 0.1336459554513482 0.6756802293655743 0.10785463071512309 0.30014691024824125
2 0.17116060961313012 0.4660392995968466 0.059788980070339975 0.21165299734775686
2 0.29835873388042206 0.4728361991830876 0.08323563892145369 0.2163044995756355
2 0.37807737397420865 0.42135964009120797 0.06447831184056271 0.20758329779333262
2 0.42028135990621335 0.5232740107680559 0.07268464243845252 0.2744196569064234
2 0.5316529894490035 0.3974519796838123 0.06096131301289566 0.21167723912581746
2 0.6236811254396248 0.3191466259282355 0.05275498241500586 0.18442421334606002
2 0.6254396248534584 0.2691829885953264 0.0492379835873388 0.18226815467854487
2 0.8229777256740914 0.47014272819853636 0.05744431418522861 0.244937847124969
2 0.8868698710433763 0.5735472384361721 0.08089097303634232 0.28500601601951414
3 0.8329425556858148 0.6380571166453847 0.07971864009378664 0.28498177424145366
3 0.07561547479484174 0.4411469280182416 0.05158264947245018 0.2135666382346661
3 0.7696365767878077 0.2617480606301127 0.04689331770222743 0.19055300445575707