2 0.1776084407971864 0.36354166666666665 0.0615474794841735 0.3333333333333333
2 0.31535756154747946 0.4114583333333333 0.09437280187573271 0.33645833333333336
2 0.492379835873388 0.36354166666666665 0.044548651817116064 0.24166666666666667
2 0.6406799531066822 0.5208333333333334 0.08147713950762016 0.21666666666666667
2 0.5099648300117233 0.38229166666666664 0.053341148886283704 0.209375
2 0.8481828839390387 0.525 0.08264947245017586 0.21979166666666666
2 0.6887456037514654 0.5177083333333333 0.10082063305978899 0.234375
2 0.7262602579132473 0.5104166666666666 0.05509964830011723 0.21041666666666667
2 0.7467760844079718 0.4625 0.06623681125439625 0.246875
2 0.671746776084408 0.471875 0.06096131301289566 0.23333333333333334
3 0.7280187573270809 0.815625 0.07209847596717468 0.31354166666666666
3 0.7485345838218054 0.36041666666666666 0.04689331770222743 0.18958333333333333
3 0.15357561547479484 0.3645833333333333 0.03634232121922626 0.22604166666666667