2 0.1201641266119578 0.48333333333333334 0.10609613130128957 0.228125
2 0.3311840562719812 0.6864583333333333 0.07678780773739742 0.25833333333333336
2 0.41324736225087927 0.4739583333333333 0.09378663540445487 0.22395833333333334
2 0.6377491207502931 0.590625 0.07971864009378664 0.2375
2 0.22215709261430247 0.38229166666666664 0.05920281359906213 0.18645833333333334
2 0.6518171160609613 0.4552083333333333 0.06037514654161782 0.22083333333333333
2 0.6834701055099648 0.6677083333333333 0.06037514654161782 0.23020833333333332
2 0.42672919109026963 0.4114583333333333 0.03927315357561548 0.18333333333333332
2 0.6400937866354045 0.5708333333333333 0.05041031652989449 0.22395833333333334
3 0.39331770222743256 0.7395833333333334 0.09085580304806565 0.18125
3 0.7415005861664713 0.34270833333333334 0.053341148886283704 0.16041666666666668
3 0.03927315357561548 0.33125 0.07854630715123095 0.15833333333333333