2 0.8053927315357562 0.625 0.05861664712778429 0.2520833333333333
2 0.9191090269636577 0.7166666666666667 0.053927315357561546 0.265625
2 0.5861664712778429 0.5302083333333333 0.06799531066822978 0.2125
2 0.5134818288393904 0.5958333333333333 0.0492379835873388 0.22083333333333333
2 0.46600234466588514 0.5697916666666667 0.045134818288393906 0.23645833333333333
2 0.4249706916764361 0.5083333333333333 0.06740914419695193 0.22291666666666668
2 0.5363423212192263 0.41770833333333335 0.0492379835873388 0.20833333333333334
2 0.492379835873388 0.296875 0.047479484173505275 0.18020833333333333
2 0.3347010550996483 0.4635416666666667 0.05568581477139507 0.215625
2 0.10844079718640094 0.4354166666666667 0.03985932004689332 0.178125
3 0.5556858147713951 0.7635416666666667 0.06389214536928488 0.24479166666666666
3 0.753810082063306 0.36666666666666664 0.041031652989449004 0.203125
3 0.134232121922626 0.31979166666666664 0.03399765533411489 0.18333333333333332