2 0.7696365767878077 0.39895833333333336 0.0697538100820633 0.20520833333333333
2 0.2555685814771395 0.7291666666666666 0.10140679953106682 0.33645833333333336
2 0.597303634232122 0.278125 0.0492379835873388 0.2
2 0.9677608440797186 0.3802083333333333 0.06330597889800703 0.22604166666666667
2 0.4425556858147714 0.55625 0.0914419695193435 0.24270833333333333
2 0.5392731535756154 0.5010416666666667 0.07971864009378664 0.25625
2 0.5697538100820633 0.49583333333333335 0.09378663540445487 0.19895833333333332
2 0.49413833528722156 0.44895833333333335 0.05158264947245018 0.19583333333333333
2 0.44841735052754983 0.41875 0.10668229777256741 0.27291666666666664
2 0.5445486518171161 0.3625 0.05744431418522861 0.20729166666666668
3 0.3862837045720985 0.803125 0.05803048065650645 0.23020833333333332
3 0.3212192262602579 0.334375 0.041031652989449004 0.203125