2 0.6386475595653343 0.760970864152296 0.10500104870392489 0.30835903469127146
2 0.1997392204731654 0.40717337693611905 0.0797681624813616 0.24534995735199913
2 0.2040556133407237 0.6676264062698766 0.09473653628774095 0.33730752535539305
2 0.7055510585991984 0.5915556748355074 0.09050332729303102 0.26431813335454446
2 0.7203672900806833 0.8391520898578145 0.10059820100051932 0.3216958202843709
2 0.052082056908710275 0.7082249751219994 0.09380976111674284 0.3622832835773323
2 0.527403311153651 0.47331183301502455 0.09578609034451775 0.3248317671334535
2 0.3922123880562531 0.31325660364945024 0.07740303344862035 0.24321814046254459
2 0.5745085251421628 0.555519383248418 0.09961003638663188 0.35615449246763525
3 0.8182937190331852 0.7334419770845971 0.10979269621229683 0.31887266847018053
3 0.2244562299588261 0.2983316960534521 0.07127534781665464 0.21601359823890837
3 0.11840798556361203 0.7783325146933927 0.08239931243329016 0.274565107574787