2 0.2731535756154748 0.46041666666666664 0.05861664712778429 0.2125
2 0.8341148886283705 0.7489583333333333 0.056858147713950764 0.24583333333333332
2 0.33411488862837047 0.3260416666666667 0.049824150058616644 0.19895833333333332
2 0.025205158264947247 0.446875 0.0492379835873388 0.21770833333333334
2 0.6365767878077374 0.5875 0.05158264947245018 0.19583333333333333
2 0.6266119577960141 0.484375 0.07854630715123095 0.203125
2 0.638335287221571 0.49375 0.06096131301289566 0.23645833333333333
2 0.5504103165298945 0.446875 0.04279015240328253 0.21354166666666666
2 0.556271981242673 0.37083333333333335 0.070926143024619 0.17291666666666666
2 0.5556858147713951 0.2677083333333333 0.053927315357561546 0.18541666666666667
3 0.15885111371629543 0.8822916666666667 0.059788980070339975 0.23541666666666666
3 0.9859320046893317 0.6208333333333333 0.02813599062133646 0.2375