2 0.6459554513481829 0.6125 0.08968347010550996 0.24166666666666667
2 0.25205158264947247 0.5572916666666666 0.050996483001172335 0.22916666666666666
2 0.5920281359906213 0.3885416666666667 0.04220398593200469 0.184375
2 0.6787807737397421 0.546875 0.05627198124267292 0.24479166666666666
2 0.34876905041031653 0.534375 0.08851113716295428 0.23645833333333333
2 0.40328253223915594 0.640625 0.07737397420867527 0.25
2 0.52989449003517 0.3177083333333333 0.0369284876905041 0.17604166666666668
2 0.36107854630715125 0.4270833333333333 0.04220398593200469 0.19583333333333333
2 0.29425556858147717 0.38645833333333335 0.03048065650644783 0.18020833333333333
2 0.42028135990621335 0.6239583333333333 0.05861664712778429 0.21875
3 0.10199296600234467 0.83125 0.08909730363423213 0.27395833333333336
3 0.9618991793669402 0.5604166666666667 0.041031652989449004 0.240625
3 0.3212192262602579 0.334375 0.031652989449003514 0.17291666666666666