2 0.7715200817822699 0.5309375685114364 0.09279923579411514 0.41836556281611126
2 0.4262309086284386 0.3489246493137506 0.07236486368859249 0.2633745640826852
2 0.2895885450754627 0.7214490402719449 0.08905034222603471 0.3473867591180557
2 0.18478371349040945 0.8550169856885649 0.0924104710822458 0.2899660286228702
2 0.46799497659701234 0.4850452936904174 0.08762565324244101 0.2702549356631482
2 0.5307041675601324 0.6699554269220841 0.1123333106721509 0.29835656154953727
2 0.6142565658279722 0.7557141372812972 0.10074638991742552 0.33953832700046316
2 0.6131494178173579 0.5566830687656027 0.1406398121320263 0.3516036578006483
2 0.6213224278741336 0.20905734282838054 0.10045993170867958 0.2520383270004631
2 0.5947024204626082 0.46111556015375094 0.07455948003578952 0.21763821099250008
3 0.7955332274306303 0.17979979254879747 0.06882740356030081 0.25697909371796307
3 0.032735093502331704 0.7452047036472222 0.06428812132799247 0.3026184665650002