2 0.3675263774912075 0.54375 0.06330597889800703 0.28229166666666666
2 0.5978898007033998 0.421875 0.06506447831184056 0.23020833333333332
2 0.447831184056272 0.3302083333333333 0.0627198124267292 0.2125
2 0.7456037514654161 0.3854166666666667 0.0492379835873388 0.21770833333333334
2 0.29308323563892147 0.33541666666666664 0.047479484173505275 0.2125
2 0.6541617819460727 0.6885416666666667 0.09613130128956623 0.25
2 0.32590855803048063 0.23020833333333332 0.049824150058616644 0.20104166666666667
2 0.6049237983587339 0.7416666666666667 0.11078546307151231 0.246875
2 0.5955451348182884 0.6895833333333333 0.04689331770222743 0.2989583333333333
2 0.42790152403282533 0.28125 0.07444314185228605 0.2
3 0.2842907385697538 0.7270833333333333 0.05041031652989449 0.25416666666666665
3 0.04630715123094959 0.33645833333333336 0.053927315357561546 0.18125
3 0.8300117233294255 0.28125 0.045134818288393906 0.18333333333333332