2 0.26318874560375144 0.7572916666666667 0.08616647127784291 0.25729166666666664
2 0.3235638921453693 0.653125 0.050996483001172335 0.246875
2 0.4525205158264947 0.465625 0.06037514654161782 0.1625
2 0.6541617819460727 0.4864583333333333 0.04279015240328253 0.18229166666666666
2 0.8634232121922626 0.6416666666666667 0.04220398593200469 0.228125
2 0.47362250879249707 0.6072916666666667 0.05216881594372802 0.30833333333333335
2 0.5568581477139508 0.5927083333333333 0.06858147713950762 0.22604166666666667
2 0.49941383352872215 0.6239583333333333 0.04279015240328253 0.2947916666666667
2 0.5586166471277842 0.48333333333333334 0.07209847596717468 0.17708333333333334
2 0.6512309495896834 0.390625 0.0369284876905041 0.15208333333333332
3 0.7608440797186401 0.8770833333333333 0.0492379835873388 0.24583333333333332
3 0.7420867526377491 0.3770833333333333 0.03927315357561548 0.175
3 0.07971864009378664 0.640625 0.03634232121922626 0.2375