2 0.42555685814771393 0.615625 0.07971864009378664 0.26145833333333335
2 0.48827667057444313 0.5010416666666667 0.07033997655334115 0.290625
2 0.40855803048065653 0.453125 0.06565064478311841 0.30520833333333336
2 0.7860492379835874 0.85625 0.08851113716295428 0.2791666666666667
2 0.35756154747948415 0.5364583333333334 0.08030480656506447 0.178125
2 0.7397420867526378 0.7708333333333334 0.06389214536928488 0.21979166666666666
2 0.764947245017585 0.5114583333333333 0.053341148886283704 0.2635416666666667
2 0.7860492379835874 0.6635416666666667 0.053341148886283704 0.20729166666666668
2 0.41090269636576787 0.48541666666666666 0.0697538100820633 0.171875
3 0.43669402110199296 0.9177083333333333 0.0615474794841735 0.16458333333333333
3 0.3071512309495897 0.3885416666666667 0.05275498241500586 0.25625