2 0.34306518684809695 0.6245100211393491 0.10815810921771846 0.2408884835484012
2 0.5652483562063347 0.4956351035212803 0.08764855531378536 0.20402869830132828
2 0.9263223919927019 0.5937409059533696 0.06391646004321273 0.256412689074552
2 0.22715497840561266 0.7861098676290041 0.07363623763100308 0.27792513703395894
2 0.33702944097163096 0.41966423984660894 0.051476791118231655 0.21181379579196005
2 0.46034964821076724 0.629873953965268 0.06860579181343547 0.2567522463875887
2 0.5063372516175233 0.5810588597699133 0.05278556967972526 0.22023201845355256
2 0.3695011041342621 0.371956251709607 0.053173340313387836 0.17240024111514504
2 0.43636622792546986 0.5175897220768991 0.09257666691714968 0.2189515889476984
3 0.5713640943846142 0.3730155495035208 0.05237623282291151 0.19523201845355256
3 0.9284165085523273 0.9025165027105839 0.081433231372079 0.19496699457883224