2 0.8628370457209847 0.5302083333333333 0.041031652989449004 0.23333333333333334
2 0.783704572098476 0.4239583333333333 0.056858147713950764 0.221875
2 0.522274325908558 0.35208333333333336 0.0697538100820633 0.15625
2 0.5779601406799532 0.5614583333333333 0.06916764361078546 0.22291666666666668
2 0.6840562719812426 0.7354166666666667 0.06858147713950762 0.27291666666666664
2 0.6365767878077374 0.7791666666666667 0.043962485345838215 0.253125
2 0.358147713950762 0.6416666666666667 0.04337631887456037 0.2375
2 0.33294255568581477 0.5979166666666667 0.08499413833528723 0.228125
2 0.34349355216881594 0.4479166666666667 0.03575615474794842 0.184375
2 0.4912075029308324 0.4739583333333333 0.047479484173505275 0.21770833333333334
3 0.3429073856975381 0.859375 0.06213364595545135 0.228125
3 0.2227432590855803 0.396875 0.04337631887456037 0.19583333333333333
3 0.8311840562719812 0.3854166666666667 0.043962485345838215 0.18333333333333332