2 0.8804096405967538 0.5806578537496448 0.07573168581013016 0.3062301747104783
2 0.7674389048051219 0.3838754747984206 0.06321462961193887 0.2389087436158415
2 0.48387796114857223 0.31725186595672566 0.056308495675465406 0.20312831893363578
2 0.5529833556301769 0.5531480117547182 0.055433389590085314 0.2924933974576457
2 0.41948102862075504 0.47721219771522383 0.10098002622478087 0.21005954651839906
2 0.4206691262863762 0.3575660342547728 0.05396382979035404 0.20298281572742002
2 0.2693941847839081 0.5073213604448027 0.05925260026158934 0.3426389006638613
2 0.24124074670925658 0.3707803628636007 0.05167561828468084 0.2444312275847634
2 0.27095839612611966 0.43444106957969 0.06709029466288095 0.33064816188561597
3 0.5553014770558187 0.8316599139934145 0.07931510899055831 0.26902118112290957
3 0.6182944011694974 0.3026718074008817 0.05667713187206361 0.21562831893363577