2 0.22937129634844264 0.4736425214824782 0.08647198537809182 0.2760652525249244
2 0.7779484018686691 0.6667889130073822 0.09455045225712097 0.31213701643262914
2 0.9370909476923975 0.7912857409880096 0.09436114917216022 0.3453611668924561
2 0.26678799671133246 0.679765621135546 0.1136099911818488 0.36377475953522426
2 0.33480156459595845 0.5858252706151476 0.08838159071384379 0.30117443539843075
2 0.44883583659076254 0.42618761118457016 0.08313930464872388 0.28198770390440536
2 0.345895545400534 0.4886728840630253 0.11596462704028294 0.28504482436258294
2 0.4110986671676395 0.37044665158877454 0.07228609632188572 0.23111424091635477
2 0.4211249365454625 0.3692913726802451 0.06605081042584757 0.2575424770086502
2 0.4036860633423842 0.3029065219340572 0.05957973703873367 0.19668907884795814
3 0.38600978312206785 0.8026335647502914 0.10053499570209853 0.3168495974668275
3 0.1806920618057437 0.25080259309434705 0.06698237089066592 0.20984417608899614
3 0.9584262356561452 0.6856864088606912 0.05648284380044133 0.28989316448042646