2 0.1686178604481243 0.4836052546850465 0.06695830554983054 0.21298664311009266
2 0.20580708240232395 0.5475842033930559 0.1036350091171821 0.2290731702122225
2 0.3259174559350552 0.7034506371563432 0.09755638959934887 0.27044889614944456
2 0.4097950091311304 0.5050283080018524 0.05889129222433148 0.3208835653492593
2 0.5046146602057502 0.40071965475916743 0.07731822640533152 0.2050897208709261
2 0.5954187048987065 0.5043806589380101 0.06607258604852498 0.2254381529885187
2 0.7066629332778405 0.7077515933345844 0.07674101007459672 0.28207607396111123
2 0.6429986875782705 0.6895081267695843 0.07939816857851294 0.24472154432583343
2 0.6734335699019605 0.6376923600520842 0.07922898268033332 0.28842305420425923
3 0.6532879263175334 0.9472244467435421 0.07442621281527444 0.10555110651291576
3 0.7498581501454865 0.4462465117740289 0.05836982369694042 0.1959805455924074
3 0.06712846269208472 0.4502684375630094 0.059420739648191334 0.24181387892574074