2 0.6178194607268465 0.5447916666666667 0.041031652989449004 0.26875
2 0.5158264947245017 0.45208333333333334 0.04337631887456037 0.22083333333333333
2 0.5468933177022274 0.4 0.07561547479484174 0.20208333333333334
2 0.5416178194607268 0.41458333333333336 0.07151230949589683 0.225
2 0.42555685814771393 0.37083333333333335 0.0627198124267292 0.18854166666666666
2 0.41207502930832357 0.28854166666666664 0.053927315357561546 0.18645833333333334
2 0.20105509964830012 0.4375 0.04630715123094959 0.23541666666666666
2 0.5169988276670574 0.6989583333333333 0.09261430246189918 0.2875
2 0.44607268464243843 0.484375 0.04806565064478312 0.23854166666666668
3 0.3939038686987104 0.7322916666666667 0.07913247362250879 0.28958333333333336
3 0.634232121922626 0.31875 0.038686987104337635 0.19270833333333334