2 0.9388666371874688 0.8328507560491037 0.09853348047429983 0.27880954651839907
2 0.7532063516221179 0.40640891140919777 0.08907197767904126 0.18246695196331117
2 0.6276302950080759 0.40904115654332895 0.06183545647909336 0.15996033175849825
2 0.5964816129740002 0.41336323906097205 0.04067889080885769 0.1544841362358909
2 0.5420495001022794 0.4485583319846795 0.058891471045877365 0.20349207694917482
2 0.49996732255633686 0.5262203592092397 0.04910449242214414 0.26117064585453775
2 0.5190622983440664 0.8151390154698419 0.08342958398165962 0.2882804423446643
2 0.5158732258410313 0.7450927181922978 0.08359232189589688 0.21126986061443867
2 0.1474902688535363 0.5189418358086768 0.08645542847122586 0.25099869715398765
2 0.033374930426533694 0.5929166754978961 0.06674986085306739 0.2794378477895762
3 0.36657715675547703 0.8119313070658268 0.06401738444996746 0.23711641669493938
3 0.21081234142375915 0.2976885433687288 0.046813419042803256 0.1756812275847634
3 0.8690767985695452 0.38336661098198344 0.060854128001354695 0.17447091348872376