2 0.541031652989449 0.590625 0.07913247362250879 0.26145833333333335
2 0.5381008206330598 0.4010416666666667 0.05920281359906213 0.18229166666666666
2 0.38569753810082064 0.346875 0.0615474794841735 0.16979166666666667
2 0.4642438452520516 0.71875 0.05627198124267292 0.265625
2 0.17819460726846426 0.6677083333333333 0.05803048065650645 0.2625
2 0.44314185228604924 0.359375 0.05216881594372802 0.15416666666666667
2 0.49296600234466587 0.5177083333333333 0.06565064478311841 0.209375
2 0.8827667057444314 0.5552083333333333 0.053341148886283704 0.246875
2 0.19050410316529895 0.36770833333333336 0.0914419695193435 0.21666666666666667
2 0.9771395076201641 0.6770833333333334 0.04572098475967175 0.25625
3 0.01817116060961313 0.7125 0.03634232121922626 0.23541666666666666