2 0.1964363042503315 0.4197916666666667 0.0897432267413601 0.2604166666666667
2 0.3782276069289587 0.521875 0.12336726089221525 0.2875
2 0.6898796763268918 0.79375 0.13237230324940127 0.3145833333333333
2 0.835829332925332 0.5947916666666667 0.11762847491163622 0.2916666666666667
2 0.6887679729873547 0.5572916666666666 0.12089971627490448 0.2833333333333333
2 0.5539804042765006 0.5583333333333333 0.10004348077330107 0.2916666666666667
2 0.6085503404847783 0.6 0.09047551414789497 0.325
2 0.5630336137700515 0.4479166666666667 0.09467831597598163 0.26875
3 0.5406147864523986 0.8604166666666667 0.07974518455325622 0.2791666666666667
3 0.6068856828503439 0.34479166666666666 0.06433050817505624 0.19375
3 0.9950997424679212 0.95 0.009800515064157527 0.1