2 0.14354109948228805 0.8356287755835183 0.11590018125257652 0.2856626010632409
2 0.6052731705920732 0.41083130408143426 0.06743640932782885 0.23580632953361114
2 0.48241086559130414 0.28380081560555487 0.06110834271671571 0.18561236904731496
2 0.16037969407049862 0.6612097860952312 0.07137465429597695 0.21308362335324085
2 0.39144162616701417 0.36246181978439757 0.058069308217641676 0.200050232015926
2 0.39232568091705866 0.7462791833862956 0.08285845457564775 0.3134230542042592
2 0.9278805870986669 0.3194685008917116 0.09812190768938828 0.24331707269453715
2 0.40773038251949006 0.6156101938980086 0.0920438386912402 0.2721927986317593
2 0.3636261017033714 0.7110573481531013 0.0883104355782035 0.30116550481212984
2 0.36347743105478275 0.5727096419727309 0.08004738679220152 0.2633745640826852
3 0.32693714315875333 0.8124393166179625 0.10542902781820396 0.25194134675731494
3 0.6279109304898208 0.25593728559115647 0.06104006209834536 0.18352903571398158