2 0.25381008206330596 0.5333333333333333 0.056858147713950764 0.21041666666666667
2 0.34232121922626024 0.553125 0.07561547479484174 0.20520833333333333
2 0.34759671746776083 0.4875 0.05158264947245018 0.1875
2 0.4249706916764361 0.5239583333333333 0.04337631887456037 0.21770833333333334
2 0.4835873388042204 0.32395833333333335 0.04689331770222743 0.16666666666666666
2 0.5240328253223916 0.6270833333333333 0.045134818288393906 0.22395833333333334
2 0.4742086752637749 0.6625 0.0668229777256741 0.24895833333333334
2 0.4091441969519343 0.24166666666666667 0.041031652989449004 0.14791666666666667
2 0.5955451348182884 0.190625 0.04630715123094959 0.16770833333333332
2 0.6371629542790153 0.28854166666666664 0.04279015240328253 0.17395833333333333
3 0.6348182883939039 0.7552083333333334 0.0492379835873388 0.24166666666666667
3 0.8264947245017585 0.28958333333333336 0.044548651817116064 0.18020833333333333
3 0.17819460726846426 0.21458333333333332 0.03458382180539273 0.17916666666666667