2 0.134232121922626 0.6385416666666667 0.049824150058616644 0.28229166666666666
2 0.2889800703399766 0.5854166666666667 0.05627198124267292 0.24583333333333332
2 0.5779601406799532 0.6260416666666667 0.0779601406799531 0.18020833333333333
2 0.638335287221571 0.5791666666666667 0.0984759671746776 0.225
2 0.45603751465416176 0.41041666666666665 0.03985932004689332 0.19270833333333334
2 0.5955451348182884 0.46875 0.041617819460726846 0.1875
2 0.48300117233294254 0.5229166666666667 0.06799531066822978 0.19895833333333332
2 0.4988276670574443 0.425 0.0668229777256741 0.16145833333333334
2 0.4794841735052755 0.3885416666666667 0.04689331770222743 0.196875
2 0.5082063305978898 0.30416666666666664 0.038686987104337635 0.17395833333333333
3 0.4454865181711606 0.7322916666666667 0.05216881594372802 0.23020833333333332
3 0.9361078546307151 0.365625 0.04220398593200469 0.18020833333333333
3 0.25908558030480655 0.384375 0.045134818288393906 0.171875