2 0.0984759671746776 0.39074135339159305 0.06799531066822978 0.2910158909121539
2 0.19460726846424384 0.5013956110675133 0.12075029308323564 0.3770770706428481
2 0.2567409144196952 0.4283911475328438 0.08675263774912075 0.2628191251867712
2 0.3645955451348183 0.4769808837871282 0.10668229777256741 0.32009964493688536
2 0.5099648300117233 0.6236308181588449 0.07151230949589683 0.3141144140053115
2 0.5310668229777257 0.8006646795999006 0.10316529894490035 0.34908445517706116
2 0.8540445486518171 0.6339641977671691 0.06330597889800703 0.3386900823434997
2 0.6705744431418523 0.38095104134910185 0.08206330597889801 0.2959099832847836
2 0.6629542790152403 0.2553033969398318 0.06565064478311841 0.2638113199611602
3 0.712778429073857 0.8443937642312132 0.07737397420867527 0.24150084138279576
3 0.9941383352872216 0.4017202501119552 0.011723329425556858 0.2568561880883024
3 0.08499413833528723 0.2487301363598075 0.059788980070339975 0.2530915592503423