2 0.37749120750293086 0.34375 0.04865181711606096 0.209375
2 0.64947245017585 0.3958333333333333 0.0627198124267292 0.21979166666666666
2 0.4454865181711606 0.6260416666666667 0.06506447831184056 0.24895833333333334
2 0.08382180539273154 0.690625 0.0627198124267292 0.284375
2 0.5398593200468933 0.7197916666666667 0.06858147713950762 0.3
2 0.6541617819460727 0.828125 0.10082063305978899 0.25833333333333336
2 0.15533411488862836 0.6572916666666667 0.07561547479484174 0.22916666666666666
2 0.4296600234466589 0.17708333333333334 0.049824150058616644 0.20104166666666667
2 0.5826494724501758 0.7489583333333333 0.08968347010550996 0.21979166666666666
2 0.9232121922626025 0.334375 0.04279015240328253 0.23229166666666667
3 0.4232121922626026 0.81875 0.05158264947245018 0.23645833333333333
3 0.18522860492379836 0.2875 0.05216881594372802 0.19791666666666666
3 0.8716295427901524 0.253125 0.038686987104337635 0.18229166666666666