2 0.5570126190963685 0.44436317204785936 0.11688621753177844 0.31517701847165186
2 0.8535464292101959 0.38241090406029127 0.13384684803579408 0.37477177832815334
2 0.30418307439732684 0.4122942917038207 0.12910604687279442 0.2933277127092044
2 0.0358827722201439 0.20081903473979723 0.0717655444402878 0.3116838373305707
2 0.1596357434827756 0.3369719092928676 0.16704579161061275 0.3505023964695798
2 0.3446742355585322 0.5263638946818613 0.13478339348727375 0.2875628767565768
2 0.689458824178523 0.2162238116960198 0.09183715017541114 0.2985559961393545
2 0.4568620243139335 0.6282644962819587 0.2382094048565572 0.1859761957520874
2 0.22249419936476963 0.2081134190810732 0.14866208571298137 0.32196357099412937
3 0.6982546867081898 0.7309013057684598 0.16007323332137846 0.3520035329460664
3 0.9757305774234514 0.24448559030336917 0.03674248686195543 0.2545091535701952