2 0.2770482869651825 0.49393529501208655 0.0819330688497593 0.29797379928250767
2 0.45065404175484747 0.5638038899956523 0.10801096496516638 0.31469185442427944
2 0.48123891281214465 0.466634919496861 0.1306946785582701 0.33736881113762784
2 0.43343378612071587 0.39779363082812236 0.11325854815112632 0.28392701847165186
2 0.3367274992906111 0.1967634524429273 0.07626120663662682 0.24758566804460974
2 0.45301920187172456 0.23497683816214635 0.08446753723451675 0.24826489771093108
2 0.6846126309197285 0.39156342652918047 0.11714399589488445 0.3029681169000753
2 0.7949589236214415 0.5238664270815602 0.16825027148850683 0.34255719437414445
2 0.8241946829494508 0.4060096724636472 0.14136849134663507 0.34449210642289807
2 0.8230986495022038 0.3426620714159295 0.10295318427885244 0.2955537231863815
3 0.7547032396029163 0.5771170261989551 0.09028826317884041 0.24666672842497023
3 0.05083270307981564 0.33170372566908396 0.08078678333303134 0.23964046594917435
3 0.826451918103591 0.05901512627850532 0.0821489187752331 0.11803025255701063