2 0.05123547352584415 0.6939674462126065 0.08561991311285258 0.362065107574787
2 0.16795885878040298 0.5529652390727897 0.08600768374651513 0.3141726826861808
2 0.5759415059013573 0.5809995545300668 0.10072379574713855 0.3540469173562414
2 0.29964791898030235 0.5023092514852759 0.07442079993989618 0.3222635982389084
2 0.4069208937449316 0.5719903705707924 0.10279557039437409 0.3374287342456957
2 0.49559356688999023 0.436778299437763 0.07028979582700831 0.28469087290472667
2 0.6910006912954869 0.5890405269467955 0.06990202519334587 0.3325832977933326
2 0.38542387117370625 0.3692411181307315 0.06532757281890973 0.26792723912581756
2 0.4548814617247348 0.3855191865584898 0.06660223997566896 0.2742014809038781
3 0.6484969616924325 0.8222897438468555 0.09565923852483645 0.3310332835773323
3 0.02338393294319778 0.3538030399957578 0.03967269370162262 0.27572725334181775
3 0.6933812306553403 0.48374734739025005 0.07018746161280504 0.2784408729047266