2 0.21197215041274126 0.4495047503667087 0.10786432774051538 0.2760504822302902
2 0.23105385885791507 0.5281160916087075 0.09011552674913993 0.26852714230640246
2 0.2837430126738356 0.4672254440546489 0.07850140189227651 0.27184491569047725
2 0.28360004227937397 0.6519400013676857 0.12108760381470811 0.2894842648411412
2 0.5552536712462128 0.6841343255238175 0.12133169792336967 0.25415248750273395
2 0.8861068814703162 0.81036867274689 0.12122249335467625 0.2499858208360673
2 0.43797708790258844 0.36359283406675086 0.07490411580898818 0.3131720250441071
2 0.5886074123644581 0.3974602240788529 0.09254047988987257 0.22711514362451327
2 0.46244673149975374 0.3486663986293976 0.06680375743799434 0.2273309117361445
3 0.8562749876924343 0.9298173765510401 0.11773117949828388 0.14036524689791985
3 0.6261397575245735 0.287464459262499 0.05270684481425395 0.18056379579196005