2 0.20105509964830012 0.6947916666666667 0.111957796014068 0.278125
2 0.39800703399765536 0.5822916666666667 0.08499413833528723 0.23645833333333333
2 0.2508792497069168 0.4 0.07971864009378664 0.225
2 0.4372801875732708 0.396875 0.08909730363423213 0.17916666666666667
2 0.3300117233294256 0.42604166666666665 0.07561547479484174 0.21354166666666666
2 0.7151230949589683 0.578125 0.0369284876905041 0.246875
2 0.6406799531066822 0.4239583333333333 0.0627198124267292 0.21770833333333334
2 0.8370457209847597 0.7072916666666667 0.047479484173505275 0.2625
2 0.7033997655334114 0.40625 0.04865181711606096 0.184375
2 0.33821805392731535 0.3645833333333333 0.08264947245017586 0.20104166666666667
3 0.5586166471277842 0.7708333333333334 0.05627198124267292 0.2604166666666667
3 0.7268464243845252 0.34479166666666666 0.0369284876905041 0.17395833333333333
3 0.1271981242672919 0.32916666666666666 0.04572098475967175 0.209375