2 0.3444367021331195 0.3776543507002258 0.0803031238348149 0.2643493675207509
2 0.6161290051919364 0.4895067138079515 0.08856590881214288 0.3065982310442645
2 0.5885708937988045 0.3084964237612698 0.09110984775553778 0.19458339509163677
2 0.8072093048551903 0.5842956628000089 0.10213740420735226 0.3305822586151502
2 0.2132948057318745 0.5704681786583787 0.07085803594160826 0.3009760722354805
2 0.8009242322966249 0.27203824482369504 0.12232777665518202 0.22210624813797325
2 0.1519133871296039 0.47186653818465485 0.07425215603707591 0.2971005039972373
2 0.04903534506855621 0.631689519713003 0.06956282426685319 0.29671237275933937
2 0.6785665457214742 0.28684979982887504 0.08567327361879559 0.24816786490145665
2 0.7279249155476818 0.31483499475539917 0.0722246569557859 0.2283505039972373
3 0.9441987207723104 0.7483853702706248 0.09294804375186726 0.29656969561549573
3 0.7363637313802356 0.18460383925488116 0.06309673586640073 0.196421274330916
3 0.01845174977655478 0.46705479790456456 0.017611538597804833 0.27994292914246244