2 0.9170648474055579 0.8509825335426269 0.10393942795114658 0.2980349329147463
2 0.8347477502926062 0.6149696781211017 0.09641400973669212 0.28746456505314816
2 0.8167628491655105 0.4865215588689392 0.07154769149256367 0.23111424091635477
2 0.6565370681967071 0.5308293223250649 0.0960317937462652 0.2728812317198148
2 0.3000290389472453 0.6046564382620396 0.10947347895784476 0.2949155766617179
2 0.1963498668137473 0.7093041301062963 0.11214575854903645 0.3076339424087304
2 0.2220720437275373 0.30748046585165945 0.09414963110720202 0.24568871551297514
2 0.3781272146274116 0.2825276375681751 0.10219215485205166 0.24020299562751954
2 0.0526587072135021 0.3582064329864011 0.09396013928288725 0.2830795326394688
2 0.7063340039947027 0.8791518272261917 0.1239236902589401 0.24169634554761668
3 0.6087445158552099 0.8967391847568897 0.0882879663944236 0.20652163048622044