2 0.7902398340135033 0.4080795243409418 0.09256594286966982 0.2985243225097669
2 0.18635994940282263 0.6645153354954104 0.12892315543152272 0.36003193073444706
2 0.2827722440299704 0.5935025443687139 0.11987200203871372 0.37640767965231015
2 0.5330169676733798 0.30525125486357496 0.09587824785506383 0.2882167499989015
2 0.6650737568263131 0.36042031709139305 0.09018033821610368 0.2963682597392327
2 0.6029010397321202 0.2709384399276684 0.11282311304075276 0.3158091893926413
2 0.3324010135473406 0.4856003154720322 0.10133052488329655 0.2675652402585705
2 0.5738215898066157 0.4076202337591582 0.09955900175654916 0.2966591774880364
2 0.9688922134062814 0.36046377920891054 0.055255982550160385 0.30777731818121906
2 0.2867339912690373 0.511283607139248 0.08399116335568868 0.27951976947956375
3 0.14015516994054789 0.32954558982505666 0.07605651279435406 0.23346824783462772
3 0.3537225668507042 0.7437101883072089 0.09296043921158847 0.25897735389503396
3 0.9316753115544206 0.13521449836526106 0.07803272976337447 0.21479097727182855