2 0.8560855699769176 0.6257521020514962 0.08041516919726223 0.28947812685829294
2 0.15152629149523858 0.4850400540163078 0.10653388582476273 0.34081174065255815
2 0.6730375243253354 0.5205949934912655 0.09314713561973693 0.2651449337554255
2 0.696251869919538 0.3943523079102455 0.07682996372557933 0.27887960376513543
2 0.36900128367097734 0.5644505743827131 0.09216578128042525 0.294250981613262
2 0.412254419919052 0.4538440357182457 0.1038345453907695 0.28652383636823103
2 0.3068876890414733 0.48117472851296744 0.09067969777539725 0.2462736961377651
2 0.6108011577366029 0.41856914762151987 0.08240516053349174 0.23543269780928663
2 0.3203571085538329 0.7472352070913317 0.07950202150196625 0.329000841382796
2 0.18584410738896992 0.44262679915581565 0.0733948128707312 0.2911977473386447
3 0.32326065825261585 0.7429169934025895 0.06272104442850171 0.27190217805917266
3 0.8335435954876682 0.227824288468277 0.057840734055034954 0.2424930361571849
3 0.23394945001839004 0.1775504997805304 0.061398656869111404 0.24892489258367564