2 0.4618991793669402 0.434375 0.06330597889800703 0.228125
2 0.3892145369284877 0.5177083333333333 0.09788980070339977 0.171875
2 0.3276670574443142 0.6697916666666667 0.09613130128956623 0.25416666666666665
2 0.27549824150058616 0.4583333333333333 0.0615474794841735 0.20520833333333333
2 0.1951934349355217 0.49895833333333334 0.0615474794841735 0.2375
2 0.7280187573270809 0.571875 0.10609613130128957 0.24166666666666667
2 0.8376318874560376 0.6864583333333333 0.07561547479484174 0.22395833333333334
2 0.3130128956623681 0.4114583333333333 0.05803048065650645 0.20729166666666668
2 0.6694021101992966 0.5427083333333333 0.05451348182883939 0.22395833333333334
2 0.712778429073857 0.53125 0.05861664712778429 0.23020833333333332
3 0.6014067995310668 0.721875 0.05216881594372802 0.23541666666666666
3 0.7502930832356389 0.29375 0.03751465416178194 0.17083333333333334
3 0.12192262602579132 0.3145833333333333 0.05627198124267292 0.175