2 0.3388042203985932 0.6739583333333333 0.06565064478311841 0.25729166666666664
2 0.608440797186401 0.571875 0.0779601406799531 0.22604166666666667
2 0.9062133645955451 0.41770833333333335 0.0873388042203986 0.21354166666666666
2 0.5779601406799532 0.8041666666666667 0.09671746776084408 0.26145833333333335
2 0.645369284876905 0.3375 0.07327080890973037 0.19166666666666668
2 0.16178194607268465 0.3854166666666667 0.06858147713950762 0.190625
2 0.5017584994138335 0.37395833333333334 0.06799531066822978 0.190625
2 0.7661195779601406 0.6114583333333333 0.053341148886283704 0.23645833333333333
2 0.15181711606096132 0.27708333333333335 0.04806565064478312 0.196875
3 0.5193434935521688 0.859375 0.08792497069167643 0.24166666666666667
3 0.20691676436107856 0.26979166666666665 0.041617819460726846 0.15833333333333333