2 0.1735052754982415 0.690625 0.07502930832356389 0.2677083333333333
2 0.735052754982415 0.409375 0.10023446658851114 0.221875
2 0.8259085580304807 0.51875 0.10550996483001172 0.25104166666666666
2 0.3048065650644783 0.378125 0.06506447831184056 0.21979166666666666
2 0.0668229777256741 0.5375 0.06330597889800703 0.2635416666666667
2 0.4859320046893318 0.48333333333333334 0.06096131301289566 0.2552083333333333
2 0.21629542790152403 0.3416666666666667 0.06623681125439625 0.203125
2 0.9788980070339977 0.40625 0.04044548651817116 0.2375
2 0.4425556858147714 0.41458333333333336 0.05568581477139507 0.24270833333333333
2 0.6307151230949589 0.7302083333333333 0.056858147713950764 0.28229166666666666
3 0.37514654161781946 0.25104166666666666 0.07678780773739742 0.21041666666666667