2 0.4015002987146935 0.5078456060071104 0.07563133569714332 0.3060160341874176
2 0.500087481919006 0.3484335778838447 0.0595929446863573 0.22350460766424937
2 0.07102815456359755 0.43365587014004514 0.07859582953880592 0.250057132615841
2 0.2122533478462981 0.4411816570150529 0.07380418203043418 0.2392523347112764
2 0.25788654648779347 0.5552855704417498 0.08143161096703247 0.30025119823478996
2 0.6076437615119976 0.565499864069881 0.0953972905395519 0.29099892528181687
2 0.4989749029378402 0.592934146122088 0.1035217685469224 0.28334482161480495
2 0.47875312951908955 0.26340217038470803 0.07469003090617275 0.21018270085408422
2 0.5767815700105697 0.5837618279521407 0.09502895388221543 0.2534989252818169
2 0.676672461135532 0.6763361003527338 0.09451144166381313 0.3200685591390093
3 0.6200262097078656 0.7528314926884846 0.07651718457288184 0.27694640033022516
3 0.7187510056170998 0.3092870465889052 0.05241570499761473 0.20833907747406927