2 0.4876905041031653 0.43645833333333334 0.07327080890973037 0.25833333333333336
2 0.30128956623681125 0.640625 0.0627198124267292 0.296875
2 0.6893317702227433 0.41770833333333335 0.09613130128956623 0.24479166666666666
2 0.39800703399765536 0.32916666666666666 0.053927315357561546 0.23854166666666668
2 0.6670574443141852 0.7458333333333333 0.08147713950762016 0.2916666666666667
2 0.24091441969519342 0.7989583333333333 0.0779601406799531 0.3375
2 0.6107854630715123 0.5270833333333333 0.06037514654161782 0.25416666666666665
2 0.5668229777256741 0.4552083333333333 0.05861664712778429 0.259375
2 0.34349355216881594 0.34479166666666666 0.06565064478311841 0.1875
3 0.5334114888628371 0.8458333333333333 0.07151230949589683 0.2760416666666667
3 0.5996483001172332 0.28541666666666665 0.05216881594372802 0.19583333333333333