2 0.05149733994102801 0.8548173345393482 0.08272823041645083 0.2903653309213036
2 0.21493342937154888 0.7446986499311806 0.09360684060553229 0.31422034976596247
2 0.4248838528556676 0.558542728024703 0.09706923714885277 0.3124645650531482
2 0.4503556447403059 0.34894050354097733 0.06538733038677709 0.26379247700865016
2 0.5376157778759818 0.2703979285368533 0.08913268563089896 0.23275198401894978
2 0.6776613400290821 0.48706160485163896 0.08755245172664168 0.26170028493860387
2 0.9192759792769429 0.3706840615067585 0.12291516416942444 0.3169499216036209
2 0.721193384902189 0.7093556188722384 0.12847813248919443 0.3507199864309797
2 0.6106953919089464 0.6656499125558032 0.08687153934320634 0.28034110206509744
2 0.6449403736935203 0.6145403663473139 0.11285558824554388 0.33471727574206367
3 0.3050472530682377 0.8989007515446992 0.08338022548681397 0.2021984969106017
3 0.16314691629980022 0.3441202909686782 0.06647614373191395 0.2160941760889962