2 0.6514636259566903 0.42244586118713595 0.0890230604918684 0.33632570257462846
2 0.7565852168881295 0.4817777450036349 0.07720424499672983 0.30703783112023353
2 0.2192073622104757 0.7081743780936943 0.10658077289603751 0.3281741764228874
2 0.5167745349867794 0.2842503226732909 0.07237168412213411 0.2632393492051423
2 0.48217444372412627 0.6377449972758621 0.09954677524070332 0.3281014535502507
2 0.38238213287592654 0.2366797841594459 0.09921257399716667 0.2260181202169172
2 0.3918703141663339 0.4490888805686497 0.09586608600803882 0.27806509211393204
2 0.398982746807396 0.4729744910293461 0.09356916315771843 0.29262418448971983
2 0.35042982597768774 0.5036858242317517 0.09358962445834305 0.29887418448971964
2 0.2691262167120807 0.3784804706004098 0.12760774109308257 0.3054756783741316
3 0.1378381771996302 0.20483190398357962 0.08980662872255493 0.2175878230534013
3 0.4571367768942442 0.8682199811421975 0.08640557726509447 0.25296812828374937