2 0.3676455082322221 0.5092670231165155 0.10347049692613501 0.2612973702404384
2 0.25166826723829294 0.2668275369318926 0.1020115926043974 0.24662914757884594
2 0.8950427582392018 0.74821177485091 0.08738534587799196 0.2767755863114767
2 0.5319284544400614 0.826977082431506 0.15013307336026194 0.3125247207092135
2 0.4252926486300106 0.43438726752693785 0.08163160612795053 0.22226936233177313
2 0.06394055465659126 0.3645337990872373 0.11474349989869168 0.23922959685636372
2 0.9557174626016078 0.5529231325692948 0.08856507479678438 0.2644453649679948
2 0.10500570074318143 0.3394223702404385 0.091010269668396 0.22294847695784661
2 0.6903087474715909 0.4868631443827182 0.0800238380750213 0.25959958367525476
3 0.19880167429620108 0.7934935132058963 0.09676400941843752 0.2774547009375501
3 0.05136866717668937 0.2013546844611638 0.07180261613450475 0.19867358103903296
3 0.6989505131798541 0.45004225900879175 0.07358903060387902 0.23000847036729202