2 0.3528722157092614 0.4041666666666667 0.07678780773739742 0.25
2 0.6178194607268465 0.30104166666666665 0.053341148886283704 0.22083333333333333
2 0.536928487690504 0.42916666666666664 0.06565064478311841 0.2635416666666667
2 0.6436107854630715 0.22604166666666667 0.04865181711606096 0.1875
2 0.40328253223915594 0.45 0.06096131301289566 0.24166666666666667
2 0.4900351699882767 0.44583333333333336 0.05158264947245018 0.253125
2 0.451348182883939 0.440625 0.05275498241500586 0.23229166666666667
2 0.46131301289566234 0.38229166666666664 0.05509964830011723 0.23541666666666666
2 0.488862837045721 0.334375 0.03341148886283705 0.26666666666666666
2 0.5416178194607268 0.41875 0.04865181711606096 0.21145833333333333
3 0.5228604923798359 0.825 0.06447831184056271 0.2708333333333333
3 0.40386869871043374 0.26145833333333335 0.04630715123094959 0.2