2 0.6431921341725763 0.5090799414626752 0.10100301473565985 0.24891054592603817
2 0.46696443057210596 0.37233210565438646 0.09719944452881102 0.2342908511563864
2 0.3685108004113686 0.46399340658946286 0.09857647131363949 0.2447196383018259
2 0.5592679818587083 0.5047382223615988 0.06247978270514064 0.2568439034598683
2 0.6118648120890349 0.7646640096379661 0.0722827252727586 0.3381787468112781
2 0.2634400059511562 0.6067751573032293 0.08007966818610276 0.3174302568293546
2 0.5355980025632691 0.254932150021964 0.05487264229144255 0.22760451392056477
2 0.3261449270352585 0.5456979245434437 0.11434526829734691 0.09283023262885783
2 0.37532523772934145 0.7212668925379703 0.06609355041234362 0.32145147775074745
2 0.42643895899427703 0.7863767721901253 0.055419737623978796 0.3150923934417918
3 0.9207317112067521 0.34159375346325066 0.054463254606896716 0.20677118058723137
3 0.31186105695157806 0.32600928194634615 0.0411172657857841 0.18372118865406364
3 0.47895017642826837 0.8629328646968408 0.10836452253863067 0.2656499354653417