2 0.5819607605127536 0.4517286400996724 0.08554644673254169 0.258288745667123
2 0.20111575590798403 0.5809259905871613 0.0894714759927638 0.22519788756911083
2 0.9395670586949529 0.8191112111393423 0.10107338842701567 0.27157679018191627
2 0.28053683769586024 0.5382319355156232 0.07762672957590222 0.27036441400531147
2 0.9209998359974876 0.5468310419653931 0.05666804333052483 0.27552327544636696
2 0.48799496558953315 0.7559001909924065 0.13047724980465814 0.277258927069339
2 0.43167623892002793 0.4240408715588615 0.09983139684826485 0.21741012351524952
2 0.45998637613185295 0.558154233835678 0.06260335612773309 0.2279703216326818
2 0.4839863668602639 0.4786956200414127 0.07485214352891542 0.2514931763876509
3 0.9890588733655299 0.4272052005825972 0.02188225326894027 0.20782608902958633
3 0.21327698439188492 0.3946606605968713 0.05372826083359271 0.19837932330420346
3 0.4696635692222832 0.8778246628846842 0.08542901918947125 0.2020993644759533