2 0.6570926143024619 0.6114583333333333 0.05158264947245018 0.28854166666666664
2 0.4947245017584994 0.48854166666666665 0.06740914419695193 0.2625
2 0.25908558030480655 0.634375 0.06330597889800703 0.3072916666666667
2 0.41031652989449 0.46979166666666666 0.047479484173505275 0.2760416666666667
2 0.33177022274325907 0.6427083333333333 0.0627198124267292 0.31145833333333334
2 0.8774912075029309 0.7135416666666666 0.04865181711606096 0.30520833333333336
2 0.9138335287221571 0.5625 0.047479484173505275 0.26979166666666665
2 0.4126611957796014 0.709375 0.04689331770222743 0.196875
3 0.42555685814771393 0.8854166666666666 0.06799531066822978 0.22916666666666666
3 0.9706916764361079 0.446875 0.043962485345838215 0.22395833333333334
3 0.33939038686987105 0.48020833333333335 0.05803048065650645 0.24375