2 0.8370457209847597 0.6770833333333334 0.053341148886283704 0.29375
2 0.7450175849941383 0.565625 0.07620164126611957 0.24166666666666667
2 0.48007033997655335 0.4739583333333333 0.07327080890973037 0.24583333333333332
2 0.3839390386869871 0.49270833333333336 0.047479484173505275 0.246875
2 0.3276670574443142 0.5989583333333334 0.0779601406799531 0.23854166666666668
2 0.34642438452520513 0.5458333333333333 0.056858147713950764 0.20729166666666668
2 0.40855803048065653 0.625 0.07327080890973037 0.24479166666666666
2 0.2543962485345838 0.7125 0.09202813599062133 0.26666666666666666
2 0.3798358733880422 0.27395833333333336 0.04572098475967175 0.16354166666666667
2 0.4167643610785463 0.32916666666666666 0.06623681125439625 0.18125
3 0.5861664712778429 0.7635416666666667 0.05744431418522861 0.25729166666666664
3 0.7116060961313013 0.2708333333333333 0.04044548651817116 0.19479166666666667
3 0.05216881594372802 0.25 0.05041031652989449 0.18645833333333334