2 0.16588511137162953 0.615625 0.05509964830011723 0.32916666666666666
2 0.31008206330597887 0.45208333333333334 0.05568581477139507 0.19166666666666668
2 0.3563892145369285 0.55625 0.10668229777256741 0.2604166666666667
2 0.3886283704572098 0.46875 0.06389214536928488 0.19791666666666666
2 0.49648300117233296 0.8166666666666667 0.0738569753810082 0.33645833333333336
2 0.5357561547479485 0.6208333333333333 0.047479484173505275 0.28125
2 0.597303634232122 0.3614583333333333 0.03223915592028136 0.21979166666666666
2 0.6248534583821805 0.4010416666666667 0.04337631887456037 0.2375
2 0.8499413833528722 0.575 0.07327080890973037 0.28958333333333336
3 0.8686987104337632 0.775 0.059788980070339975 0.19791666666666666
3 0.8429073856975381 0.37604166666666666 0.047479484173505275 0.221875
3 0.14302461899179367 0.3854166666666667 0.04337631887456037 0.21666666666666667