2 0.2146981877253701 0.4344947005809005 0.09504652726429197 0.21580485966286803
2 0.47955685034563084 0.2888495343300217 0.07361015195016433 0.1994749357589941
2 0.38388533784372897 0.42984845961183865 0.0572452596612599 0.20019980975968477
2 0.689237255889036 0.278772328100757 0.0582484067056357 0.24394980975968478
2 0.953635158477558 0.28080124649285865 0.06104887193017715 0.21299090818810823
2 0.8125252852090002 0.3111951836297958 0.07746153312595674 0.2143493675207509
2 0.53423951807265 0.32799047587998403 0.08172094473430408 0.19598749875864882
2 0.43091301212603855 0.4966549313519812 0.06836948302676145 0.226073105044955
3 0.958679791081152 0.49455980094565893 0.06162209881267753 0.23799090818810822
3 0.4674573538374252 0.4593204306630097 0.06226897377960787 0.21517127433091593
3 0.20327937202214952 0.26908946043740206 0.04846570218086946 0.1745205800933635