2 0.22860492379835873 0.5135416666666667 0.09788980070339977 0.22395833333333334
2 0.9536928487690504 0.25625 0.08968347010550996 0.19583333333333333
2 0.6318874560375146 0.36354166666666665 0.07209847596717468 0.23229166666666667
2 0.39331770222743256 0.56875 0.10844079718640094 0.2708333333333333
2 0.4706916764361079 0.45 0.07268464243845252 0.196875
2 0.7954279015240329 0.26979166666666665 0.07913247362250879 0.22916666666666666
2 0.5029308323563892 0.3302083333333333 0.07561547479484174 0.2375
2 0.7532239155920282 0.709375 0.12661195779601406 0.26666666666666666
2 0.7456037514654161 0.5385416666666667 0.12133645955451348 0.20729166666666668
3 0.3974208675263775 0.19791666666666666 0.05216881594372802 0.2
3 0.4876905041031653 0.7697916666666667 0.08030480656506447 0.32916666666666666