2 0.5575955361630335 0.5488490734602325 0.06764142975066187 0.254146841377145
2 0.4432483506325371 0.3631976456283565 0.08500817001566723 0.18857144875709556
2 0.28159599279714215 0.4128207001905673 0.06737543284254095 0.17289684137714498
2 0.4307998174746938 0.6796592890640963 0.07118571031249517 0.2626984295198019
2 0.7150522620333755 0.2921526070406784 0.052244231525982 0.2052844038700769
2 0.3520212247697529 0.43449727067076543 0.07091971340437425 0.18144842951980186
2 0.8115655076012693 0.4028536422525048 0.051167384653008297 0.23437831893363564
2 0.38691839570476083 0.3489813892441979 0.06034825562074833 0.17454366509183158
2 0.9919168280191552 0.5009885195723486 0.016166343961689658 0.2594246073799503
2 0.7084612017449464 0.24880274085777135 0.05566574428406708 0.17633599201273367
3 0.1789895785893534 0.4108531321291672 0.07323027712177775 0.1711772660593508
3 0.7663416328635384 0.19936820317060153 0.03917123788578875 0.15031746956922434
3 0.7873117998153705 0.6950428017193228 0.07128119638207715 0.2918650961864685