2 0.27265801038429055 0.44350361370854563 0.11101984756066181 0.24278175071376645
2 0.40267880179796783 0.36358686637355625 0.053057092685215725 0.20260451392056472
2 0.6893132260543701 0.4561457772456177 0.05679238232981633 0.21930754202354993
2 0.8189485778437928 0.7189797849196665 0.09507105435086637 0.2780287306776136
2 0.7541862098021621 0.5161995240568958 0.06636205033507885 0.2339878391870658
2 0.29944136617892375 0.7261104128233058 0.1077221197483914 0.3489832687986753
2 0.21853674996652306 0.7263157664546476 0.0768048816080762 0.31533480301724853
2 0.4215706002425164 0.5325550349914671 0.09234437953612094 0.2488378230534013
2 0.43423530881609984 0.4608012397791953 0.04618681314258184 0.21503179104792783
2 0.3429010144075287 0.585915689819741 0.053711965136016906 0.2526045139205647
3 0.06811025766505112 0.708091618265673 0.06497240677405251 0.30688026489618686
3 0.8554848441232251 0.4359858249919723 0.05613849007747812 0.25887875487811046
3 0.15864254528156813 0.37564914012214223 0.05308437903733239 0.20468784725389805