2 0.6427565597438448 0.5353156865374796 0.10845567051697641 0.2785582622049195
2 0.4579648880090047 0.36561072800839817 0.10365720811632871 0.26155203822521617
2 0.3477310774195049 0.4524652424828307 0.10491138903170318 0.27413692755347535
2 0.5525414884822697 0.5204458749281888 0.06631989122898756 0.2859189130542553
2 0.5993449055455041 0.8062604487176118 0.07743018219291782 0.3720995836752548
2 0.2289362616832334 0.5928921983261156 0.08550009950277615 0.35186047563973566
2 0.5367366877527451 0.24729753500430093 0.059053990984000035 0.2499929104180336
2 0.2991061322937927 0.5344014466908706 0.12377702540850441 0.11308004613388149
2 0.34532379355300685 0.7305477978187012 0.07027341257835538 0.3528402477056995
2 0.39818067526677886 0.8083685955878276 0.058509159166389 0.3457413544231078
3 0.948668072441378 0.38863691188486865 0.058917577695968365 0.2291595770847003
3 0.2918619260437823 0.2973064433955935 0.042341220554551126 0.2029711264890717
3 0.45158279946541924 0.8738486304681916 0.11673020775888204 0.25230273906361683