2 0.5955451348182884 0.7114583333333333 0.08147713950762016 0.309375
2 0.8376318874560376 0.503125 0.06858147713950762 0.2635416666666667
2 0.406799531066823 0.5854166666666667 0.10082063305978899 0.2760416666666667
2 0.13071512309495897 0.7552083333333334 0.07327080890973037 0.296875
2 0.24325908558030482 0.51875 0.10375146541617819 0.24270833333333333
2 0.4771395076201641 0.5364583333333334 0.05803048065650645 0.2708333333333333
2 0.7936694021101993 0.796875 0.0627198124267292 0.22916666666666666
2 0.3212192262602579 0.5989583333333334 0.11430246189917936 0.140625
2 0.44021101992966 0.48541666666666666 0.07327080890973037 0.3333333333333333
3 0.3939038686987104 0.84375 0.07151230949589683 0.25
3 0.3821805392731536 0.41458333333333336 0.04337631887456037 0.21458333333333332