2 0.41578295074711347 0.46874017566753196 0.06506778056825237 0.22238758015539042
2 0.23042897459778497 0.47283404657494443 0.09363384675228674 0.23871695196331105
2 0.16018364958692413 0.4518386595233633 0.0877721820395083 0.23835319394777202
2 0.7198248259917575 0.6799637919918025 0.08764431832064752 0.273697109011331
2 0.574183239190984 0.38395185442818885 0.07062224845053244 0.2123346715042627
2 0.7772409129872668 0.6627316630123055 0.08332860773368422 0.2463955208686741
2 0.6449308588670466 0.5806979017340055 0.0725932931523841 0.23949075644070394
2 0.9386650025997574 0.8193553778287518 0.08782863641894648 0.27994710901133096
2 0.6128162644092142 0.32500345140207487 0.0654414017515121 0.1953769984251649
2 0.2553344135122259 0.40471566677975734 0.1383668166677019 0.2477315128814078
3 0.6300267643971214 0.8490709121400699 0.07684756437324754 0.26470901125002727
3 0.1254993814893085 0.2677282027790014 0.06210872102214407 0.2014087436158415
3 0.8085526836663102 0.434887756779976 0.06346537206299892 0.20773149521894918