2 0.4289795433456895 0.49949720523024715 0.07953527001475794 0.30370753246339305
2 0.5260141612662163 0.5943722585402482 0.10646482552583098 0.2938484266921201
2 0.2560979467032044 0.5145312008275179 0.07713604066131402 0.2869923822406052
2 0.06675253561337802 0.5142795813176371 0.09707934155184383 0.29157115913430204
2 0.6645097286760141 0.6404700620624316 0.1065534911618712 0.32093176002545337
2 0.7177485710591743 0.6081170611606747 0.11839276795763479 0.3565908444727261
2 0.21725067941063997 0.4663728461701842 0.05368938181020037 0.2865075466793934
2 0.10125188362609476 0.8458803573095769 0.07602509162063245 0.3057181404625448
2 0.6305533867564452 0.8328518611818858 0.13342848320461176 0.2944059875875136
2 0.7166376220184927 0.6268913029387353 0.07369406660260426 0.30983632357309004
3 0.5674349697808313 0.8914525838638244 0.0709469951385405 0.18687117335030218
3 0.7232824641486608 0.32881706471467465 0.057063151533494456 0.24283027201357518