2 0.21362618093668637 0.6168684656775466 0.09233365009087026 0.27224128875333353
2 0.45241595751477887 0.6590763622061118 0.10664740286593728 0.2811565035455556
2 0.606048027369012 0.623713411344075 0.0727726262640218 0.2839169566865742
2 0.34445421279052185 0.5388448006565746 0.09017828729071937 0.23885946529842622
2 0.4006232552476412 0.7038662869784266 0.08246347162162718 0.2551867011140743
2 0.5564496948281482 0.4547919540242138 0.10924281120210898 0.2500519739102779
2 0.535931375840093 0.43412746516921374 0.08518175868999826 0.22824883814546315
2 0.46328493056468256 0.4895271461473155 0.13293522751762135 0.2593551096750929
2 0.3451466835078525 0.8847681466556484 0.10683670595089778 0.23046370668870325
3 0.2762239243942973 0.38479674645231526 0.07339698989834158 0.22568060359638895
3 0.709053060181752 0.3349085327974548 0.06728956772116435 0.21710481965518535
3 0.2574774402538977 0.9540740411593983 0.07921217020500473 0.09185191768120333