2 0.31359906213364597 0.5760416666666667 0.07444314185228605 0.334375
2 0.5386869871043376 0.5322916666666667 0.056858147713950764 0.253125
2 0.6858147713950762 0.45 0.08616647127784291 0.253125
2 0.7713950762016413 0.6135416666666667 0.08499413833528723 0.30833333333333335
2 0.41735052754982416 0.259375 0.0615474794841735 0.20833333333333334
2 0.4220398593200469 0.28854166666666664 0.06389214536928488 0.225
2 0.5650644783118406 0.321875 0.06330597889800703 0.23854166666666668
2 0.2584994138335287 0.47604166666666664 0.06096131301289566 0.3489583333333333
2 0.8077373974208675 0.4239583333333333 0.05803048065650645 0.2916666666666667
2 0.8182883939038686 0.26145833333333335 0.041617819460726846 0.1375
3 0.17819460726846426 0.8104166666666667 0.05861664712778429 0.2
3 0.016412661195779603 0.23645833333333333 0.031652989449003514 0.21041666666666667