2 0.4900351699882767 0.6625 0.0697538100820633 0.28020833333333334
2 0.39683470105509966 0.4427083333333333 0.10961313012895663 0.29270833333333335
2 0.6617819460726846 0.6177083333333333 0.06740914419695193 0.284375
2 0.8833528722157092 0.8416666666666667 0.08147713950762016 0.30520833333333336
2 0.3516998827667057 0.61875 0.0873388042203986 0.2875
2 0.07033997655334115 0.8291666666666667 0.08440797186400938 0.3333333333333333
2 0.27432590855803046 0.628125 0.0984759671746776 0.2635416666666667
2 0.28722157092614303 0.503125 0.07268464243845252 0.23854166666666668
2 0.6600234466588512 0.740625 0.056858147713950764 0.28958333333333336
2 0.2866354044548652 0.60625 0.0627198124267292 0.2635416666666667
3 0.9243845252051582 0.4479166666666667 0.04572098475967175 0.22395833333333334
3 0.4144196951934349 0.8895833333333333 0.06858147713950762 0.215625
3 0.26670574443141853 0.375 0.04689331770222743 0.21770833333333334