2 0.3223915592028136 0.69375 0.09671746776084408 0.2625
2 0.4114888628370457 0.540625 0.05803048065650645 0.25104166666666666
2 0.9742086752637749 0.6104166666666667 0.049824150058616644 0.309375
2 0.2901524032825322 0.446875 0.06330597889800703 0.246875
2 0.39859320046893315 0.4510416666666667 0.07327080890973037 0.203125
2 0.7579132473622509 0.5135416666666667 0.08909730363423213 0.22916666666666666
2 0.7643610785463072 0.578125 0.06330597889800703 0.25833333333333336
2 0.847010550996483 0.6947916666666667 0.10609613130128957 0.2864583333333333
2 0.2268464243845252 0.5010416666666667 0.056858147713950764 0.21145833333333333
2 0.2696365767878077 0.4552083333333333 0.06623681125439625 0.19270833333333334
3 0.16002344665885113 0.35520833333333335 0.04806565064478312 0.20833333333333334
3 0.6652989449003517 0.7375 0.0668229777256741 0.221875
3 0.7256740914419695 0.34479166666666666 0.041031652989449004 0.175