2 0.46138948086046616 0.4525874913579171 0.07759520562099798 0.2907646943469956
2 0.5549734290209716 0.2824244570870337 0.060172949396899954 0.21249291041803364
2 0.14988999754211257 0.4491263860081946 0.07925771270319144 0.23885113967018062
2 0.2830998614588249 0.42803311391744336 0.07325961622982945 0.22801002636221787
2 0.32515279225572463 0.52593387543852 0.08340229762954296 0.2870224743216248
2 0.6550831466280316 0.4635383075310214 0.09616152823707193 0.27753959026580927
2 0.5531442632306888 0.5115062344254412 0.10311366683605594 0.2717989262353643
2 0.5343085077880682 0.20586990965982868 0.07524955953742364 0.20109647168540298
2 0.6260881260142501 0.4864514294067047 0.0945253273085321 0.2420380342708834
2 0.7200784288611173 0.5535337271510438 0.0953439178720335 0.3045380342708834
3 0.6668454451848375 0.6385613022585778 0.07724048304348047 0.2636813610136623
3 0.7610048572359515 0.20090215797500902 0.054120280219304505 0.1974851304434043
3 0.012185237014615016 0.388564661394223 0.02437047402923003 0.20620401054488724