2 0.24011987381729363 0.45233460085442856 0.10473959874822675 0.3248611346610558
2 0.1534826315497616 0.762248644166612 0.12405517724485485 0.29484791191388854
2 0.03280303507269579 0.5642790953425056 0.0507043584279283 0.3756084759816555
2 0.25904279875417746 0.22067123545893905 0.10456095233178161 0.25618388626416366
2 0.6077058166790084 0.6714846463592288 0.09027710709563945 0.36349869715398786
2 0.46708540409529503 0.5936473779941706 0.10689446213369211 0.37493388626416363
2 0.743986744654076 0.8570137152080464 0.11053054200729685 0.2024537292161438
2 0.4626919321577423 0.3999337537957245 0.11718493466333896 0.3027447356285752
2 0.4307170106027027 0.3257836288098608 0.09454215983868985 0.28261245516952677
2 0.4365153995330863 0.23260241005632673 0.08814829113600209 0.25516536382065436
3 0.43774919032340065 0.8927049260874047 0.08731462442428391 0.1531547820904289
3 0.6442993237030242 0.2937564612426859 0.06902251513902005 0.23525133817092947