2 0.6425968325722379 0.6932852547598557 0.09821260882014843 0.3322317587805986
2 0.5447317930626255 0.5724344352161593 0.10372640002322027 0.2968756945077961
2 0.15282308125782046 0.37338191608382804 0.08484629405655053 0.28418176684743096
2 0.260280316075662 0.6514092577458492 0.10164775505729624 0.3239347868835838
2 0.8219212110064987 0.4570800624651594 0.06837224341788171 0.2777620801446114
2 0.6978687821457089 0.4364898332150787 0.08089956912865778 0.2403954054111125
2 0.21688783209962953 0.5341615026058832 0.09072842191695879 0.28632570257462836
2 0.3810260069135695 0.35227448296251385 0.10327621077536474 0.2510423611744629
2 0.3719031327184965 0.3263297801260298 0.08538426942258238 0.21961055399287044
3 0.7205249472484172 0.8747527288699702 0.08657706551276796 0.22170600780497646
3 0.6176266963058629 0.25192160006250963 0.061896684276209146 0.2152014777507473