2 0.3849478664450579 0.6530949199024287 0.1458923292518336 0.25911052981115007
2 0.19154944535616222 0.45721602217272955 0.11608750577248247 0.28139691024824126
2 0.41526576432601475 0.34015856789733806 0.09887613281740677 0.2539741920220596
2 0.9489587153229618 0.35931265043504096 0.08672272782915215 0.23914844090812035
2 0.700106154934254 0.534146606938311 0.11361996115517158 0.2771817600254534
2 0.8202237971400964 0.6524224326862517 0.13780389239948168 0.30266659558666525
2 0.5560221117587811 0.4538434958625518 0.11423435481616857 0.29801509335878673
2 0.6111367150188827 0.5713814069595222 0.06790894636882287 0.19711814757054474
2 0.7891677538987748 0.4937868069170998 0.1347219541211739 0.27761811203054404
3 0.6368068437531579 0.8331905162847952 0.12743721401477975 0.3086984195841197
3 0.18659690866822562 0.3271895021748507 0.10449702505244786 0.20620297602375642