2 0.5193434935521688 0.42916666666666664 0.09320046893317702 0.21354166666666666
2 0.28839390386869873 0.49895833333333334 0.0984759671746776 0.21770833333333334
2 0.6131301289566237 0.5739583333333333 0.0779601406799531 0.23229166666666667
2 0.8118405627198124 0.6770833333333334 0.07444314185228605 0.24270833333333333
2 0.38686987104337633 0.56875 0.07033997655334115 0.265625
2 0.22157092614302462 0.6427083333333333 0.06623681125439625 0.29270833333333335
2 0.46072684642438455 0.3927083333333333 0.05216881594372802 0.22916666666666666
2 0.19636576787807739 0.36770833333333336 0.049824150058616644 0.190625
2 0.37749120750293086 0.38645833333333335 0.06858147713950762 0.20104166666666667
2 0.4155920281359906 0.49583333333333335 0.0779601406799531 0.20833333333333334
3 0.5146541617819461 0.7322916666666667 0.08264947245017586 0.234375
3 0.04806565064478312 0.3541666666666667 0.07561547479484174 0.18541666666666667
3 0.6694021101992966 0.325 0.04279015240328253 0.17395833333333333