2 0.5592028135990621 0.6010416666666667 0.08147713950762016 0.26666666666666666
2 0.6764361078546307 0.48854166666666665 0.06330597889800703 0.25416666666666665
2 0.35463071512309496 0.7229166666666667 0.07678780773739742 0.32395833333333335
2 0.28311840562719814 0.5635416666666667 0.06037514654161782 0.27395833333333336
2 0.7561547479484173 0.6645833333333333 0.08147713950762016 0.284375
2 0.31652989449003516 0.4510416666666667 0.05920281359906213 0.25416666666666665
2 0.9548651817116061 0.5135416666666667 0.050996483001172335 0.26145833333333335
2 0.783704572098476 0.359375 0.04044548651817116 0.21666666666666667
2 0.6113716295427901 0.3770833333333333 0.03985932004689332 0.209375
2 0.3364595545134818 0.42083333333333334 0.035169988276670575 0.234375
3 0.6031652989449003 0.8354166666666667 0.07444314185228605 0.309375
3 0.6160609613130129 0.321875 0.06330597889800703 0.18229166666666666