2 0.2749120750293083 0.5802083333333333 0.08440797186400938 0.2552083333333333
2 0.13774912075029308 0.565625 0.06506447831184056 0.2791666666666667
2 0.40855803048065653 0.359375 0.05158264947245018 0.22916666666666666
2 0.7497069167643611 0.6208333333333333 0.06799531066822978 0.24166666666666667
2 0.5240328253223916 0.5145833333333333 0.07678780773739742 0.234375
2 0.4794841735052755 0.603125 0.049824150058616644 0.296875
2 0.805978898007034 0.6177083333333333 0.06740914419695193 0.22083333333333333
2 0.6617819460726846 0.44479166666666664 0.06389214536928488 0.20833333333333334
2 0.6400937866354045 0.38125 0.06506447831184056 0.246875
2 0.2719812426729191 0.303125 0.03634232121922626 0.21666666666666667
3 0.23739742086752638 0.8354166666666667 0.0697538100820633 0.271875
3 0.18112543962485345 0.3125 0.041617819460726846 0.20729166666666668
3 0.9519343493552169 0.55 0.05275498241500586 0.26875