2 0.5459616609364073 0.42916666666666664 0.09659712967247633 0.21458333333333332
2 0.75899833015691 0.49895833333333334 0.07721319669136394 0.25625
2 0.7938818117363551 0.5208333333333334 0.07402363408909761 0.28125
2 0.8984494172198773 0.6822916666666666 0.10068714189459445 0.25833333333333336
2 0.9249881760439229 0.89375 0.08719117977991432 0.2125
2 0.5908616046364201 0.715625 0.10368668023050673 0.30833333333333335
2 0.38048192405267645 0.75625 0.08430176705093151 0.2604166666666667
2 0.4749663218330335 0.5239583333333333 0.07113324116165183 0.23958333333333334
2 0.3012802543514129 0.8510416666666667 0.07901213553414105 0.21458333333333332
3 0.34256189540299575 0.42916666666666664 0.06608918681391183 0.2125
3 0.5427793702201897 0.9854166666666667 0.06837731959786382 0.029166666666666667