2 0.3616647127784291 0.6239583333333333 0.08264947245017586 0.234375
2 0.8522860492379836 0.6364583333333333 0.08147713950762016 0.2375
2 0.7033997655334114 0.4822916666666667 0.0492379835873388 0.203125
2 0.13188745603751464 0.4635416666666667 0.06389214536928488 0.20104166666666667
2 0.26553341148886284 0.453125 0.03927315357561548 0.228125
2 0.5345838218053928 0.4395833333333333 0.08499413833528723 0.215625
2 0.39155920281359907 0.196875 0.038100820633059786 0.175
2 0.5527549824150059 0.32916666666666666 0.050996483001172335 0.215625
2 0.5281359906213364 0.33229166666666665 0.0369284876905041 0.19166666666666668
2 0.5310668229777257 0.275 0.043962485345838215 0.18229166666666666
3 0.6072684642438453 0.715625 0.053341148886283704 0.23229166666666667
3 0.18933177022274325 0.1875 0.05216881594372802 0.178125
3 0.7702227432590856 0.2125 0.041617819460726846 0.16354166666666667