2 0.33197117853179214 0.4027693238339366 0.10473779753018521 0.2611455118343592
2 0.1318783590313602 0.43113782677461265 0.11978383771178715 0.33526319010959565
2 0.4409898549463976 0.5925813206674709 0.08752143958844812 0.2720077687317641
2 0.4425598610383517 0.3201058148631862 0.07968873017381804 0.24426933815739282
2 0.3101668080792236 0.7036516455587002 0.09800102673202668 0.3498553821796418
2 0.666614969488921 0.7149136476678731 0.08350794084532194 0.2944877039044054
2 0.2852090268048374 0.21457735262957128 0.06864621876201919 0.22662002562916908
2 0.4731243893508757 0.49947755917179604 0.1103487197919033 0.2928322433283846
2 0.7106538491608432 0.8360022207115463 0.09344454366732612 0.2746370164326294
3 0.9422410747083679 0.7760974724820351 0.08202841107226762 0.2839618543642326
3 0.380907760038375 0.21826742348700431 0.06155576672724684 0.18440744459497083