2 0.49912420188331186 0.3403867874327158 0.06277254202591298 0.18488758015539045
2 0.2684253728429516 0.6728636961969341 0.09449519011111177 0.24094578850286014
2 0.35583782514777984 0.6194542834956279 0.0918639107847502 0.2283002852966445
2 0.759199989643717 0.3930950589474442 0.09375277733043162 0.2596230368997522
2 0.2716965717198176 0.5339218957131744 0.08468660640879098 0.22161377567799764
2 0.9630784677259218 0.3331247703880387 0.07384306454815655 0.27786377567799764
2 0.37183550049457864 0.5235349669807903 0.08755673026952784 0.24467594555087993
2 0.0304348300877215 0.5593253926200495 0.040424568032925164 0.23134921475990092
2 0.3702113576608272 0.4527016336474569 0.074734715985845 0.1960317628531352
2 0.4393979250327415 0.27002965845321897 0.08045307397799832 0.19014552086867412
3 0.3148420249564714 0.31635574665242105 0.06746187379613572 0.18517858656782166