2 0.15533411488862836 0.5072916666666667 0.050996483001172335 0.265625
2 0.6283704572098476 0.5697916666666667 0.0697538100820633 0.25416666666666665
2 0.4396248534583822 0.5791666666666667 0.13305978898007034 0.31666666666666665
2 0.3704572098475967 0.6458333333333334 0.06565064478311841 0.28854166666666664
2 0.041617819460726846 0.715625 0.05627198124267292 0.32083333333333336
2 0.7473622508792497 0.771875 0.08206330597889801 0.2760416666666667
2 0.3757327080890973 0.3854166666666667 0.06389214536928488 0.20416666666666666
2 0.4970691676436108 0.5822916666666667 0.06096131301289566 0.24479166666666666
2 0.4449003516998828 0.4552083333333333 0.05803048065650645 0.24479166666666666
3 0.5984759671746777 0.8666666666666667 0.07327080890973037 0.26666666666666666
3 0.6178194607268465 0.396875 0.0492379835873388 0.1875