2 0.25565972261999814 0.5295403179852357 0.09028826317884055 0.2404681282837494
2 0.2714210987799306 0.38357365938540133 0.05765274328692734 0.1901408753568833
2 0.5717858074670881 0.6064640015711338 0.07039954192384852 0.24234541347794475
2 0.9402742460169781 0.5537058981425204 0.09287856167467934 0.25299236924129503
2 0.715610600073459 0.4747951505456753 0.0574629407872812 0.24012875487811033
2 0.5922979235499252 0.45732386105620815 0.07079403826576731 0.20277420062338436
2 0.3862613178630814 0.7427297962596943 0.050674575742674643 0.25255603200547344
2 0.9150802686827701 0.3446339101118409 0.057693682055381716 0.1922242086902166
2 0.971305733115388 0.28677258094285146 0.04592941386137035 0.190019670569155
3 0.015605041909889128 0.4050144056729682 0.031210083819778255 0.1691378553207303
3 0.844412757134254 0.6900861428716264 0.05881018488685639 0.12974844964776225