2 0.20288274688456873 0.4032205748145902 0.062303917492086316 0.18601057012653505
2 0.37379764621813866 0.392075984913758 0.04918984598658689 0.17754391152670065
2 0.3679472078200989 0.3254517399227962 0.051316102734311385 0.16923481915091293
2 0.5372818732494113 0.3434980576461763 0.05398838232550308 0.18175906010845858
2 0.6846264505066381 0.30550648374808076 0.037710610669691606 0.14201816055107866
2 0.6867671659108987 0.32007163636325486 0.03402980498898452 0.13573179911476008
2 0.7439818446440017 0.37782924695487907 0.050307576644795994 0.17547269867214013
2 0.7629704233479169 0.36408759238846083 0.04221045061559963 0.17955452198739696
2 0.8653600639972246 0.4005391709746116 0.06023226302870842 0.19640299583565599
2 0.9366009782422866 0.43418694224824217 0.05218973928385891 0.2025681524842464
3 0.3080314190642843 0.5896842738795139 0.045374150765911676 0.2108287629449426