2 0.07481736644678619 0.3892412896407869 0.0602109213357467 0.2251957023806483
2 0.08457122582580615 0.5001904766975924 0.060784148218247194 0.2501957023806482
2 0.37074188080069825 0.5341437302452773 0.05956404636881648 0.24806387892574075
2 0.4244930548436541 0.6162154494705087 0.06516098736966495 0.28784117274537047
2 0.4859101671959799 0.6448954730270826 0.08882460102583359 0.24719279863175933
2 0.5406873492567064 0.35019904470921215 0.05836982369694042 0.19598054559240755
2 0.6026577934863294 0.45690708802263796 0.09274963028605557 0.2140534257847224
2 0.6326498160593667 0.5024970998009249 0.07944593748538811 0.24680487765916675
2 0.7748036498627493 0.5600987265747673 0.1043515427203077 0.2603231702122225
2 0.7656747757213392 0.5240525592748136 0.06537794217471987 0.2462229962002779
3 0.23050182147647716 0.7761784275596292 0.08616744252191724 0.28454732826703716
3 0.3973980065529828 0.31657999632949013 0.04767552049331415 0.18929413449824076