2 0.511137162954279 0.37604166666666666 0.07444314185228605 0.20104166666666667
2 0.5650644783118406 0.5541666666666667 0.06037514654161782 0.28020833333333334
2 0.6559202813599062 0.4635416666666667 0.07561547479484174 0.22916666666666666
2 0.22039859320046892 0.665625 0.06096131301289566 0.26666666666666666
2 0.4618991793669402 0.24375 0.0615474794841735 0.19583333333333333
2 0.9419695193434936 0.671875 0.06506447831184056 0.303125
2 0.5175849941383353 0.753125 0.06623681125439625 0.31145833333333334
2 0.335873388042204 0.453125 0.0873388042203986 0.234375
2 0.39155920281359907 0.46979166666666666 0.06096131301289566 0.18854166666666666
2 0.35345838218053927 0.4427083333333333 0.03985932004689332 0.23229166666666667
3 0.30539273153575613 0.7875 0.05861664712778429 0.24479166666666666
3 0.2977725674091442 0.259375 0.04279015240328253 0.184375