2 0.6336459554513482 0.47291666666666665 0.06858147713950762 0.215625
2 0.8036342321219226 0.4666666666666667 0.07678780773739742 0.15833333333333333
2 0.7960140679953107 0.46770833333333334 0.09671746776084408 0.18020833333333333
2 0.18229777256740914 0.7 0.07678780773739742 0.23645833333333333
2 0.31770222743259086 0.6489583333333333 0.07678780773739742 0.21770833333333334
2 0.2555685814771395 0.60625 0.06858147713950762 0.22083333333333333
2 0.34466588511137164 0.5697916666666667 0.04689331770222743 0.19479166666666667
2 0.5943728018757327 0.39895833333333336 0.05158264947245018 0.19166666666666668
2 0.8317702227432591 0.40729166666666666 0.06389214536928488 0.215625
2 0.5527549824150059 0.3625 0.049824150058616644 0.178125
3 0.40328253223915594 0.7729166666666667 0.05451348182883939 0.234375
3 0.264947245017585 0.3958333333333333 0.04689331770222743 0.178125