2 0.6991039629499066 0.30670618074433303 0.08717023573621477 0.24209249891676463
2 0.9204468698117045 0.40304916072534847 0.08872478466919737 0.25671219696869846
2 0.6354687541749207 0.25134184416349037 0.07454758478983568 0.2521091536788263
2 0.7854374734225872 0.3999394366977339 0.08785114811964984 0.22337886363536513
2 0.20234157255379773 0.512895280305327 0.06290777496169758 0.29962580844088793
2 0.08993896429201478 0.6560787207801052 0.07861060646096991 0.2730515811679609
2 0.8153688747437705 0.2885045579102546 0.0732114449942397 0.24582278896022583
2 0.49138262298016344 0.30480940260327993 0.07081217682478175 0.2436667261896916
2 0.5167307516395723 0.488548020027772 0.10759131631878177 0.2614606991329724
2 0.5063965481230593 0.45238060444324224 0.0782283904705429 0.2584682478346276
3 0.403730750591773 0.6984708566064178 0.07681196341932578 0.2938121850640935
3 0.23717586626989443 0.27516418182097785 0.0582152108496775 0.20996974567035367