2 0.570926143024619 0.271875 0.05451348182883939 0.19895833333333332
2 0.2924970691676436 0.60625 0.09906213364595545 0.284375
2 0.6817116060961314 0.371875 0.07268464243845252 0.20833333333333334
2 0.2391559202813599 0.34479166666666666 0.08616647127784291 0.225
2 0.16588511137162953 0.47708333333333336 0.11430246189917936 0.27395833333333336
2 0.4372801875732708 0.5947916666666667 0.08499413833528723 0.25833333333333336
2 0.20046893317702227 0.24895833333333334 0.07913247362250879 0.19270833333333334
2 0.5134818288393904 0.521875 0.08206330597889801 0.23854166666666668
2 0.5275498241500586 0.6072916666666667 0.1242672919109027 0.246875
3 0.40328253223915594 0.7864583333333334 0.09085580304806565 0.24270833333333333
3 0.7989449003516998 0.26875 0.06389214536928488 0.19375