2 0.5996483001172332 0.36770833333333336 0.10668229777256741 0.23333333333333334
2 0.936694021101993 0.4895833333333333 0.10785463071512309 0.26875
2 0.4671746776084408 0.49270833333333336 0.06799531066822978 0.28020833333333334
2 0.5316529894490035 0.6604166666666667 0.08323563892145369 0.334375
2 0.21219226260257915 0.753125 0.09730363423212192 0.30104166666666665
2 0.3698710433763189 0.8322916666666667 0.1201641266119578 0.31354166666666666
2 0.9566236811254396 0.878125 0.08675263774912075 0.24375
2 0.32708089097303633 0.6291666666666667 0.11899179366940212 0.265625
2 0.2708089097303634 0.6635416666666667 0.07620164126611957 0.35104166666666664
3 0.9695193434935522 0.3302083333333333 0.06096131301289566 0.25416666666666665
3 0.0779601406799531 0.3572916666666667 0.07033997655334115 0.26666666666666666