2 0.47332865060679913 0.6737963149722679 0.09256267035305477 0.26826858257296304
2 0.3987934372167251 0.3707951531177309 0.07669475600114634 0.21972154432583343
2 0.5569882081845249 0.5485270064620825 0.07489581715836936 0.2612912307493519
2 0.5187378027140547 0.5167938471406937 0.06418110256266783 0.24835481965518535
2 0.20767245053341113 0.6941543275087959 0.05499344348703936 0.26255023201592614
2 0.7777668499177018 0.689313883363008 0.0655444399700404 0.2629866431100927
2 0.6083116373118663 0.5661851077794898 0.07301403906077891 0.20707607396111125
2 0.6139423482301156 0.49411614729319353 0.06968804469792887 0.22151393692972227
2 0.7535980829339581 0.6559571759160636 0.06993460206544219 0.3297987801414815
3 0.9456565279714468 0.6188623743720356 0.055865626556311256 0.23968205547083343
3 0.5518184246568708 0.8537838299169899 0.07707676493078038 0.24888821099250008