2 0.11781946072684643 0.48854166666666665 0.0697538100820633 0.20729166666666668
2 0.27432590855803046 0.3458333333333333 0.08440797186400938 0.175
2 0.7245017584994138 0.621875 0.06565064478311841 0.25
2 0.4548651817116061 0.5260416666666666 0.05627198124267292 0.26666666666666666
2 0.23270808909730364 0.7489583333333333 0.06858147713950762 0.278125
2 0.30246189917936694 0.575 0.06565064478311841 0.28020833333333334
2 0.41324736225087927 0.6510416666666666 0.04865181711606096 0.265625
2 0.3698710433763189 0.5322916666666667 0.07444314185228605 0.225
2 0.9103165298944901 0.70625 0.06037514654161782 0.21770833333333334
2 0.44196951934349354 0.371875 0.05744431418522861 0.21979166666666666
3 0.5609613130128956 0.83125 0.05861664712778429 0.21354166666666666
3 0.7643610785463072 0.3572916666666667 0.044548651817116064 0.20625