2 0.06289468569762516 0.5158990204019747 0.05919040427203145 0.27142127433091606
2 0.32542946885334056 0.45841918665285347 0.07312198629466826 0.2517523347112764
2 0.5022467125799444 0.59395299062157 0.07227704524338813 0.3016553019018019
2 0.48318968693264164 0.5486019492652411 0.0627346857573048 0.27587903942600606
2 0.5488680250406238 0.4602372701910745 0.06985053138545783 0.288961236282853
2 0.7275741821392061 0.396861257231195 0.05327417424404039 0.2626027769502103
2 0.7786793851035462 0.4740473675147386 0.06383881205584478 0.26555940556881386
2 0.8121791319363462 0.552902985656165 0.07704822498642978 0.31454343313969985
2 0.9719165213575887 0.5202661144113605 0.052074558643878534 0.25833907747406926
3 0.23927540690252827 0.7180994910373577 0.09810929396602261 0.3100400237102406
3 0.48648965650123077 0.31333083181278615 0.05047934450842516 0.1936587113312613