2 0.3622508792497069 0.5916666666666667 0.10023446658851114 0.225
2 0.5797186400937866 0.45625 0.08147713950762016 0.190625
2 0.9331770222743259 0.5364583333333334 0.05568581477139507 0.24583333333333332
2 0.2508792497069168 0.753125 0.06565064478311841 0.265625
2 0.35580304806565066 0.390625 0.044548651817116064 0.20104166666666667
2 0.4771395076201641 0.5916666666666667 0.06096131301289566 0.24479166666666666
2 0.522274325908558 0.5416666666666666 0.04630715123094959 0.21145833333333333
2 0.3874560375146542 0.34270833333333334 0.04865181711606096 0.1625
2 0.4536928487690504 0.4822916666666667 0.08499413833528723 0.20520833333333333
3 0.5849941383352872 0.33541666666666664 0.04572098475967175 0.18645833333333334
3 0.9390386869871044 0.8739583333333333 0.07268464243845252 0.25