2 0.31652989449003516 0.446875 0.0779601406799531 0.28854166666666664
2 0.7807737397420867 0.5614583333333333 0.13833528722157093 0.3302083333333333
2 0.17878077373974208 0.46458333333333335 0.07033997655334115 0.284375
2 0.5861664712778429 0.640625 0.0873388042203986 0.29270833333333335
2 0.5638921453692849 0.38333333333333336 0.06799531066822978 0.28020833333333334
2 0.6225087924970691 0.30625 0.05920281359906213 0.2760416666666667
2 0.5896834701055099 0.23854166666666668 0.03985932004689332 0.24583333333333332
2 0.6242672919109027 0.13645833333333332 0.05861664712778429 0.19166666666666668
3 0.8845252051582649 0.140625 0.05861664712778429 0.21979166666666666
3 0.963071512309496 0.840625 0.07327080890973037 0.27291666666666664
3 0.09026963657678781 0.54375 0.07327080890973037 0.246875