2 0.1587587253527909 0.41953872466354625 0.14424647432192433 0.2540216087193618
2 0.17452219515290376 0.6528066186051936 0.08488722035181012 0.29344225297814314
2 0.28128041198833315 0.7875299914818539 0.10744803032718532 0.3242218168817345
2 0.3777321630291603 0.3500388070454774 0.0982390054954354 0.22154425825058677
2 0.529239365111846 0.3891145303909128 0.06179436853806021 0.2084960224078853
2 0.6090339242684946 0.5218854487176118 0.11720096405262424 0.24373582083606707
2 0.4956011461435817 0.6021504058790075 0.08472351517077163 0.2767755863114765
2 0.8679571306745919 0.7030186562705036 0.07805785417277401 0.31376625034192146
2 0.8014806951762953 0.5545572985521187 0.07793507528699518 0.30126625034192145
2 0.8226675074966454 0.505086084458247 0.050807712427176056 0.2826471291252934
3 0.7624864566583404 0.909309467780645 0.07497651497298993 0.1813810644387099
3 0.16885226777795023 0.31409517328200853 0.04746035230820456 0.1803940171354417
3 0.876249916108329 0.4142417715556326 0.06668833178458082 0.22966891305425535