2 0.23071652250316654 0.5963004997805305 0.08066668035606427 0.29370541233378966
2 0.7707630136591562 0.690230228909789 0.0888320883527047 0.2816297439956015
2 0.5683415895256624 0.5809256161707542 0.09696339418163727 0.2591374089907466
2 0.5314778959538032 0.5630434419822401 0.11688623377154231 0.2580845954075272
2 0.3429403154253556 0.5092614035372424 0.07941932264455134 0.27072812685829295
2 0.3223975980097616 0.33951920876285335 0.08162075942528989 0.2270993644759533
2 0.38142649055351374 0.3895829589169261 0.06038235778845606 0.18434155925034237
2 0.414913004185308 0.36493865619859756 0.07350991489698207 0.2558416994808083
2 0.46289339941082164 0.3884949517032244 0.085356012126287 0.2939478875691107
2 0.5553030888664738 0.4462060658056353 0.049674491333998934 0.13587932330420346
3 0.053688209370309964 0.2492645587227271 0.048652207929357746 0.18165203782870656
3 0.6528685281633525 0.719239085863895 0.06872509705717707 0.22643255757882058
3 0.587873035813521 0.343497381896137 0.048590824027483735 0.16290203782870663