2 0.1619362296634372 0.49329834740440914 0.11086745337958473 0.3864606991329724
2 0.5661822958516018 0.3608699410240849 0.07839219732358307 0.2647182478346276
2 0.43983373933348147 0.486763242429435 0.10412891977546143 0.2634349383105043
2 0.9024828920247396 0.4786673609415562 0.07291274860123155 0.27911975757495877
2 0.3289727506374916 0.28586940043680914 0.06009737348874042 0.23708944372228752
2 0.6086287597213693 0.2792797483839343 0.07367394824028817 0.21877582034549298
2 0.7938557484742691 0.2287060914597956 0.07236672575776461 0.25828642424162535
2 0.4437666330957914 0.30107384037326496 0.07315684270989312 0.24373945562689248
2 0.11404884452823028 0.5239741498929946 0.09952633994445488 0.40068038528030103
2 0.40915066163552916 0.16662083874951028 0.06546761764239836 0.21852126731528976
3 0.7000997334353373 0.70283043182647 0.08534590772329591 0.3065667380942967
3 0.6349339576461921 0.16378729708558967 0.05325286765772116 0.19940762012928523