2 0.34764505221245195 0.6425683076442174 0.09466497614405363 0.2879403628044315
2 0.17532513336968006 0.6628543188172537 0.07658871678426345 0.2620310806719781
2 0.8513071795118845 0.8764703805305405 0.09713245833452852 0.24705923893891893
2 0.47215239869248166 0.5770582825713928 0.09499248629169006 0.3046070294710984
2 0.8312361262760983 0.4882250431935347 0.0655464550798075 0.236485511392506
2 0.9751371935302393 0.6301773942973149 0.032162881272511226 0.2659775659364288
2 0.42602760428986464 0.654963101169177 0.0900575219107399 0.2918645542357775
2 0.4668434073538399 0.5486301885272415 0.05532296874444288 0.25260660877970054
2 0.42968975643683566 0.5581790293824224 0.048917943958554026 0.34384894378455544
3 0.7385641012258664 0.9436402837152992 0.07445990082462588 0.11271943256940158
3 0.7500530038189736 0.4391900599087511 0.06271052397324128 0.21136427377484543
3 0.015301711558367357 0.7908563283187685 0.030603423116734713 0.2811064685492345