2 0.731535756154748 0.44895833333333335 0.07678780773739742 0.2791666666666667
2 0.24912075029308323 0.7322916666666667 0.08440797186400938 0.325
2 0.36283704572098474 0.5052083333333334 0.1242672919109027 0.325
2 0.5433763188745604 0.246875 0.07737397420867527 0.2635416666666667
2 0.9249706916764361 0.3572916666666667 0.06740914419695193 0.28229166666666666
2 0.5363423212192263 0.6864583333333333 0.06330597889800703 0.29583333333333334
2 0.7168815943728019 0.840625 0.07444314185228605 0.31354166666666666
2 0.4566236811254396 0.371875 0.05568581477139507 0.2552083333333333
2 0.42790152403282533 0.5791666666666667 0.09378663540445487 0.29270833333333335
2 0.4437280187573271 0.49895833333333334 0.08147713950762016 0.296875
3 0.2555685814771395 0.3145833333333333 0.06096131301289566 0.246875
3 0.39449003516998826 0.875 0.06799531066822978 0.25