2 0.3003277621259088 0.553125 0.07879384471720736 0.19791666666666666
2 0.3267895628859193 0.7833333333333333 0.07086135783894766 0.30833333333333335
2 0.42088852104202196 0.6729166666666667 0.07748606021253107 0.27708333333333335
2 0.6328780964006516 0.8364583333333333 0.09883363034758402 0.29583333333333334
2 0.7199035976709396 0.8572916666666667 0.11835399508927985 0.26458333333333334
2 0.7725874236102648 0.5833333333333334 0.09103561483298182 0.2375
2 0.9581020451320571 0.5604166666666667 0.05444771644470496 0.21875
2 0.48531078988065673 0.534375 0.1149188553179629 0.2708333333333333
2 0.45012666832869636 0.48854166666666665 0.06486326136558566 0.29791666666666666
3 0.15123781097892436 0.6270833333333333 0.048695197140393505 0.22708333333333333
3 0.945823756381191 0.9208333333333333 0.06889674048654426 0.15833333333333333
3 0.7754758561407843 0.44583333333333336 0.0598182268193827 0.18125