2 0.6652989449003517 0.4375 0.07268464243845252 0.20520833333333333
2 0.14947245017584995 0.66875 0.06330597889800703 0.27395833333333336
2 0.7373974208675264 0.69375 0.053927315357561546 0.2791666666666667
2 0.45603751465416176 0.5927083333333333 0.04044548651817116 0.2625
2 0.2989449003516999 0.7427083333333333 0.05861664712778429 0.296875
2 0.30363423212192264 0.5947916666666667 0.056858147713950764 0.240625
2 0.7942555685814772 0.8083333333333333 0.11078546307151231 0.3
2 0.8763188745603752 0.4552083333333333 0.06858147713950762 0.234375
2 0.8335287221570926 0.42083333333333334 0.09202813599062133 0.17916666666666667
2 0.8171160609613131 0.43854166666666666 0.06858147713950762 0.21354166666666666
3 0.9724501758499414 0.3489583333333333 0.045134818288393906 0.2125
3 0.42790152403282533 0.8322916666666667 0.06213364595545135 0.28125