2 0.006742281873668977 0.6705060693295154 0.013484563747337953 0.26938028622957544
2 0.18034982259984914 0.788441780394669 0.11409019788417042 0.3354666098026655
2 0.301776046688481 0.5329774488118217 0.1323128424483562 0.28379538669636234
2 0.426174665602585 0.6157638825589141 0.08368938442635113 0.30152723201781745
2 0.6446382766281651 0.5987549118396437 0.08617061154820374 0.3057423822406053
2 0.7804645246154173 0.7260663526947362 0.12132903739461573 0.3418620604710289
2 0.476680527881727 0.3794623909930357 0.11956530374724267 0.25230296891575626
2 0.4743075029025595 0.39824875366012663 0.06658235461660898 0.31574693868024173
2 0.4583780402689126 0.2944820763314598 0.07959254732412499 0.17652723201781745
2 0.464979776335097 0.3432707172183689 0.05467730819645728 0.23846967112242368
3 0.22654931866970346 0.8801319590494574 0.08488484222942343 0.2307666240186658
3 0.8715639970797294 0.5201542780077069 0.058114463975495675 0.2718514880118782
3 0.2106801675129398 0.32770997061321455 0.05647572913460521 0.2218514880118782