2 0.6652989449003517 0.7229166666666667 0.07913247362250879 0.234375
2 0.3962485345838218 0.45625 0.06565064478311841 0.20104166666666667
2 0.8675263774912075 0.440625 0.056858147713950764 0.19895833333333332
2 0.6400937866354045 0.565625 0.07737397420867527 0.17604166666666668
2 0.5732708089097304 0.4395833333333333 0.05803048065650645 0.14895833333333333
2 0.5076201641266119 0.4427083333333333 0.05861664712778429 0.18645833333333334
2 0.47245017584994137 0.534375 0.11430246189917936 0.22083333333333333
2 0.5592028135990621 0.584375 0.06506447831184056 0.18854166666666666
2 0.4167643610785463 0.446875 0.043962485345838215 0.21041666666666667
3 0.47889800703399765 0.7354166666666667 0.05041031652989449 0.20208333333333334
3 0.9443141852286049 0.37916666666666665 0.043962485345838215 0.178125
3 0.38276670574443145 0.353125 0.03927315357561548 0.14479166666666668