2 0.7477279257003171 0.423485271288547 0.08676023980925575 0.3657275336935367
2 0.543530951069136 0.5507637593641929 0.10189144112581469 0.33333997120060466
2 0.8421424318038927 0.7885348521748097 0.09483016173631434 0.3245701282486247
2 0.33656264264319896 0.36877637484450027 0.1392014822813497 0.2731680225000546
2 0.6110010883546652 0.3861274997172733 0.0985176714025206 0.3768717163912813
2 0.36882567008087574 0.37406737242570226 0.08045524691627569 0.229947109011331
2 0.34900133596402655 0.2283927738769811 0.07452537786808167 0.20875001766245854
2 0.3487626207900717 0.15547610721031443 0.06051194602574591 0.22454366509183152
2 0.614903050864134 0.3244145357730626 0.0886615775141655 0.23045637023308554
2 0.7759794728785633 0.27795285701240574 0.058255945776674894 0.2514814952189493
3 0.1860004863538856 0.7615310407802947 0.09588654730866343 0.2892262131850657
3 0.08573756559131786 0.22180884210801727 0.07464132523828826 0.24416668432912528