2 0.10609613130128957 0.7020833333333333 0.09085580304806565 0.30416666666666664
2 0.30890973036342323 0.6177083333333333 0.05627198124267292 0.29270833333333335
2 0.8159437280187574 0.6125 0.07444314185228605 0.28958333333333336
2 0.6916764361078547 0.5520833333333334 0.10082063305978899 0.26145833333333335
2 0.4824150058616647 0.390625 0.06330597889800703 0.275
2 0.4208675263774912 0.36770833333333336 0.06447831184056271 0.24166666666666667
2 0.39155920281359907 0.2833333333333333 0.038686987104337635 0.23541666666666666
2 0.5 0.18854166666666666 0.053927315357561546 0.20208333333333334
2 0.7502930832356389 0.31145833333333334 0.0697538100820633 0.22604166666666667
2 0.8587338804220399 0.27708333333333335 0.08323563892145369 0.19895833333333332
3 0.39683470105509966 0.75 0.059788980070339975 0.23541666666666666
3 0.1899179366940211 0.24479166666666666 0.04630715123094959 0.20520833333333333
3 0.9560375146541618 0.23229166666666667 0.053341148886283704 0.2125