2 0.6926668551216685 0.6070715868342347 0.08671931720800652 0.3496863164650899
2 0.5035665888260417 0.7115019938998126 0.08436783088935353 0.3475544995756356
2 0.3508260856467918 0.6322967751962385 0.07836293707220225 0.30368329068533245
2 0.6052465965120678 0.45108678681302355 0.06441088913174076 0.338809056015272
2 0.31743846830135025 0.624314217854845 0.08433372872164578 0.3371378329089687
2 0.46066770029939086 0.5647717147782373 0.05739053234348963 0.3428302720135752
2 0.37418446967516195 0.48068615653508673 0.06184114893975769 0.2700105724591508
2 0.4264010286536809 0.4671815823254498 0.06294527754689763 0.2492014809038781
2 0.5702740099948059 0.5691216543602361 0.07830155317032828 0.28493329068533246
2 0.6537176721392773 0.5073011539358715 0.06419263525841029 0.27214238934860535
3 0.1250641101953755 0.2963559911415138 0.07466178653891294 0.24736056535115067
3 0.5454572256284311 0.6290292436876304 0.07009522257243835 0.28476359823890834