2 0.7420867526377491 0.43854166666666666 0.04572098475967175 0.21145833333333333
2 0.6354044548651817 0.34479166666666666 0.041617819460726846 0.115625
2 0.5146541617819461 0.34375 0.04044548651817116 0.16666666666666666
2 0.451348182883939 0.25 0.03048065650644783 0.13020833333333334
2 0.388042203985932 0.2 0.03223915592028136 0.10208333333333333
2 0.28604923798358733 0.19270833333333334 0.022860492379835874 0.10833333333333334
2 0.23974208675263775 0.5354166666666667 0.04806565064478312 0.2604166666666667
2 0.5808909730363423 0.25 0.03399765533411489 0.096875
2 0.6031652989449003 0.23541666666666666 0.022860492379835874 0.09895833333333333
2 0.5164126611957796 0.2375 0.03048065650644783 0.11875
3 0.1488862837045721 0.47604166666666664 0.05158264947245018 0.19479166666666667
3 0.7878077373974208 0.26875 0.027549824150058615 0.11979166666666667