2 0.4794841735052755 0.6364583333333333 0.08616647127784291 0.2708333333333333
2 0.5826494724501758 0.409375 0.05627198124267292 0.22083333333333333
2 0.652989449003517 0.49895833333333334 0.04865181711606096 0.22395833333333334
2 0.779601406799531 0.4635416666666667 0.04689331770222743 0.22395833333333334
2 0.7250879249706916 0.3385416666666667 0.04689331770222743 0.19583333333333333
2 0.3974208675263775 0.5833333333333334 0.07444314185228605 0.20833333333333334
2 0.49941383352872215 0.3020833333333333 0.045134818288393906 0.165625
2 0.44021101992966 0.5697916666666667 0.07268464243845252 0.19166666666666668
2 0.3622508792497069 0.5333333333333333 0.049824150058616644 0.2
2 0.37280187573270807 0.39375 0.0492379835873388 0.165625
3 0.6025791324736225 0.7708333333333334 0.06506447831184056 0.259375
3 0.6512309495896834 0.29791666666666666 0.0369284876905041 0.16875
3 0.014654161781946073 0.6427083333333333 0.029308323563892145 0.23541666666666666