2 0.3320337351304852 0.7644031665417125 0.10349404564331524 0.26434436651416676
2 0.5360769323048762 0.6860772384780085 0.1314020695490239 0.3299944825221298
2 0.8130789883543805 0.3982039821472674 0.08300657824264704 0.2822215443258334
2 0.6083697816600829 0.5099359787266659 0.10165046894731339 0.20809436651416674
2 0.4769266966235656 0.4214956470390271 0.07433384574642225 0.23193060359638906
2 0.3706645510283001 0.617817365376805 0.09418366272124025 0.26603977887490754
2 0.5799543403685461 0.6279361237366196 0.10534918476957542 0.28522618996907406
2 0.4137052480261374 0.5878739858177773 0.10969711344794585 0.2750034837887038
2 0.37523466520716925 0.5602590030414809 0.08612545579034947 0.23449883814546316
3 0.2585649595439516 0.5285769466831941 0.06420409540390193 0.2086260159571297
3 0.4281072242687602 0.937752760513842 0.0674826590488621 0.09433362335324062