2 0.12331922085836726 0.49836767466114135 0.06174235118177372 0.26725460766424936
2 0.26991376785493726 0.6148089917263294 0.06232224506225996 0.3026712743309162
2 0.3311120986309668 0.4978341486047904 0.09563767230168514 0.2638185591390091
2 0.3242145465945706 0.4889186184146102 0.06071900903973923 0.20475460766424938
2 0.3554115426004426 0.44769147146094657 0.05720201021207204 0.20446350923582593
2 0.5537916454278622 0.44846501626213314 0.06284646131486045 0.2631849738070572
2 0.6336728078845221 0.30174418168744854 0.05134034549929361 0.20397834518845362
2 0.6748795284184276 0.2227516305429141 0.05978545593032499 0.21924090818810824
2 0.8854846243200841 0.6240360336290256 0.08301490117144857 0.2794178649014564
3 0.7760967424619167 0.8162962310382521 0.08670245702278791 0.2901256299965468
3 0.8770620664929732 0.27807997324866524 0.05502790135063323 0.21468611028354362
3 0.11875202745549172 0.3112786280662239 0.0422686846014586 0.22195208271265773