2 0.6205311538899185 0.5282670518041407 0.07516477559712563 0.2229695929802529
2 0.6375137318747677 0.365426438011759 0.0569085377053443 0.16570107053674357
2 0.6894482529061492 0.5521724588238879 0.06435221907090108 0.17863758015539044
2 0.2922721487591974 0.5663822098092142 0.06517158649134627 0.20363758015539044
2 0.474992808411856 0.20955015282820527 0.04863392648908414 0.1631084759816556
2 0.4290380757214272 0.29486101102384593 0.04166820945212038 0.16475529969634206
2 0.8021414330216732 0.2988457103704503 0.04063243774630568 0.16884921475990092
2 0.2521848619966762 0.6335846008544285 0.05792118455064266 0.23229498560030257
2 0.5147365041561669 0.5619707810202846 0.07925114423227268 0.16916668432912516
2 0.5326918074619998 0.4825726279658979 0.09000698257038532 0.17607144875709554
3 0.5304027658018217 0.7353107257272015 0.06420409540390205 0.2098148285522825
3 0.2809260036794465 0.25603829474565526 0.0433300691535274 0.14406746956922428
3 0.8619361943071423 0.27739066947706487 0.04511692766141709 0.16289022117233215