2 0.5024730038599323 0.641846835121052 0.07782048950884117 0.29123863523513527
2 0.46269881958135645 0.5456453206466374 0.0707029722560883 0.24283680452109616
2 0.24994769164967284 0.5269921990603533 0.08610710736235239 0.25034823104426446
2 0.7847193891084817 0.6537248924663303 0.0877419435509564 0.2234589633298801
2 0.37659179910055635 0.40176397738850667 0.05232462882382704 0.1664783451884536
2 0.7130850325582542 0.6300490413503166 0.08943138202390712 0.19865302894882905
2 0.7541327603751378 0.5655913071343782 0.05843361998706425 0.221033143093018
2 0.3051019422341368 0.5294694077723203 0.07165689606125711 0.2346005039972373
2 0.9496008229032917 0.5264419037690707 0.049764786143125996 0.2473402139505557
2 0.3195425433913921 0.4043495527956612 0.06811097992051802 0.188573105044955
3 0.39067255001530965 0.8058849997208041 0.06532949576063303 0.17171237275933937
3 0.3195859193610002 0.3354540035814495 0.05180752329343187 0.191381312378979
3 0.9778781677481911 0.38889625943470146 0.03321400306558105 0.19607878742738738