2 0.18063422409847543 0.6382083324458798 0.09163924253784135 0.3118731122082409
2 0.3022088705924029 0.6255429717562504 0.1073968834383479 0.2792186405769447
2 0.9150803432253853 0.6675457269453717 0.07284097668849568 0.3090139369297224
2 0.5446045316232743 0.7406917800122694 0.11424107859403601 0.3294610911848148
2 0.6996074011048401 0.5514288581522232 0.11050449458146912 0.25853077760833354
2 0.43561663910433707 0.6487549338882413 0.07380861578877858 0.2986457603846297
2 0.49172484042565334 0.3148908220591211 0.06990827670239368 0.21938211347481495
2 0.6241314767401636 0.3765717156754176 0.08897822258829417 0.1764564455415742
2 0.459284725922525 0.4821618733511118 0.06322783662052385 0.1774729962002778
2 0.6638084399587243 0.4583559779599084 0.10111093969839687 0.19777468009064827
3 0.8214891132097153 0.8773267256184496 0.07998289930656678 0.24534654876310072
3 0.7079793295587229 0.32175391615620474 0.05802119220301854 0.21056387892574074