2 0.2734965403197719 0.7666020875568047 0.10817840203176826 0.3697559997381442
2 0.3002426677238729 0.7543747983291932 0.09238511948364704 0.3508484335140977
2 0.2652984969649554 0.5872960353842505 0.07437503476927532 0.29651208014461145
2 0.18094448698705354 0.5249468468611146 0.1505152366692952 0.2952165779315116
2 0.3348223143056854 0.47652250910158167 0.08468525877453914 0.24871661826567315
2 0.5406821469764155 0.4150898057413863 0.06371112952739773 0.21309390345986828
2 0.6623175161183542 0.5851488174488514 0.10621732730323952 0.2635181202169171
2 0.8029866894886323 0.7460267568166814 0.12428885138371062 0.3199378069197368
2 0.926407102503874 0.6368524392242292 0.08579116736433375 0.28621661826567313
3 0.1273235586969093 0.7525870277102017 0.11108599218509978 0.30938781498656903
3 0.9562044485032332 0.6006910576208301 0.05982050951647094 0.24012875487811033
3 0.16012725841157316 0.33613246942205943 0.07431858038983707 0.25485753395671756