2 0.5140301477884106 0.3510200134095266 0.06399264387534356 0.18395147775074736
2 0.31520924189857724 0.42496761527967947 0.07667135143840131 0.2257393492051423
2 0.6969170527952891 0.5793920942087772 0.07999727463856825 0.21744237730812727
2 0.43204744531036815 0.43209496097511685 0.07540348068209557 0.22156056205970268
2 0.6362662376770812 0.5935640257716306 0.08128703512419423 0.2736923773081273
2 0.839043012697 0.6154315765166519 0.06432702622346892 0.19853481108408058
2 0.4272426807211921 0.32482753526599584 0.08064414960549846 0.19453783112023354
2 0.6220350406405847 0.4843102305593589 0.06422749896148443 0.2964272367932017
2 0.3042173803890405 0.3802789726825818 0.06930297143494185 0.21108329299917195
2 0.3944890116899455 0.3282919086716349 0.05564300655682866 0.17761663439933753
3 0.6136495505239292 0.783426130116739 0.07461329899454014 0.23821510824759665
3 0.1406679847619793 0.3048682654198981 0.05817874806944026 0.1859742086902166
3 0.7079965254580757 0.2187754396423589 0.05081036806598083 0.17131815248424628