2 0.20456684129561276 0.7166741159216454 0.07353037619760668 0.25908480301724857
2 0.6754047662395675 0.5871715483883205 0.0759227851175089 0.2736923773081275
2 0.5978193585911037 0.5217882634559808 0.06877284009196832 0.23820298776882373
2 0.5318447432147609 0.42215118331136936 0.059346433516731856 0.22352269060530788
2 0.35552117251356596 0.4547020512560594 0.05473212651546634 0.24639087535688328
2 0.42545572408448085 0.5106315530763758 0.04766402669242423 0.2359014858175795
2 0.35680224157949003 0.3088868986408853 0.06504440782451257 0.17358329299917194
2 0.043643097409275 0.44001967056915503 0.0734962740298988 0.24866813635058166
2 0.06285018229061251 0.3985529918022399 0.07813786276533059 0.2341332849323397
3 0.42813839224319655 0.7929414004612015 0.07007476127181372 0.27779844158093
3 0.582500204538855 0.3185117574713205 0.04520341343710639 0.20046057819336732