2 0.6582649472450176 0.553125 0.05451348182883939 0.225
2 0.6611957796014069 0.559375 0.06096131301289566 0.24166666666666667
2 0.4490035169988277 0.5489583333333333 0.043962485345838215 0.22916666666666666
2 0.152989449003517 0.7010416666666667 0.038100820633059786 0.25833333333333336
2 0.21219226260257915 0.4427083333333333 0.044548651817116064 0.221875
2 0.16412661195779601 0.39479166666666665 0.05158264947245018 0.196875
2 0.5357561547479485 0.4864583333333333 0.07033997655334115 0.21145833333333333
2 0.5017584994138335 0.42604166666666665 0.05041031652989449 0.19375
2 0.4548651817116061 0.41770833333333335 0.04572098475967175 0.190625
3 0.2543962485345838 0.8052083333333333 0.06799531066822978 0.2552083333333333
3 0.9173505275498242 0.634375 0.041617819460726846 0.22708333333333333
3 0.34466588511137164 0.3541666666666667 0.043962485345838215 0.17395833333333333