2 0.7236806775042285 0.5153714239439958 0.08493101623893795 0.26345606965141805
2 0.4289593286903422 0.5189271747342591 0.114669415365528 0.2807689748224098
2 0.32343690139367687 0.43006825720026176 0.11010794731416604 0.24502475953522426
2 0.4822506277100114 0.1192178493914508 0.06488346246995341 0.2179591436753168
2 0.880719329920583 0.5620354779172205 0.08265775969324918 0.18637273631808474
2 0.3398038879464223 0.31115891225835873 0.11189965890438024 0.22649312528223695
2 0.15795943314476865 0.2533006233988535 0.07586951950231387 0.19405097241038013
2 0.5425253279594064 0.29539527514176267 0.06395688699179652 0.22618329413514385
2 0.5078767645315021 0.5188489974392481 0.13404612109407735 0.2638750836720175
2 0.5344310963573119 0.45093115709561504 0.12787227456413902 0.2923866530976461
3 0.013191269699125836 0.8850979767828606 0.02638253939825167 0.22936731494025342
3 0.27138928145189867 0.17313658374908492 0.05112764897644507 0.18759146540008043