2 0.047479484173505275 0.753125 0.070926143024619 0.2864583333333333
2 0.3311840562719812 0.6291666666666667 0.056858147713950764 0.22708333333333333
2 0.5550996483001173 0.7604166666666666 0.05568581477139507 0.25833333333333336
2 0.7608440797186401 0.6270833333333333 0.08909730363423213 0.27395833333333336
2 0.8745603751465416 0.6270833333333333 0.053341148886283704 0.2677083333333333
2 0.929073856975381 0.6572916666666667 0.053341148886283704 0.27291666666666664
2 0.634232121922626 0.44166666666666665 0.06213364595545135 0.21770833333333334
2 0.46776084407971863 0.4322916666666667 0.04806565064478312 0.16145833333333334
2 0.3786635404454865 0.32916666666666666 0.04689331770222743 0.16770833333333332
2 0.29191090269636577 0.49166666666666664 0.04337631887456037 0.23125
3 0.7485345838218054 0.8666666666666667 0.04572098475967175 0.265625
3 0.6371629542790153 0.33125 0.044548651817116064 0.18333333333333332