2 0.7719812426729191 0.646875 0.04337631887456037 0.253125
2 0.7297772567409144 0.4114583333333333 0.053341148886283704 0.18020833333333333
2 0.6969519343493552 0.4197916666666667 0.03399765533411489 0.17395833333333333
2 0.6682297772567409 0.45729166666666665 0.05216881594372802 0.17916666666666667
2 0.6207502930832356 0.5 0.05509964830011723 0.19583333333333333
2 0.49648300117233296 0.44583333333333336 0.04044548651817116 0.190625
2 0.5158264947245017 0.6697916666666667 0.053927315357561546 0.26145833333333335
2 0.47596717467760846 0.5635416666666667 0.05861664712778429 0.21666666666666667
2 0.29835873388042206 0.5260416666666666 0.04044548651817116 0.21458333333333332
2 0.14361078546307152 0.68125 0.04630715123094959 0.22291666666666668
3 0.44079718640093785 0.7041666666666667 0.05158264947245018 0.190625
3 0.8739742086752638 0.34375 0.0369284876905041 0.16666666666666666
3 0.28839390386869873 0.328125 0.035169988276670575 0.15