2 0.55978898007034 0.615625 0.10844079718640094 0.23333333333333334
2 0.45310668229777257 0.7197916666666667 0.0738569753810082 0.21145833333333333
2 0.4091441969519343 0.6291666666666667 0.05275498241500586 0.22395833333333334
2 0.4208675263774912 0.596875 0.05861664712778429 0.21979166666666666
2 0.35580304806565066 0.546875 0.07033997655334115 0.23854166666666668
2 0.2878077373974209 0.5802083333333333 0.05509964830011723 0.290625
2 0.4718640093786635 0.36666666666666664 0.04865181711606096 0.20520833333333333
2 0.5644783118405627 0.3802083333333333 0.049824150058616644 0.22083333333333333
2 0.5468933177022274 0.3260416666666667 0.04337631887456037 0.225
2 0.4976553341148886 0.29375 0.041031652989449004 0.165625
3 0.5076201641266119 0.7322916666666667 0.05568581477139507 0.21041666666666667
3 0.8434935521688159 0.48125 0.05744431418522861 0.21979166666666666
3 0.08147713950762016 0.33541666666666664 0.06213364595545135 0.21145833333333333