2 0.10199296600234467 0.765625 0.06623681125439625 0.271875
2 0.1623681125439625 0.6614583333333334 0.0668229777256741 0.23541666666666666
2 0.5568581477139508 0.678125 0.06565064478311841 0.265625
2 0.44314185228604924 0.46979166666666666 0.07151230949589683 0.22916666666666666
2 0.3898007033997655 0.36041666666666666 0.0369284876905041 0.19791666666666666
2 0.417936694021102 0.32395833333333335 0.049824150058616644 0.15625
2 0.46248534583821804 0.37604166666666666 0.050996483001172335 0.20104166666666667
2 0.7491207502930832 0.4979166666666667 0.08382180539273154 0.19583333333333333
2 0.5580304806565064 0.5458333333333333 0.045134818288393906 0.203125
2 0.8188745603751465 0.5 0.08030480656506447 0.234375
3 0.5926143024618992 0.846875 0.04337631887456037 0.24895833333333334
3 0.5679953106682297 0.3125 0.045134818288393906 0.18645833333333334