2 0.41500586166471276 0.41354166666666664 0.10492379835873387 0.225
2 0.235052754982415 0.5645833333333333 0.06623681125439625 0.25729166666666664
2 0.5486518171160609 0.415625 0.06858147713950762 0.2375
2 0.8048065650644783 0.5520833333333334 0.10550996483001172 0.2375
2 0.3083235638921454 0.6760416666666667 0.06506447831184056 0.28229166666666666
2 0.3399765533411489 0.61875 0.06506447831184056 0.315625
2 0.8815943728018757 0.7427083333333333 0.1242672919109027 0.3177083333333333
2 0.7409144196951934 0.6854166666666667 0.08147713950762016 0.25833333333333336
2 0.5445486518171161 0.2677083333333333 0.06623681125439625 0.18333333333333332
3 0.7004689331770223 0.7927083333333333 0.070926143024619 0.23958333333333334
3 0.7848769050410317 0.2989583333333333 0.04630715123094959 0.19583333333333333
3 0.06447831184056271 0.309375 0.038100820633059786 0.21041666666666667