2 0.2579363730745388 0.36041666666666666 0.12793612886429373 0.25416666666666665
2 0.46563963733703556 0.26145833333333335 0.10331713707062426 0.25416666666666665
2 0.6142773965062215 0.29583333333333334 0.06713852103243635 0.2708333333333333
2 0.45883933039794456 0.5239583333333333 0.12414717558978211 0.3458333333333333
2 0.3883019871782918 0.5635416666666667 0.09348235075466617 0.32708333333333334
2 0.3233120966469841 0.5114583333333333 0.12139324675207473 0.30416666666666664
2 0.3727827438674074 0.17708333333333334 0.09268428799710392 0.24583333333333332
2 0.5678840946385949 0.16770833333333332 0.0699393096930606 0.19791666666666666
2 0.4532261902205523 0.4895833333333333 0.08840421917947718 0.2875
3 0.2355521624186751 0.7072916666666667 0.11602269758241147 0.3541666666666667
3 0.3031239847135067 0.12708333333333333 0.07271370167839773 0.24166666666666667