2 0.3930078664012381 0.5156381757861392 0.10704529347531457 0.24688972712154492
2 0.616594228552395 0.47930962083268913 0.06326107363905259 0.27190744459497085
2 0.5295075992951516 0.6592804319291083 0.11102802789082755 0.30960809286855756
2 0.920217234359579 0.5740908774272372 0.1103728004786669 0.2846080928685576
2 0.2582763299465504 0.6402545967123917 0.05911776471229699 0.2923040464342788
2 0.47540686694071 0.7591933958973844 0.06816881454666222 0.28067750942232955
2 0.43434306429639147 0.6202828772785149 0.06042498719482074 0.25293907884795813
2 0.21289095286590015 0.49262860470291675 0.07700145524364051 0.2607176390770468
2 0.14048901887457346 0.7643708359711526 0.06855103053708919 0.29526084275566283
2 0.2514703515724431 0.5367474566551195 0.08163618472951653 0.25907103723773894
3 0.9387786049325605 0.434498685357191 0.05191672786212517 0.1960339816069201
3 0.23316906305400562 0.3292964450465498 0.0540429846098498 0.18791901402059943
3 0.42211071019493296 0.8594656897323777 0.0662609669363246 0.2810686205352447