2 0.17526377491207504 0.49375 0.07913247362250879 0.190625
2 0.7069167643610785 0.515625 0.045134818288393906 0.21354166666666666
2 0.9138335287221571 0.6322916666666667 0.06623681125439625 0.2375
2 0.5087924970691676 0.3229166666666667 0.053927315357561546 0.16770833333333332
2 0.34759671746776083 0.471875 0.053341148886283704 0.19895833333333332
2 0.3669402110199297 0.6302083333333334 0.06213364595545135 0.22083333333333333
2 0.3974208675263775 0.5614583333333333 0.05451348182883939 0.21770833333333334
2 0.39976553341148885 0.44166666666666665 0.035169988276670575 0.16666666666666666
2 0.35990621336459555 0.4510416666666667 0.06213364595545135 0.16666666666666666
2 0.515240328253224 0.265625 0.038100820633059786 0.171875
3 0.2842907385697538 0.7375 0.05509964830011723 0.23645833333333333
3 0.9050410316529894 0.47604166666666664 0.026963657678780773 0.20520833333333333
3 0.3698710433763189 0.27395833333333336 0.0369284876905041 0.16145833333333334