2 0.5345838218053928 0.34375 0.03927315357561548 0.24166666666666667
2 0.5363423212192263 0.4125 0.04572098475967175 0.19270833333333334
2 0.6559202813599062 0.615625 0.0668229777256741 0.28854166666666664
2 0.5339976553341149 0.578125 0.0627198124267292 0.25625
2 0.3909730363423212 0.47708333333333336 0.047479484173505275 0.20208333333333334
2 0.23974208675263775 0.44166666666666665 0.04572098475967175 0.20625
2 0.29308323563892147 0.84375 0.05803048065650645 0.3125
2 0.1652989449003517 0.6333333333333333 0.04337631887456037 0.228125
2 0.05744431418522861 0.7364583333333333 0.0615474794841735 0.271875
2 0.019343493552168817 0.628125 0.038686987104337635 0.23125
3 0.5726846424384525 0.903125 0.05920281359906213 0.19270833333333334
3 0.7467760844079718 0.43020833333333336 0.03399765533411489 0.20208333333333334
3 0.15826494724501758 0.4197916666666667 0.04279015240328253 0.20104166666666667