2 0.3569753810082063 0.6364583333333333 0.06740914419695193 0.18854166666666666
2 0.1611957796014068 0.678125 0.0627198124267292 0.259375
2 0.38569753810082064 0.46145833333333336 0.0492379835873388 0.21666666666666667
2 0.5861664712778429 0.6114583333333333 0.05451348182883939 0.25104166666666666
2 0.645369284876905 0.6510416666666666 0.06389214536928488 0.20729166666666668
2 0.15767878077373973 0.37395833333333334 0.0369284876905041 0.20416666666666666
2 0.7303634232121923 0.4197916666666667 0.053927315357561546 0.20104166666666667
2 0.8042203985932005 0.39479166666666665 0.041617819460726846 0.17395833333333333
2 0.7420867526377491 0.40520833333333334 0.05041031652989449 0.190625
2 0.6600234466588512 0.29791666666666666 0.0369284876905041 0.17916666666666667
3 0.21688159437280188 0.8677083333333333 0.05568581477139507 0.2635416666666667
3 0.399179366940211 0.29375 0.038686987104337635 0.1625