2 0.7421042698729778 0.5850879225319432 0.13313854694634528 0.3041325106137691
2 0.5499669466899736 0.529271852499969 0.09027933360218009 0.2756393294726878
2 0.9255422257280732 0.7050278560874309 0.1052209654623957 0.31013705651971485
2 0.712805643334478 0.3193459396256519 0.0821822075729836 0.2791267664730332
2 0.5820776777538816 0.3083386142867932 0.08638335112588345 0.35015416542531547
2 0.1526006814479428 0.5600826415784831 0.08098418965915335 0.32268270085408424
2 0.05587836517440261 0.7021717499317041 0.10339340510767947 0.28504002371024034
2 0.30339804510464996 0.474842808108558 0.11405360615937399 0.29007998566217735
2 0.3230177824203498 0.3734358323711781 0.11260826179508483 0.27956628618603624
2 0.3899628072003547 0.38556477915972903 0.09243127532117913 0.2238470945677779
3 0.14500467300325914 0.2696774014349847 0.06579523134847876 0.23411533994986503
3 0.2904364672558998 0.7908559393464559 0.09919549389657713 0.3034018924723426
3 0.8325201091860247 0.30424025972592195 0.0766192392532136 0.24540530190180193