2 0.6350175947408855 0.6560018306318085 0.09895521566247821 0.29346563145484006
2 0.5294884980455731 0.48557526898283965 0.08562982719414004 0.2489153638206544
2 0.9690503265795664 0.22614725435696068 0.05130476149794819 0.21347223399719456
2 0.484606502338723 0.40299591483737746 0.08112466375258554 0.2673743574082231
2 0.590280172349773 0.3797816038910081 0.09389754723491925 0.25567462504240906
2 0.45170955893045955 0.41232462639106277 0.07407020294962154 0.26485451445624286
2 0.6389290227020055 0.317423788163588 0.0702871832027672 0.23755292631358624
2 0.6355084060848303 0.18854812790935255 0.06165112650465149 0.19329366509183157
2 0.6009437161447383 0.36766850612970453 0.07254999649735926 0.22936509618646853
2 0.5947077812469662 0.28685501574835137 0.06292577518535625 0.20378308336160605
3 0.27352385195348106 0.6013987426587879 0.0619376105714688 0.22246033175849836
3 0.8446031643861531 0.13289000922282945 0.06045833041446618 0.19113758015539037
3 0.9433454566791887 0.5171492439508963 0.053696287205976696 0.0991071554731846