2 0.44523272703710687 0.2520020301393525 0.06674915515364749 0.22335481965518522
2 0.5022433684078068 0.5619848985533804 0.08207300300429028 0.271853367780741
2 0.7944015975546315 0.5198437820370845 0.07822839047054304 0.2592078974160186
2 0.6412049657284663 0.5885885563540287 0.09709492212012719 0.2641504060278706
2 0.28470654662284434 0.5780142260621763 0.10892745611437762 0.268801973910278
2 0.36797756754096494 0.3562145740860654 0.05407190192292183 0.23115476165120383
2 0.5867894621535817 0.5154276971851398 0.0948594608037094 0.26822009245138906
2 0.8679197329148208 0.4686592578472235 0.054563322482042445 0.2499047616512037
2 0.6407569211389539 0.5385158211716676 0.07566531544804479 0.25077758383953724
2 0.3367629256560815 0.6740190167153709 0.14006334003298596 0.2950627170712039
3 0.349218537407623 0.7808993882958339 0.0930608177620651 0.2889564455415742
3 0.16670567492617663 0.31139169478120393 0.06966552885350076 0.20058362335324087
3 0.8385198957805687 0.3589924461706031 0.05246275070559264 0.21443960486296304