2 0.31535756154747946 0.540625 0.03341148886283705 0.2125
2 0.1951934349355217 0.6416666666666667 0.05451348182883939 0.21979166666666666
2 0.5492379835873388 0.334375 0.04044548651817116 0.16979166666666667
2 0.604337631887456 0.7020833333333333 0.047479484173505275 0.240625
2 0.735052754982415 0.4041666666666667 0.04689331770222743 0.16979166666666667
2 0.8464243845252052 0.40625 0.070926143024619 0.17604166666666668
2 0.9009378663540446 0.365625 0.070926143024619 0.18333333333333332
2 0.6447831184056272 0.5010416666666667 0.04689331770222743 0.16770833333333332
2 0.5504103165298945 0.23020833333333332 0.050996483001172335 0.15729166666666666
2 0.8452520515826495 0.3458333333333333 0.06623681125439625 0.18333333333333332
3 0.7397420867526378 0.7625 0.045134818288393906 0.215625
3 0.6670574443141852 0.23125 0.035169988276670575 0.15208333333333332
3 0.1910902696365768 0.425 0.03575615474794842 0.19166666666666668