2 0.16924970342409973 0.6765492766545645 0.0777402022532199 0.3320918037006256
2 0.48430048772407747 0.4627494900398061 0.0999599258774312 0.33162136760421673
2 0.5943263673274319 0.5601904498374236 0.09701463486450591 0.30853492228103174
2 0.5375405128961612 0.6791031389119756 0.16291260609808322 0.36737050200195376
2 0.049870845251574494 0.5359525421547614 0.07997566356963781 0.3280949156904773
2 0.3419005626604736 0.40731120943090876 0.09731333125751421 0.2752864782759576
2 0.34841745478541264 0.43188676278961285 0.07798429636188146 0.296760026362218
2 0.30608980562817845 0.40781700060948073 0.09698571755143388 0.2627864782759576
3 0.0914709737139679 0.4202267476809123 0.0693668324604925 0.23583402372599618
3 0.16201983614240836 0.9160671705962121 0.1011803964207388 0.1549624809121795
3 0.9762611094394728 0.5245033028680585 0.0474777811210544 0.3438277997462928