2 0.9355563767278692 0.5117695957905403 0.08348979278532681 0.26709249891676473
2 0.28568622645556735 0.6705118636397588 0.08322377186613926 0.24000916558343116
2 0.4576392694977728 0.4474033695942581 0.049989186521984044 0.1973242867959519
2 0.8576883202122502 0.5235628495774705 0.06864419786472635 0.18748945562689248
2 0.2285049664256975 0.7587702505438146 0.06442551848998869 0.23526066341915736
2 0.6006434253419367 0.4408835405916695 0.06306901721876483 0.21647429870055698
2 0.6583946867416123 0.47035166938024725 0.07207934410187383 0.17926521644936055
2 0.6425302324856795 0.4072827440553865 0.07232490187343149 0.20426521644936055
2 0.572090906958018 0.3396547781454468 0.056900405291539335 0.1850424751075546
3 0.8490024369273893 0.6540802830189077 0.07127534781665464 0.21672885173076015
3 0.6466393313122816 0.2883691028216845 0.05081364595483341 0.16194398484788575