2 0.2825322391559203 0.4239583333333333 0.0697538100820633 0.2760416666666667
2 0.1406799531066823 0.3625 0.05803048065650645 0.23854166666666668
2 0.4320046893317702 0.775 0.05627198124267292 0.228125
2 0.6570926143024619 0.45 0.06740914419695193 0.25
2 0.7186400937866354 0.4354166666666667 0.0369284876905041 0.259375
2 0.027549824150058615 0.4739583333333333 0.05451348182883939 0.2947916666666667
2 0.038686987104337635 0.653125 0.0492379835873388 0.296875
2 0.6658851113716295 0.7208333333333333 0.05803048065650645 0.26979166666666665
2 0.6740914419695193 0.6114583333333333 0.045134818288393906 0.290625
3 0.2719812426729191 0.7479166666666667 0.07151230949589683 0.278125
3 0.44958968347010553 0.31666666666666665 0.05744431418522861 0.22291666666666668
3 0.7977725674091442 0.5916666666666667 0.09026963657678781 0.25729166666666664