2 0.10856913516122185 0.5925327395973277 0.07332064956293328 0.2513719387699903
2 0.2361093317911301 0.5505692415769949 0.07383775509332839 0.22643255757882058
2 0.26070425478442355 0.46087581754255375 0.07612781869409305 0.22447046186314784
2 0.39579555460006094 0.4434879878604093 0.06835830637097694 0.2407127968680027
2 0.9057812210703629 0.5950013307839332 0.06912273835183103 0.26987946353466963
2 0.7546081061068235 0.5112757280740283 0.0653327281024305 0.25928094044151206
2 0.5523293035734185 0.43435371021490543 0.07601861412539954 0.22030379519648116
2 0.5098796073618534 0.44591098733279405 0.0995744775452067 0.22568283803975267
2 0.5660070889207184 0.2921717836731817 0.05147990958735155 0.17742475235320967
2 0.5431080690839706 0.22781977865861675 0.046055063149346875 0.19378832497572512
3 0.5748814025348538 0.6682852160652312 0.05933294150788646 0.20903846520619093
3 0.8020137677083021 0.28829042702722135 0.04722739609190243 0.19384894378455542
3 0.012633069175668228 0.2887649794141251 0.025266138351336457 0.18276547022075604