2 0.1160609613130129 0.66875 0.0668229777256741 0.325
2 0.21512309495896834 0.5354166666666667 0.053341148886283704 0.28854166666666664
2 0.6934349355216881 0.6947916666666667 0.03927315357561548 0.2833333333333333
2 0.6676436107854631 0.6604166666666667 0.053341148886283704 0.2604166666666667
2 0.6324736225087925 0.503125 0.06565064478311841 0.27708333333333335
2 0.6875732708089097 0.5041666666666667 0.09202813599062133 0.246875
2 0.7907385697538101 0.42916666666666664 0.059788980070339975 0.253125
2 0.6576787807737398 0.41041666666666665 0.04279015240328253 0.20416666666666666
2 0.6072684642438453 0.296875 0.06799531066822978 0.20104166666666667
2 0.660609613130129 0.23125 0.06623681125439625 0.215625
3 0.5762016412661196 0.8041666666666667 0.0697538100820633 0.21458333333333332