2 0.518757327080891 0.4125 0.0627198124267292 0.18020833333333333
2 0.6189917936694022 0.5708333333333333 0.08264947245017586 0.23020833333333332
2 0.6400937866354045 0.4625 0.06740914419695193 0.203125
2 0.2731535756154748 0.5916666666666667 0.045134818288393906 0.225
2 0.7520515826494725 0.365625 0.04279015240328253 0.159375
2 0.3622508792497069 0.7510416666666667 0.05803048065650645 0.2375
2 0.8487690504103166 0.425 0.044548651817116064 0.2
2 0.5269636576787807 0.590625 0.06037514654161782 0.203125
2 0.5463071512309496 0.5354166666666667 0.041617819460726846 0.19895833333333332
2 0.17526377491207504 0.715625 0.05509964830011723 0.25104166666666666
3 0.45838218053927315 0.7989583333333333 0.0738569753810082 0.22916666666666666
3 0.8745603751465416 0.36354166666666665 0.03575615474794842 0.17291666666666666
3 0.2924970691676436 0.3416666666666667 0.032825322391559206 0.146875