2 0.619449361521202 0.5941129001876212 0.07735475392099551 0.22883566804460972
2 0.6331962078093848 0.4282224959967504 0.05941322876350774 0.16914387537863373
2 0.6889028590393584 0.6113446856846859 0.06682944240926904 0.1843094055688141
2 0.29094719498425237 0.6660961124870501 0.06871160504833196 0.21148977171162167
2 0.46709753581306446 0.2881595883610218 0.04997996293871567 0.16628427956950464
2 0.42240914594328416 0.3794580738866074 0.04417290051028383 0.16788244885546558
2 0.7969309936329139 0.34468950729949094 0.041937439193865896 0.17185504990318326
2 0.2520530250572665 0.738039578988604 0.06116050186260266 0.23581054204530053
2 0.5137193713829047 0.6386019801443928 0.08185136152510593 0.17723749875864883
2 0.530530323396546 0.5575232235961571 0.09256616486114727 0.18436079404391895
3 0.5332748093888656 0.8114244860719529 0.0676484766744697 0.21555940556881387
3 0.2737958736604457 0.35671824041668215 0.0448538128937191 0.14922948166494004
3 0.8569801426393502 0.31729799751128523 0.04768989933795088 0.16817354728388903