2 0.8352872215709262 0.5354166666666667 0.05744431418522861 0.2864583333333333
2 0.6746776084407972 0.46145833333333336 0.07561547479484174 0.21666666666666667
2 0.6008206330597889 0.6635416666666667 0.06858147713950762 0.2625
2 0.5058616647127784 0.55625 0.07444314185228605 0.2552083333333333
2 0.3223915592028136 0.7135416666666666 0.06858147713950762 0.2708333333333333
2 0.15767878077373973 0.5010416666666667 0.041617819460726846 0.2916666666666667
2 0.3118405627198124 0.2791666666666667 0.04689331770222743 0.21458333333333332
2 0.46072684642438455 0.321875 0.04806565064478312 0.21458333333333332
2 0.44079718640093785 0.4375 0.04806565064478312 0.22083333333333333
2 0.3106682297772567 0.51875 0.0738569753810082 0.22604166666666667
3 0.7245017584994138 0.7885416666666667 0.06623681125439625 0.24375
3 0.7854630715123095 0.29270833333333335 0.043962485345838215 0.19166666666666668
3 0.06565064478311841 0.309375 0.04572098475967175 0.196875