2 0.3821805392731536 0.5552083333333333 0.06623681125439625 0.24583333333333332
2 0.46893317702227433 0.5895833333333333 0.0873388042203986 0.22083333333333333
2 0.6975381008206331 0.4552083333333333 0.08616647127784291 0.2125
2 0.12250879249706917 0.7541666666666667 0.07209847596717468 0.31354166666666666
2 0.563305978898007 0.6552083333333333 0.07209847596717468 0.259375
2 0.634232121922626 0.5010416666666667 0.07971864009378664 0.24166666666666667
2 0.8329425556858148 0.5697916666666667 0.05158264947245018 0.28020833333333334
2 0.634232121922626 0.6989583333333333 0.0627198124267292 0.19270833333333334
2 0.5427901524032825 0.396875 0.07033997655334115 0.2375
2 0.5855803048065651 0.3885416666666667 0.07737397420867527 0.19166666666666668
3 0.4138335287221571 0.8364583333333333 0.06213364595545135 0.278125
3 0.30890973036342323 0.3125 0.049824150058616644 0.18645833333333334
3 0.9507620164126612 0.334375 0.06389214536928488 0.20833333333333334