2 0.3514621471853592 0.6908380674729735 0.11524629154336337 0.2981363022490896
2 0.5195822889344018 0.6342222514322481 0.09643439175823906 0.2935817671334535
2 0.3188107553879382 0.39143199103545806 0.06565358537850731 0.27003481423721143
2 0.4128848776880815 0.5009752239020046 0.06636205033507885 0.23464238934860523
2 0.47447181640273567 0.36841616788673254 0.07323232987771272 0.22228784001696886
2 0.8808513496071384 0.5965353295672219 0.06426296161901808 0.2533439057924843
2 0.5447991299784813 0.45552756964782415 0.07827638422545272 0.2494681404625446
2 0.06943225504744065 0.5112030648737583 0.07944871716800846 0.2494923822406052
2 0.3209912130611178 0.3340797199236399 0.04828590185864287 0.1967787626776964
3 0.8583338970256875 0.8022648611288579 0.08310214775625917 0.2599817742414537
3 0.07223833842237869 0.322552310205819 0.0789029901256742 0.20782571557393853