2 0.082798690080354 0.6720795955336373 0.165597380160708 0.36834080893272536
2 0.6707431923437758 0.7137617464990986 0.19604006748684394 0.2622120178230283
2 0.777488536501174 0.7989951402504332 0.14807629078802687 0.37156204625502887
2 0.4355921567041658 0.4177866114470959 0.1027881145990944 0.3123317671334535
2 0.6576872968968165 0.5401912816147347 0.12162528472861404 0.2794105440271503
2 0.10849915631928167 0.2819387013049104 0.1067946401856128 0.29159540091236263
2 0.5503221929405447 0.5632306167515821 0.10912774364046586 0.32703630935708977
2 0.4865434839474842 0.4896002772120056 0.09037041655957488 0.32664844090812034
2 0.5412560264163058 0.464526822087885 0.09644848555772295 0.2976272249098173
2 0.5091418693025069 0.42563437942927856 0.08108315849801637 0.25775299023975673
3 0.10585246188504294 0.20183945597284972 0.08633029764546084 0.23912419913005975