2 0.3774746915033253 0.609435244392423 0.06490201436797524 0.247023415676833
2 0.37545741750948947 0.5595564820100836 0.07287644237621163 0.21203108067197812
2 0.46558382013384414 0.5767638337301549 0.054146397952926834 0.21522784639736087
2 0.5155379734833482 0.4648428437592848 0.05311047829840269 0.23600056092186392
2 0.6013301295536195 0.3385729801190923 0.07167682677604952 0.20780379519648118
2 0.6977675394067417 0.46583328565284887 0.05421460459694267 0.22564451306402755
2 0.5855497368108988 0.6903117630873067 0.09318805960614632 0.27139493375542545
2 0.6911090889607515 0.31935230791024544 0.07174503342006534 0.21822046186314784
3 0.8037324354153714 0.8383510458360516 0.07659806113592593 0.243462937098469
3 0.8029031890291817 0.3385632116669574 0.03878329774047474 0.19568980188256782
3 0.10276682573880665 0.6819533789920329 0.04146899684566468 0.2478943728335615