2 0.33868543535980167 0.5077539488877963 0.0871091073511428 0.2793645542357774
2 0.43375991778260475 0.45489684930146496 0.10337852651351367 0.2656298842260675
2 0.04676430108962101 0.5218063656198597 0.08599816385147639 0.28555393542694724
2 0.8241860784674082 0.6775403569119883 0.10701830422695956 0.27831174065255815
2 0.7700541316335486 0.6594954887848462 0.0846416625802526 0.2667433166181169
2 0.7103865991666585 0.49582945315527643 0.1058664344320335 0.2803344551770612
2 0.5582757342288935 0.41406594616104425 0.0895560889744031 0.2899024585201045
2 0.5278053092962607 0.41668370185729725 0.10121802895707055 0.28425864660840694
2 0.7343784981937903 0.4904201009075898 0.08357164537584584 0.2770993644759533
3 0.3168698947914146 0.7944436105398981 0.08190819689017498 0.227038745667123
3 0.3493331182524651 0.21851516591958184 0.05467851829220679 0.1985611797306942