2 0.5029308323563892 0.48854166666666665 0.09788980070339977 0.21145833333333333
2 0.4091441969519343 0.575 0.1025791324736225 0.225
2 0.6172332942555686 0.3489583333333333 0.09202813599062133 0.215625
2 0.7479484173505275 0.29270833333333335 0.038100820633059786 0.21979166666666666
2 0.3698710433763189 0.4239583333333333 0.07737397420867527 0.190625
2 0.611957796014068 0.6270833333333333 0.06506447831184056 0.25729166666666664
2 0.6031652989449003 0.5260416666666666 0.08147713950762016 0.253125
2 0.41207502930832357 0.384375 0.08030480656506447 0.19479166666666667
2 0.9724501758499414 0.59375 0.05158264947245018 0.259375
2 0.399179366940211 0.54375 0.05216881594372802 0.23333333333333334
3 0.4079718640093787 0.8833333333333333 0.05158264947245018 0.22708333333333333
3 0.2708089097303634 0.31354166666666666 0.04865181711606096 0.21145833333333333