2 0.708063165890111 0.6707048696214054 0.08143034184481947 0.27994237730812727
2 0.45893546018060205 0.5400345690791125 0.07635486937136204 0.36528632110215703
2 0.3396918823880474 0.5533816135776177 0.12169769232426783 0.2470332607318428
2 0.5357938977982691 0.8732210676515796 0.11377797516762822 0.25355786469684083
2 0.4018713025262565 0.6071368784738046 0.10054793045139045 0.2447317587805988
2 0.4594599469121531 0.28176789837902966 0.06846502084051152 0.22565450585373245
2 0.522091176941558 0.40634437612977703 0.06920743362119179 0.2069166263325054
2 0.535945183415363 0.6782981592418004 0.08552056755498703 0.30497873874444587
2 0.5320848520990276 0.5866133118569744 0.14040725049828376 0.24514385505887476
2 0.8327086196077799 0.7907153994137791 0.08922864201015408 0.31334843351409775
3 0.9638506968964226 0.5806630416180932 0.053298340671717424 0.17759239344179178
3 0.25157287010067925 0.313985453157467 0.06001984570824656 0.21515299583565597