2 0.6600234466588512 0.5239583333333333 0.05861664712778429 0.24583333333333332
2 0.5920281359906213 0.6447916666666667 0.053341148886283704 0.25416666666666665
2 0.5685814771395076 0.515625 0.10082063305978899 0.24479166666666666
2 0.9085580304806565 0.8177083333333334 0.09671746776084408 0.2916666666666667
2 0.492379835873388 0.45625 0.06565064478311841 0.2520833333333333
2 0.515240328253224 0.5083333333333333 0.041617819460726846 0.18541666666666667
2 0.5773739742086753 0.503125 0.08382180539273154 0.19375
2 0.5691676436107854 0.3260416666666667 0.04806565064478312 0.19583333333333333
2 0.5181711606096131 0.39375 0.045134818288393906 0.19270833333333334
3 0.0984759671746776 0.6270833333333333 0.053341148886283704 0.225
3 0.7895662368112544 0.3302083333333333 0.04630715123094959 0.175