2 0.305978898007034 0.5822916666666667 0.0697538100820633 0.25729166666666664
2 0.8558030480656507 0.578125 0.08206330597889801 0.24270833333333333
2 0.7092614302461899 0.565625 0.09320046893317702 0.19270833333333334
2 0.5943728018757327 0.646875 0.06858147713950762 0.3
2 0.15767878077373973 0.5739583333333333 0.053341148886283704 0.2760416666666667
2 0.5509964830011723 0.4239583333333333 0.07209847596717468 0.22395833333333334
2 0.652989449003517 0.39895833333333336 0.04865181711606096 0.2
2 0.5199296600234466 0.35520833333333335 0.070926143024619 0.19166666666666668
2 0.5498241500586166 0.5614583333333333 0.06740914419695193 0.24479166666666666
2 0.6436107854630715 0.3572916666666667 0.05744431418522861 0.18854166666666666
3 0.8898007033997656 0.840625 0.08323563892145369 0.28020833333333334
3 0.7028135990621337 0.2989583333333333 0.041617819460726846 0.196875
3 0.0246189917936694 0.5947916666666667 0.041031652989449004 0.253125