2 0.22450175849941384 0.5302083333333333 0.08440797186400938 0.27395833333333336
2 0.11488862837045721 0.5333333333333333 0.07502930832356389 0.275
2 0.4372801875732708 0.5052083333333334 0.050996483001172335 0.21145833333333333
2 0.6060961313012896 0.390625 0.06389214536928488 0.22604166666666667
2 0.5357561547479485 0.7104166666666667 0.07268464243845252 0.29583333333333334
2 0.2825322391559203 0.409375 0.03458382180539273 0.234375
2 0.5275498241500586 0.46458333333333335 0.044548651817116064 0.21770833333333334
2 0.567409144196952 0.6260416666666667 0.04279015240328253 0.22083333333333333
2 0.55978898007034 0.34479166666666666 0.044548651817116064 0.20833333333333334
2 0.021688159437280186 0.40208333333333335 0.04337631887456037 0.22916666666666666
3 0.6318874560375146 0.8427083333333333 0.06565064478311841 0.25104166666666666
3 0.7297772567409144 0.3145833333333333 0.04279015240328253 0.171875
3 0.1447831184056272 0.31354166666666666 0.043962485345838215 0.20833333333333334