2 0.0697538100820633 0.803125 0.08440797186400938 0.3125
2 0.37221570926143027 0.725 0.05744431418522861 0.271875
2 0.2895662368112544 0.5770833333333333 0.059788980070339975 0.26979166666666665
2 0.48534583821805394 0.37083333333333335 0.06389214536928488 0.21041666666666667
2 0.5638921453692849 0.48125 0.05627198124267292 0.21145833333333333
2 0.6101992966002344 0.5239583333333333 0.0914419695193435 0.22395833333333334
2 0.6025791324736225 0.49375 0.07561547479484174 0.21770833333333334
2 0.7502930832356389 0.671875 0.03985932004689332 0.31145833333333334
2 0.7842907385697538 0.7072916666666667 0.05509964830011723 0.26145833333333335
3 0.28839390386869873 0.37083333333333335 0.0492379835873388 0.2125
3 0.5193434935521688 0.9322916666666666 0.07033997655334115 0.134375