2 0.7532239155920282 0.5527502732601379 0.11488862837045721 0.2874858208360673
2 0.5838218053927315 0.4556417811935907 0.09261430246189918 0.3233729235991426
2 0.25381008206330596 0.511829793765219 0.11488862837045721 0.3437358208360672
2 0.18640093786635403 0.46566926347345566 0.08558030480656506 0.29786358762958753
2 0.38452520515826494 0.3856979669976528 0.07268464243845252 0.2802631383520697
2 0.8452520515826495 0.5971281276584584 0.08558030480656506 0.327030254296254
2 0.6148886283704572 0.3065172139947222 0.06213364595545135 0.2690824677310703
2 0.43903868698710435 0.19529227990026718 0.059788980070339975 0.2084960224078853
2 0.4261430246189918 0.6139343958444515 0.12778429073856976 0.37383627011358483
2 0.388042203985932 0.5906516323462085 0.1570926143024619 0.31762516998673124
3 0.2485345838218054 0.19346179574238534 0.05627198124267292 0.22490802108977437
3 0.3071512309495897 0.7610923293294258 0.07971864009378664 0.31202247432162505