2 0.5287221570926143 0.5135416666666667 0.07502930832356389 0.203125
2 0.6096131301289566 0.6197916666666666 0.0492379835873388 0.184375
2 0.39566236811254396 0.525 0.050996483001172335 0.221875
2 0.6770222743259086 0.6114583333333333 0.044548651817116064 0.19166666666666668
2 0.44841735052754983 0.4166666666666667 0.04220398593200469 0.171875
2 0.2737397420867526 0.4739583333333333 0.07444314185228605 0.21145833333333333
2 0.447831184056272 0.634375 0.053341148886283704 0.20416666666666666
2 0.492379835873388 0.7041666666666667 0.050996483001172335 0.26458333333333334
2 0.44079718640093785 0.5427083333333333 0.04689331770222743 0.18958333333333333
3 0.488862837045721 0.7520833333333333 0.05451348182883939 0.20208333333333334
3 0.611957796014068 0.37916666666666665 0.03634232121922626 0.16770833333333332