2 0.23446658851113716 0.85625 0.08909730363423213 0.28229166666666666
2 0.36283704572098474 0.7104166666666667 0.06506447831184056 0.33229166666666665
2 0.4783118405627198 0.7208333333333333 0.07737397420867527 0.3802083333333333
2 0.660609613130129 0.621875 0.07268464243845252 0.26666666666666666
2 0.5123094958968347 0.6489583333333333 0.05920281359906213 0.30104166666666665
2 0.5844079718640094 0.5197916666666667 0.06565064478311841 0.3385416666666667
2 0.9613130128956624 0.5677083333333334 0.07444314185228605 0.309375
2 0.6166471277842908 0.5166666666666667 0.06447831184056271 0.35625
2 0.6805392731535757 0.49583333333333335 0.07033997655334115 0.2635416666666667
2 0.6336459554513482 0.396875 0.053341148886283704 0.24166666666666667
3 0.5720984759671747 0.9260416666666667 0.08147713950762016 0.13958333333333334
3 0.38042203985932005 0.46770833333333334 0.05275498241500586 0.23541666666666666