2 0.5792751970706783 0.6908169992950327 0.10864789532343365 0.2450390261280551
2 0.2168362539515434 0.4177372642733308 0.1325857085126483 0.28375140230465995
2 0.33830571457201997 0.7273484768181666 0.10335924400510628 0.2884859320839039
2 0.5227600891551124 0.48254741611577223 0.0760954364530417 0.2641750328141416
2 0.7782331683998435 0.5030539831074315 0.07475938539778566 0.2516144140053115
2 0.7225751300797966 0.45326928028358 0.0875459023574313 0.2439478875691107
2 0.9459011249420343 0.7785709958633135 0.08571967716253767 0.28340998328478356
2 0.5198433900740131 0.4365322263559482 0.06859757081172344 0.22839465329449357
2 0.23316803628943586 0.33519197545479057 0.07148698354070611 0.18065984305431754
3 0.25906360544181284 0.7764120166265405 0.08465550942998572 0.2021599832847836
3 0.49877015375782197 0.2988918262504251 0.07260474377902834 0.17655379519648118