2 0.2690504103165299 0.396875 0.10844079718640094 0.22604166666666667
2 0.4618991793669402 0.271875 0.08499413833528723 0.23020833333333332
2 0.6049237983587339 0.28229166666666666 0.049824150058616644 0.25104166666666666
2 0.4654161781946073 0.5229166666666667 0.10023446658851114 0.315625
2 0.4003516998827667 0.5708333333333333 0.070926143024619 0.303125
2 0.3364595545134818 0.5302083333333333 0.09906213364595545 0.275
2 0.3710433763188746 0.20520833333333333 0.07502930832356389 0.22395833333333334
2 0.5556858147713951 0.16770833333333332 0.05568581477139507 0.18020833333333333
2 0.45838218053927315 0.49166666666666664 0.06858147713950762 0.26458333333333334
3 0.2608440797186401 0.7302083333333333 0.0914419695193435 0.32395833333333335
3 0.3030480656506448 0.16875 0.05568581477139507 0.22395833333333334