2 0.10902696365767878 0.41770833333333335 0.044548651817116064 0.24166666666666667
2 0.35345838218053927 0.7760416666666666 0.06037514654161782 0.265625
2 0.5193434935521688 0.515625 0.08206330597889801 0.23333333333333334
2 0.6658851113716295 0.6197916666666666 0.07327080890973037 0.23229166666666667
2 0.5908558030480656 0.6166666666666667 0.07209847596717468 0.25833333333333336
2 0.44021101992966 0.390625 0.05861664712778429 0.21354166666666666
2 0.17584994138335286 0.38229166666666664 0.05920281359906213 0.21979166666666666
2 0.6148886283704572 0.5875 0.09437280187573271 0.24479166666666666
2 0.5123094958968347 0.45208333333333334 0.06096131301289566 0.22083333333333333
2 0.6101992966002344 0.5208333333333334 0.06623681125439625 0.26875
3 0.14302461899179367 0.8541666666666666 0.07971864009378664 0.2916666666666667
3 0.30890973036342323 0.36354166666666665 0.047479484173505275 0.23541666666666666
3 0.9859320046893317 0.6864583333333333 0.02813599062133646 0.26458333333333334