2 0.14316579945225189 0.6109391153106715 0.1578410583374335 0.35090612026135826
2 0.37421336738967687 0.5258828435697617 0.12359607655285977 0.29470240870767295
2 0.2328878838962262 0.2912995455613455 0.11617986290709861 0.2796825657556928
2 0.44030729513116384 0.3262664268748224 0.12078567507990248 0.23212965710456512
2 0.3171304327362967 0.3370303452011422 0.10999058448823987 0.2668188077401538
2 0.7266599911389031 0.5872088169629832 0.07084109413785392 0.29142858656782167
2 0.6619295912167377 0.3998708706812311 0.0959225891775715 0.2659457885028601
2 0.8462314865959882 0.7586638137002223 0.08422817706508681 0.31097885420200744
2 0.7329376376678767 0.39234439869320875 0.07607321640974612 0.22311509618646852
2 0.333559168759511 0.2684126168289612 0.11669696843749366 0.2547553173588007
3 0.5304788665724444 0.7709787040711098 0.09360684060553229 0.3115608670268699
3 0.7667875609763862 0.32888539627441066 0.06167760739299784 0.20974207694917482
3 0.10461702111123211 0.18382272510941997 0.07566531544804465 0.2522090112500273