2 0.20691676436107856 0.6479166666666667 0.06389214536928488 0.265625
2 0.7209847596717468 0.30625 0.04689331770222743 0.19895833333333332
2 0.6242672919109027 0.3885416666666667 0.049824150058616644 0.17916666666666667
2 0.8165298944900352 0.459375 0.05568581477139507 0.24895833333333334
2 0.3686987104337632 0.48541666666666666 0.05158264947245018 0.22916666666666666
2 0.5123094958968347 0.4895833333333333 0.06623681125439625 0.184375
2 0.3276670574443142 0.7166666666666667 0.08382180539273154 0.203125
2 0.552168815943728 0.478125 0.05627198124267292 0.22604166666666667
2 0.3698710433763189 0.5989583333333334 0.03048065650644783 0.234375
2 0.8007033997655334 0.5135416666666667 0.04220398593200469 0.209375
3 0.42555685814771393 0.78125 0.053341148886283704 0.25625
3 0.32708089097303633 0.3020833333333333 0.03751465416178194 0.18541666666666667
3 0.9906213364595545 0.33958333333333335 0.01875732708089097 0.17916666666666667