2 0.5697001052157155 0.538578654902818 0.0921763511019039 0.33753181029118007
2 0.415061749984129 0.7843678175903647 0.10279557039437409 0.3424624809121793
2 0.18543799456451976 0.7771045092515637 0.09397523451126348 0.3043682556143651
2 0.7106007960724029 0.27618826494029075 0.08918356852683733 0.29777869830132825
2 0.36340185666064173 0.632885799136812 0.08294667836197954 0.2744375849933656
2 0.23270378926805 0.6244623057025791 0.09283701297344231 0.306366699619439
2 0.8872192304430507 0.6219154401994657 0.0829251121388281 0.20160580765495814
2 0.5582298628748907 0.37440031827420744 0.08619078595177077 0.2580255863114766
2 0.7812307195659873 0.29898995796917543 0.10271832654333699 0.19471559290203105
2 0.7509439483763707 0.27286694676523277 0.10385654808115816 0.1927171488969569
3 0.5175879532806422 0.8759284190105419 0.0972193421010547 0.24814316197891628
3 0.8002348611408188 0.17239296587784078 0.07995389578691298 0.23468447300351394
3 0.1593916099820246 0.3663288353352871 0.06688767639512799 0.22333402372599617