2 0.02330444390086379 0.5804715614332298 0.038178070978250864 0.3098902104668738
2 0.5035912824090295 0.31387334119594185 0.09331864557362768 0.31975987353164315
2 0.4304607487688792 0.3954761165097105 0.08052529894366421 0.32884179636045613
2 0.7439370320167463 0.35051757318008436 0.0886497769510347 0.3213578454693933
2 0.8828145926505069 0.39140774534371336 0.1017909970907049 0.3476925893072471
2 0.3697568605828555 0.18904313395450043 0.07742349659625024 0.25151578232933114
2 0.3735398803297099 0.21576244624114638 0.08322377186613926 0.24587248407381015
2 0.578902776753253 0.2153612185177149 0.0749969781206197 0.24293976829820624
2 0.5901729501671256 0.22775015186987152 0.07285694371180633 0.2635304209337479
2 0.19653346690610302 0.5343881897966515 0.0917984391213654 0.2842218665160807
3 0.7743035057297308 0.5746887381399185 0.09206446004055283 0.31130519984941407
3 0.7387172938896484 0.08905805849014582 0.06794251731765581 0.17811611698029164