2 0.8334291488320382 0.6438658581607394 0.0695628242668531 0.29418815298851847
2 0.319469077293585 0.5423575801690272 0.06709527964954247 0.2899245060787038
2 0.5127279819600474 0.36165824898972143 0.0885094544327047 0.26167915172194456
2 0.18244395670675348 0.6624687873618053 0.08542253116773554 0.2761170146905556
2 0.5601617914905185 0.2421315360973603 0.07000286980287392 0.22970179989833342
2 0.7412224894928603 0.45520644997884147 0.06154081176726254 0.3000987221375001
2 0.6985244961387274 0.45385133941629524 0.07986806328545548 0.28629123074935187
2 0.42875507064539736 0.3901010476214808 0.10047854132266022 0.27049738627101866
2 0.6587316004445952 0.49295151342823973 0.09788811797315006 0.2620670726945373
2 0.44319170215266374 0.3770191661625919 0.08110682058077238 0.24888821099250008
3 0.6846217519468809 0.7863127215084712 0.08862734817824271 0.3053806616003705
3 0.7560078172500792 0.2714851956729155 0.05316013304439655 0.21443960486296304
3 0.012119383048793016 0.5565400697822686 0.02423876609758603 0.2952531937687963