2 0.2842907385697538 0.35833333333333334 0.09202813599062133 0.21354166666666666
2 0.6225087924970691 0.43020833333333336 0.07913247362250879 0.24583333333333332
2 0.4091441969519343 0.3260416666666667 0.070926143024619 0.203125
2 0.6787807737397421 0.484375 0.05920281359906213 0.24270833333333333
2 0.41031652989449 0.7010416666666667 0.09085580304806565 0.26979166666666665
2 0.4835873388042204 0.33645833333333336 0.05627198124267292 0.215625
2 0.43259085580304807 0.6052083333333333 0.05627198124267292 0.2625
2 0.6096131301289566 0.28854166666666664 0.053927315357561546 0.18333333333333332
2 0.2977725674091442 0.26145833333333335 0.0627198124267292 0.17395833333333333
2 0.5011723329425557 0.2947916666666667 0.05451348182883939 0.18125
3 0.9472450175849941 0.5614583333333333 0.04630715123094959 0.23229166666666667
3 0.3311840562719812 0.7739583333333333 0.053927315357561546 0.2520833333333333
3 0.33411488862837047 0.23854166666666668 0.041617819460726846 0.16875