2 0.8173227021512579 0.6690201670558719 0.1404592153566769 0.2869921471385794
2 0.3870657291217455 0.5880905958522284 0.0750940069930178 0.2261517612826438
2 0.63700240467768 0.48501210419815854 0.08909377949421714 0.22344117880272663
2 0.1524609329216629 0.6625988488830583 0.09332711782130829 0.26755519984941406
2 0.5529310363402313 0.4253552727598901 0.08161633357733464 0.19562980337601854
2 0.764957252439922 0.5086548688944672 0.1020235532670642 0.2268592559739138
2 0.8283206710358225 0.48297625124262156 0.06544245221469636 0.2085143718248106
2 0.10848590239424151 0.7287605787839034 0.1095009991839465 0.254670631400622
2 0.6143653984986258 0.3890779779180341 0.10261599232913345 0.1915639296561429
3 0.675869956228027 0.9055926924573866 0.0846091161524012 0.1888146150852267
3 0.2920806840307996 0.4337130416227936 0.09789254915417632 0.18899523492722636