2 0.45391309998291 0.15379792703339404 0.09531565132145374 0.2148754470070005
2 0.4012984701223397 0.5278978878352044 0.15428800122521824 0.3368920744754777
2 0.6744622582192524 0.1895761382509561 0.07928499905530818 0.2425135534445785
2 0.8684156344311582 0.211144297455744 0.09597052377225491 0.2648754470070005
2 0.2375095068713822 0.2553013500688193 0.10665697181737668 0.1868006090753972
2 0.5129268695140812 0.31308589100167006 0.09444346825218197 0.23768293080016084
2 0.3797174956966004 0.3588660719147257 0.11761726358212855 0.21903325493695422
2 0.24967088822850092 0.4220816289773488 0.07440466282026842 0.22749348861721994
2 0.424022530741592 0.5153521551351642 0.06600830795602455 0.3016200256291692
3 0.3705210944372285 0.8217437826036414 0.09875177129123365 0.29842714608734655
3 0.8538691477599845 0.09613148387022763 0.08590970142889146 0.19226296774045526
3 0.03244576395808268 0.1920075033922551 0.06254490163412801 0.21598499321548978