2 0.4286748289193374 0.5395608199576659 0.12686471316324102 0.27666104604253783
2 0.5987865173053338 0.6506996429504139 0.13002145046522806 0.3122717783281535
2 0.2668053239293714 0.7348917568214194 0.17157856143030248 0.3385845933264266
2 0.16260700931430613 0.6177284378259087 0.1036310196689478 0.33504002371024033
2 0.30716023332610115 0.5628997739151281 0.0937527773304315 0.26144412737725253
2 0.238374740970316 0.5405081714894674 0.10107338842701594 0.2745263242340992
2 0.9426472864162556 0.5862763735788905 0.09760415850622405 0.2763185591390093
2 0.0800829433036694 0.7590953898530481 0.0960019054017928 0.2574715263295346
2 0.1605708465997654 0.5528540060641519 0.11588379651836443 0.2570377507572675
3 0.1626686890540329 0.358909940445203 0.06030645914949682 0.23164387537863373
3 0.24573319958915807 0.8818322740547262 0.08047496370731863 0.23633545189054767