2 0.5703399765533411 0.5354166666666667 0.049824150058616644 0.28229166666666666
2 0.4091441969519343 0.7166666666666667 0.05920281359906213 0.2833333333333333
2 0.20750293083235638 0.6625 0.05568581477139507 0.25
2 0.7215709261430246 0.3375 0.050996483001172335 0.246875
2 0.3786635404454865 0.5739583333333333 0.04865181711606096 0.22604166666666667
2 0.264947245017585 0.5385416666666667 0.05451348182883939 0.253125
2 0.8417350527549824 0.675 0.05568581477139507 0.15833333333333333
2 0.5767878077373975 0.390625 0.053341148886283704 0.209375
2 0.7807737397420867 0.3729166666666667 0.07561547479484174 0.14583333333333334
2 0.757327080890973 0.34270833333333334 0.07678780773739742 0.14166666666666666
3 0.488862837045721 0.8520833333333333 0.059788980070339975 0.26875
3 0.8106682297772567 0.26666666666666666 0.0492379835873388 0.190625
3 0.22626025791324736 0.2989583333333333 0.03927315357561548 0.18333333333333332