2 0.6137162954279015 0.6364583333333333 0.06916764361078546 0.31875
2 0.3886283704572098 0.5614583333333333 0.08499413833528723 0.25729166666666664
2 0.5550996483001173 0.3541666666666667 0.07678780773739742 0.253125
2 0.7766705744431418 0.2989583333333333 0.0615474794841735 0.215625
2 0.94021101992966 0.32916666666666666 0.07854630715123095 0.27708333333333335
2 0.45076201641266117 0.25416666666666665 0.0627198124267292 0.22604166666666667
2 0.39566236811254396 0.384375 0.05041031652989449 0.2375
2 0.22626025791324736 0.265625 0.06916764361078546 0.22604166666666667
2 0.18347010550996484 0.13125 0.05451348182883939 0.16875
2 0.511137162954279 0.134375 0.08323563892145369 0.2
3 0.7532239155920282 0.7489583333333333 0.0873388042203986 0.2520833333333333
3 0.4396248534583822 0.11145833333333334 0.038100820633059786 0.203125