2 0.16647127784290738 0.39895833333333336 0.0492379835873388 0.31875
2 0.2256740914419695 0.41875 0.07209847596717468 0.315625
2 0.36518171160609614 0.39895833333333336 0.056858147713950764 0.22291666666666668
2 0.4501758499413834 0.4270833333333333 0.041031652989449004 0.215625
2 0.4454865181711606 0.29583333333333334 0.053927315357561546 0.18854166666666666
2 0.4935521688159437 0.353125 0.04220398593200469 0.20625
2 0.5937866354044549 0.6822916666666666 0.06799531066822978 0.2760416666666667
2 0.5691676436107854 0.565625 0.053927315357561546 0.24375
2 0.5978898007033998 0.40729166666666666 0.04220398593200469 0.22708333333333333
2 0.5715123094958968 0.37916666666666665 0.044548651817116064 0.19375
3 0.48300117233294254 0.728125 0.05744431418522861 0.26979166666666665
3 0.660609613130129 0.32395833333333335 0.03399765533411489 0.18333333333333332
3 0.1271981242672919 0.3458333333333333 0.05275498241500586 0.19375