2 0.4165446097093101 0.5930939012923806 0.07436512231201037 0.2516553019018019
2 0.5253821985709417 0.6978057366926286 0.0712574603411572 0.2763642034733785
2 0.6176006957383793 0.8688301091787842 0.10117978919027001 0.26233978164243155
2 0.03772933001252595 0.44523118637966974 0.06481590174789251 0.2404623727593395
2 0.5801640611168729 0.6472064618093328 0.06967579054178763 0.25126717066390397
2 0.6566368315508608 0.7773263785442954 0.08753367591799874 0.2693893294726877
2 0.26720409463161404 0.5172775842271926 0.04971201911360652 0.24753427956950466
2 0.6187594971185828 0.6805683614505866 0.09687822805370999 0.2680822586151502
2 0.6405903747655924 0.6553286514972684 0.06846934619449743 0.24908680452109616
3 0.5119076287031119 0.9254382380735777 0.06989300415177778 0.14912352385284464
3 0.7270332614213263 0.4648349947553991 0.045717460619656765 0.21807651447441453