2 0.6266119577960141 0.415625 0.10492379835873387 0.221875
2 0.3305978898007034 0.3854166666666667 0.04279015240328253 0.22916666666666666
2 0.686400937866354 0.2760416666666667 0.05216881594372802 0.16145833333333334
2 0.4577960140679953 0.24583333333333332 0.0627198124267292 0.175
2 0.9308323563892146 0.359375 0.06037514654161782 0.215625
2 0.5943728018757327 0.35520833333333335 0.05627198124267292 0.18854166666666666
2 0.45076201641266117 0.653125 0.08909730363423213 0.20416666666666666
2 0.4091441969519343 0.6145833333333334 0.08206330597889801 0.19270833333333334
2 0.4947245017584994 0.5739583333333333 0.06565064478311841 0.23020833333333332
2 0.49296600234466587 0.5010416666666667 0.0627198124267292 0.24375
3 0.3440797186400938 0.6645833333333333 0.06037514654161782 0.20520833333333333
3 0.23739742086752638 0.3104166666666667 0.045134818288393906 0.19375