2 0.7602579132473622 0.5770833333333333 0.09613130128956623 0.315625
2 0.8909730363423212 0.4354166666666667 0.07327080890973037 0.25104166666666666
2 0.5879249706916765 0.32916666666666666 0.04044548651817116 0.21458333333333332
2 0.6441969519343493 0.5854166666666667 0.09437280187573271 0.2125
2 0.6652989449003517 0.28541666666666665 0.041617819460726846 0.22708333333333333
2 0.3669402110199297 0.5114583333333333 0.07444314185228605 0.215625
2 0.347010550996483 0.5520833333333334 0.06213364595545135 0.24270833333333333
2 0.30773739742086753 0.634375 0.05744431418522861 0.28229166666666666
2 0.1910902696365768 0.7520833333333333 0.09730363423212192 0.284375
3 0.5140679953106683 0.8645833333333334 0.053341148886283704 0.2708333333333333
3 0.36283704572098474 0.3302083333333333 0.04806565064478312 0.21458333333333332