2 0.7165839838309229 0.5604549331636441 0.12411201684557474 0.3024241778060594
2 0.20945347711776444 0.28538950572885075 0.0715739892356236 0.25969087290472653
2 0.5544815662429647 0.8055881740929756 0.11377797516762822 0.26056357691490795
2 0.44648465228725936 0.4691191794504897 0.10868061296485043 0.29377570135793835
2 0.558987801282156 0.5928942398684909 0.10020955865503067 0.3331651004667869
2 0.5914280064505234 0.34523138208152165 0.09518185508844842 0.4205196497984234
2 0.508442156928105 0.3834230025461874 0.05362474412337394 0.3967545208996359
2 0.5103330181979036 0.36358285232339954 0.056877019239111176 0.43638633778909036
2 0.49164534975320795 0.41816162921709626 0.0715958789649439 0.3117499644599993
3 0.9805086985389503 0.6611050824316471 0.03898260292209941 0.3156257297899389
3 0.097198122797786 0.2491508079779404 0.06044976587012191 0.23447269690218123