2 0.2866354044548652 0.6760416666666667 0.08440797186400938 0.23333333333333334
2 0.34759671746776083 0.5645833333333333 0.06858147713950762 0.234375
2 0.8212192262602579 0.521875 0.06799531066822978 0.23020833333333332
2 0.6811254396248535 0.5458333333333333 0.05803048065650645 0.275
2 0.4618991793669402 0.5114583333333333 0.0615474794841735 0.25416666666666665
2 0.6248534583821805 0.43854166666666666 0.08147713950762016 0.18645833333333334
2 0.8991793669402111 0.6052083333333333 0.045134818288393906 0.25104166666666666
2 0.4501758499413834 0.39375 0.043962485345838215 0.19583333333333333
2 0.570926143024619 0.3302083333333333 0.049824150058616644 0.17083333333333334
2 0.5978898007033998 0.40625 0.053341148886283704 0.184375
3 0.06037514654161782 0.5447916666666667 0.05509964830011723 0.221875
3 0.7215709261430246 0.32708333333333334 0.041031652989449004 0.16666666666666666
3 0.9191090269636577 0.7927083333333333 0.05451348182883939 0.3645833333333333