2 0.4243845252051583 0.8375 0.070926143024619 0.2864583333333333
2 0.7104337631887456 0.746875 0.05568581477139507 0.2989583333333333
2 0.32004689331770225 0.7427083333333333 0.07678780773739742 0.2864583333333333
2 0.5545134818288394 0.54375 0.06037514654161782 0.25104166666666666
2 0.4917936694021102 0.5010416666666667 0.05568581477139507 0.228125
2 0.4343493552168816 0.59375 0.07502930832356389 0.259375
2 0.5087924970691676 0.4552083333333333 0.049824150058616644 0.27291666666666664
2 0.39859320046893315 0.7197916666666667 0.11664712778429073 0.284375
2 0.3634232121922626 0.7270833333333333 0.06740914419695193 0.290625
3 0.2878077373974209 0.4947916666666667 0.05158264947245018 0.228125
3 0.4847596717467761 0.9552083333333333 0.06389214536928488 0.08958333333333333