2 0.36466621578237896 0.5180305613485279 0.09509702430407202 0.38683225861515036
2 0.38978952607450734 0.5034443559448266 0.09228855323965371 0.31580485966286803
2 0.5233195302310287 0.47467428233140296 0.06483380772395954 0.23857310504495502
2 0.5096479547901668 0.7155190421879045 0.07505823365020013 0.3685160341874176
2 0.6058189480643701 0.44491680259678573 0.061589635472355415 0.2799486732831982
2 0.7593058949019443 0.4186638378889626 0.059094914970409425 0.2568379409975827
2 0.9734839171740374 0.5685181342789922 0.05303216565192537 0.3129909081881081
2 0.9373231648959677 0.37683151751550886 0.05215640661669732 0.27083907747406916
2 0.6538248553985689 0.7900908563606144 0.09114350295470419 0.3198744935200603
3 0.38902766499781855 0.8349369379685129 0.08139652353657377 0.26284823104426447
3 0.3853312755594231 0.3599854543732501 0.04951163149791671 0.22481167852178682
3 0.8729944970049822 0.31545313896520116 0.05548242684112036 0.24196350923582594