2 0.6957796014067995 0.546875 0.050996483001172335 0.27395833333333336
2 0.5943728018757327 0.40520833333333334 0.05216881594372802 0.2125
2 0.5158264947245017 0.5364583333333334 0.09085580304806565 0.22604166666666667
2 0.15533411488862836 0.7104166666666667 0.07268464243845252 0.2708333333333333
2 0.29308323563892147 0.5979166666666667 0.04279015240328253 0.24791666666666667
2 0.31652989449003516 0.48333333333333334 0.0492379835873388 0.18541666666666667
2 0.4331770222743259 0.5010416666666667 0.09320046893317702 0.23020833333333332
2 0.4273153575615475 0.409375 0.0738569753810082 0.21041666666666667
2 0.4935521688159437 0.34270833333333334 0.045134818288393906 0.190625
3 0.5926143024618992 0.25833333333333336 0.04044548651817116 0.20625
2 0.5920281359906213 0.2791666666666667 0.05509964830011723 0.18958333333333333
3 0.5685814771395076 0.7958333333333333 0.06858147713950762 0.28541666666666665