2 0.5231113752807098 0.6936262023238788 0.11112873433589074 0.3433781576959163
2 0.2818741474687677 0.3845403256456651 0.07514022015402828 0.25676933815739283
2 0.47572857751686676 0.409233484850453 0.14095457011818505 0.27955024574041426
2 0.6683492851795207 0.4277858269287472 0.10909694919288365 0.25576897482240984
2 0.7165291186177672 0.1960076300346415 0.0630485540711352 0.21817750942232947
2 0.3939560536509436 0.5659438022027362 0.09198260745003364 0.3020478983864815
2 0.7276237197952872 0.42956375848334394 0.07538577792558566 0.28176933815739297
2 0.5732295784153003 0.3605333815793407 0.08694540217010431 0.26619450022578944
2 0.35717837700300475 0.2263471807643334 0.06424135016132052 0.22037002562916913
2 0.5409831576850327 0.303064652497345 0.06567970402306349 0.24756254183600887
3 0.3011764105265065 0.7966626149567494 0.08700679161299373 0.2724445002257895
3 0.174979953409916 0.3131713756979885 0.054903612916134686 0.22366322930778512
3 0.8847107047692623 0.1304585364860092 0.07898462934377204 0.2609170729720184