2 0.0962341550104471 0.673746672235135 0.08168521784311597 0.333968272471782
2 0.16612341665463098 0.5901785335804459 0.09147219646684919 0.27628970356641885
2 0.5662694886980594 0.4600527761826884 0.12568814261789762 0.2950661667232121
2 0.6646231573874432 0.48939468398985314 0.06968902489639212 0.31240742310737063
2 0.7459083122317834 0.380099029304086 0.11344637250212329 0.2547553173588007
2 0.8503955289566498 0.34025442749260393 0.05646592630287911 0.2866071554731847
2 0.6052814615316401 0.25851176093902795 0.08858180353940355 0.23447753369353658
2 0.6144549873319788 0.1974767056459449 0.08912655038327486 0.1866336186299777
2 0.6674969665434416 0.2609059259743141 0.0428608187797318 0.2316402211723321
2 0.6367439366150581 0.28679217679000435 0.0453964891296602 0.2463690577118811
3 0.423642482208884 0.6784489749680566 0.07762249197311465 0.2920833509957918
3 0.26677690090709927 0.2576255984356305 0.05469329361375543 0.24070107053674353