2 0.3716295427901524 0.665625 0.06565064478311841 0.32916666666666666
2 0.6635404454865181 0.5083333333333333 0.07561547479484174 0.321875
2 0.5720984759671747 0.5020833333333333 0.07678780773739742 0.29270833333333335
2 0.7479484173505275 0.671875 0.07737397420867527 0.35520833333333335
2 0.4243845252051583 0.5322916666666667 0.05568581477139507 0.30833333333333335
2 0.5287221570926143 0.48854166666666665 0.06506447831184056 0.284375
2 0.26025791324736225 0.5802083333333333 0.0615474794841735 0.325
2 0.6213364595545134 0.384375 0.05627198124267292 0.26145833333333335
2 0.7708089097303634 0.5822916666666667 0.08968347010550996 0.296875
3 0.5486518171160609 0.878125 0.06623681125439625 0.24375
3 0.4273153575615475 0.371875 0.05803048065650645 0.23333333333333334