2 0.6258973755273369 0.523737656404862 0.07227619805255213 0.2362912307493519
2 0.1708991953616702 0.4642984892341206 0.058112716672302056 0.2065426826237965
2 0.5517164295531043 0.421724445412362 0.07211932808109618 0.18837456408268521
2 0.40257477040402023 0.5165836215783339 0.0675323028139969 0.21943060359638905
2 0.2841486819052713 0.5054361192993523 0.05114010291884205 0.2250017418943519
2 0.49622119610757626 0.298612076365047 0.06036871692137308 0.17955632953361114
2 0.7912713451966457 0.5534914302134734 0.060389178221997825 0.18580632953361112
2 0.46515817415991817 0.4775111764158803 0.06274066454065069 0.18798664311009267
2 0.4420491267691119 0.5796663739843988 0.09679970377663968 0.20814285663574097
2 0.501125762347655 0.5435734584572229 0.09216493547474942 0.22461556281611122
3 0.2527689006112272 0.7666026409560651 0.06985650739848359 0.21327758383953702
3 0.3404816562365215 0.3473712235290283 0.04861810576164998 0.17073809498453715
3 0.9592044335943287 0.4698247626593533 0.06058697079470328 0.2462229962002779