2 0.2698432179777526 0.5854166666666667 0.12969100526368585 0.33125
2 0.4430432529033913 0.459375 0.11085291019174277 0.39791666666666664
2 0.5417544757711952 0.6885416666666667 0.10041679310452821 0.3333333333333333
2 0.5449509403938997 0.45416666666666666 0.09524990166802257 0.30416666666666664
2 0.6071339913864453 0.5645833333333333 0.11589590119089345 0.34791666666666665
2 0.4852005822490783 0.528125 0.07011923880333602 0.27291666666666664
2 0.7961381791241958 0.759375 0.09942756236722816 0.27291666666666664
2 0.587092976107227 0.41458333333333336 0.07153035157903302 0.2875
2 0.6201894276666546 0.5385416666666667 0.07870079485330518 0.29583333333333334
3 0.6319245265845561 0.8614583333333333 0.081433231372079 0.24791666666666667
3 0.6492966069421549 0.31145833333333334 0.06551067502416537 0.20625