2 0.3661587137024821 0.7329247293848524 0.09155736500093214 0.31213701643262937
2 0.6138354261689162 0.4270495620408172 0.09874022638745776 0.2608179632138402
2 0.4975269646154629 0.33561155887435157 0.08348500679160707 0.19909110206509742
2 0.5545060858526027 0.5755445876699864 0.07642496171044523 0.2566601552838866
2 0.38485834304257877 0.578821512891652 0.06412848952652425 0.22640165988215652
2 0.6407916381763835 0.39427543118008496 0.06935002528665661 0.25392172470951524
2 0.5158656155583202 0.5217467729555224 0.08382740828187041 0.2760652525249244
2 0.37476696146606586 0.39400535202927 0.07977820546429401 0.24865437057107206
2 0.41529432552114615 0.39440520955996816 0.06110275592031204 0.2510741112616375
3 0.5498409587260332 0.756517201117864 0.06404661198961525 0.22223499321548984
3 0.386317222516778 0.26457015754719404 0.05352166293244181 0.16302819689410578