2 0.09849760091519266 0.5477504350298612 0.09935580310153956 0.2728231702122225
2 0.6009479835201983 0.6008201187910195 0.06640771290623221 0.23396544680814818
2 0.4459753516092729 0.704811844349121 0.10169364855310925 0.2708368171220371
2 0.30054390120390023 0.32176422606217636 0.08736647676786159 0.19108826899648163
2 0.13415787878026236 0.34092029546532426 0.06752548238045535 0.21734727026305561
2 0.9652680827231769 0.8803335486296303 0.0500768969129516 0.23933290274073946
2 0.7955995848024623 0.6224111456389827 0.06169791983538472 0.227521486321852
2 0.41163628378478295 0.42009654255092654 0.1051151613111946 0.24181562082009275
2 0.40502135197895833 0.3687881802156025 0.08038704258086009 0.2074639949337038
3 0.02941901375374434 0.7511152727962037 0.05481397171796506 0.27306387892574074
3 0.3653594336914736 0.2484137611428709 0.06383797271424914 0.1651184665650001