2 0.7569811800996227 0.7250921645655635 0.0922635006782338 0.33761669961943924
2 0.764843980799896 0.47428571594710117 0.08571967716253767 0.28510891964480994
2 0.6995607215718903 0.41749629566802327 0.10153301881021239 0.3299624809121793
2 0.6374558322662502 0.5585810973914823 0.10575848259445098 0.2948853715585495
2 0.6199093171599324 0.33880888066138887 0.12983272754424935 0.3444998247903998
2 0.5984662447924712 0.3142952219033876 0.12015391413051991 0.32090404349765966
2 0.5375453712085191 0.27700035564206915 0.0793395717595415 0.24510113967018063
2 0.46694715450853214 0.3519702713325463 0.11129271108182895 0.2703098181998454
2 0.46708309616988425 0.3175528266684167 0.10439514518707839 0.28021714889695687
2 0.2954162187449004 0.15690266793520283 0.09220794777553738 0.24395158894769833
3 0.5773827959948421 0.7652060097866823 0.08574696351465419 0.28719225297814316
3 0.07677563485903355 0.12790041632474525 0.06862485716384013 0.2318371357158479
3 0.7505830206274848 0.2813846092296931 0.06491685387135601 0.216999134397737