2 0.305978898007034 0.578125 0.07678780773739742 0.2625
2 0.10550996483001172 0.7072916666666667 0.07327080890973037 0.33645833333333336
2 0.5433763188745604 0.478125 0.053927315357561546 0.26145833333333335
2 0.2813599062133646 0.44895833333333335 0.0492379835873388 0.225
2 0.6471277842907386 0.5479166666666667 0.09202813599062133 0.2791666666666667
2 0.731535756154748 0.6385416666666667 0.049824150058616644 0.284375
2 0.43141852286049237 0.4427083333333333 0.049824150058616644 0.2625
2 0.6916764361078547 0.571875 0.07561547479484174 0.25416666666666665
2 0.44841735052754983 0.8395833333333333 0.08382180539273154 0.31979166666666664
2 0.43376318874560377 0.41770833333333335 0.047479484173505275 0.20729166666666668
3 0.6541617819460727 0.8677083333333333 0.06389214536928488 0.26458333333333334
3 0.7145369284876905 0.39375 0.04572098475967175 0.17708333333333334