2 0.36022686780317864 0.6546778102985138 0.0906000133975773 0.29464691542918897
2 0.5698663861851506 0.32772313100788736 0.07124238657011861 0.2486196544354904
2 0.555680503282272 0.7660587495354161 0.11933630376548149 0.3407711402530701
2 0.6185489203479487 0.6438087092012547 0.11513714613489645 0.2886514454834182
2 0.24810339327948439 0.46187787886658804 0.07459566728508543 0.23615601587180896
2 0.2841480151215843 0.6632649791782802 0.07778621008581493 0.3007635901626879
2 0.6839939372917287 0.5392912431579724 0.11775467554117523 0.3095090197742972
2 0.6927596381080112 0.5820844198427154 0.12795094944665916 0.2825347707499193
2 0.05941285233148389 0.5088787548781103 0.09269910211363827 0.27592115638673465
2 0.4588343657461249 0.21825653290929506 0.06887043433289057 0.24651208014461143
3 0.3176505953237464 0.26783162164445 0.05913704821492784 0.21933178298109557
3 0.1945761409206986 0.8933688994264521 0.11300979086825592 0.2132622011470957