2 0.6239156962859989 0.48156184346166764 0.07411076651506193 0.2361457603846297
2 0.7661181355523466 0.7465374525034733 0.08166510204258855 0.30097154432583345
2 0.49918913347084515 0.59294308687676 0.0882622814231489 0.28459581838861114
2 0.4374713824500367 0.40517464931375063 0.08479665253803123 0.19704732826703714
2 0.44693194941700215 0.4086875702863433 0.10036459449733547 0.2101776998475001
2 0.5107293488741297 0.43005603685134336 0.09322139227330792 0.20572009245138906
2 0.8135991490151983 0.41344831167236235 0.06189601653038472 0.21691085916888894
2 0.5092261698836963 0.32802119363958404 0.06519460622066489 0.2087229962002778
2 0.3658932443550545 0.46672735004870425 0.06503403170942207 0.291959349290463
2 0.37178059403910757 0.42326829077814865 0.07926260153133312 0.20930487765916675
3 0.6693107703920412 0.8813089414876856 0.08542619497891718 0.23738211702462877
3 0.6773612012282798 0.3537052810246769 0.06017766074436183 0.19602903571398164
3 0.04809788718120494 0.5170554585864352 0.06086180546959447 0.2668138789257409