2 0.7577992811624137 0.2572056464035068 0.09041422314214809 0.23091207468702943
2 0.7305113290009023 0.7136852135051437 0.08908131568834958 0.3141726826861808
2 0.18610879303849298 0.5962355120411497 0.12269675503203756 0.30029236091660466
2 0.27948267896855006 0.49301500450878494 0.07520281220199626 0.27640602312751433
2 0.4758435983339313 0.36277322766811604 0.12520522777018908 0.306590844472726
2 0.9785238718980641 0.5701206757902922 0.042952256203871685 0.2636151217907873
2 0.539756667043347 0.566068649904479 0.09570418004018476 0.25392570846593826
2 0.5218343621735392 0.28460047390193366 0.10129283333122958 0.24363025068957475
2 0.5596686360684603 0.45404136457666056 0.08643472106843271 0.25789844090812036
2 0.5260098207551642 0.39920804901332757 0.08981683035613176 0.29753025779757486
3 0.31741331494652725 0.6884854409611483 0.08395516564335334 0.29740904890727177
3 0.3642342524845221 0.19493010497557178 0.056333048210614446 0.1823166382346661