2 0.06506194055259447 0.5069266735881129 0.11852600349546394 0.3055200138428925
2 0.49989061750576635 0.47394028337735 0.08459657097081813 0.306167810391581
2 0.6537059991944716 0.7903921743537832 0.1080306846403485 0.37930661035393454
2 0.05530903794083862 0.76901225606803 0.09117457518302063 0.35052451213605995
2 0.23207723880124606 0.6645999926079725 0.10072379574713855 0.361911901593893
2 0.8438797714240013 0.8256743108749025 0.08822844919427153 0.24206983845383073
2 0.589513123773368 0.7296731288467434 0.11348301249631318 0.3549133120984133
2 0.18220368370553525 0.5492083716365782 0.10590323236522728 0.32085193667170536
2 0.9524174059230526 0.9336700027548515 0.09516518815389474 0.1326599944902971
2 0.4626398335402922 0.3432167395771427 0.07336334639312711 0.26340908058485213
3 0.8265900104359318 0.52023357054483 0.0746380135498862 0.26978042093374793
3 0.03875619629457558 0.2941438701179782 0.06746757027561424 0.2607190455070397
3 0.6023989894106739 0.9481246381338356 0.08234521825834193 0.10375072373232873