2 0.6859212018375179 0.6020997072207801 0.12090352118847811 0.371567487231683
2 0.3865653050850716 0.42352173540239374 0.12253165347046387 0.34046299043789846
2 0.34053279895066924 0.7455819333437989 0.12638303464625628 0.3552645785805552
2 0.5103877425212043 0.4732108595442945 0.10992260454360152 0.3521627228037126
2 0.5574532120898031 0.6570137593641928 0.11128601311365746 0.3605688077401538
2 0.05889328694844872 0.264434511193482 0.11076055513803196 0.3376521410734871
2 0.7743745964730114 0.8500957192016796 0.10554975484041805 0.21250663786727156
2 0.57441920516288 0.577724733714468 0.13257908170716007 0.3702116699294275
2 0.5939189450244513 0.5577379564616352 0.1093016087542261 0.32507938947037923
3 0.5006219147974814 0.8921195943289066 0.08287138794753938 0.14244710901133098
3 0.6806556772166031 0.34685499808589276 0.08578529126691685 0.26953044234466433