2 0.14846526144727126 0.6760023955611515 0.08009281245231831 0.22316067532376233
2 0.2713601946475751 0.594458571425433 0.05927743292756622 0.2350061103889542
2 0.4309617000410196 0.37665114772213015 0.06746187379613572 0.18321369480442443
2 0.3996470823883756 0.28824202975711877 0.042916530086896006 0.1345697337657487
2 0.5602417612056101 0.36921111579414684 0.08148210019992878 0.18156673809429655
2 0.5666766528008891 0.39439293938714914 0.07155209950630316 0.20832278896022582
2 0.695638237174323 0.5774324485847641 0.08487768203629112 0.22747280086483077
2 0.7489445567425093 0.5520218923070516 0.07961512338356799 0.20232734199042898
2 0.8269634111939975 0.5825469637346815 0.09148175952975009 0.20894098917643358
2 0.8430874642244097 0.621561371743154 0.07100076235312301 0.23536975757495876
3 0.38777543331391645 0.7156942824630104 0.054014874274843035 0.2098606515145524
3 0.97082301481203 0.3423917986895726 0.04181385578053559 0.1886636709952145
3 0.2358787372321424 0.2987759691530553 0.03899150082667391 0.16775760822468028