2 0.21905405615557347 0.41193058823906814 0.07870352470470778 0.2677631383520698
2 0.3806558714654181 0.41796663893676306 0.09090454319901502 0.28944536496799494
2 0.4508793917197632 0.638255281218378 0.08322367057675069 0.3117678063368473
2 0.524258678032021 0.6120739202047158 0.08181249309981985 0.30126625034192145
2 0.5303502371386316 0.5448554729043644 0.06736234653415124 0.28358091173614447
2 0.49182348579193075 0.42661126408293637 0.08559421563941673 0.2620224743216248
2 0.46331132808794545 0.2586022733097127 0.05152690166910644 0.20547890646370087
2 0.5119631452040064 0.25507936618695637 0.0788727106028876 0.22409802768032894
2 0.6983730332109034 0.31879263031946753 0.08456518941748627 0.26818758499336565
2 0.7634265666580838 0.28799716127028624 0.07401419293448509 0.26742358103903285
3 0.29480981946688034 0.7966752298616278 0.0782954942721528 0.3010115823571439
3 0.37884863190063517 0.13429374829039295 0.06588151042102486 0.21899757840281117