2 0.4491086728343309 0.571952391504175 0.08720638325401832 0.3064041654253155
2 0.3958011172756429 0.45891296691132955 0.05784134150201399 0.26657537799792813
2 0.8559544536221868 0.7476775742963828 0.09658504679446367 0.3071804279011114
2 0.23050904755359936 0.6781537207036792 0.08140143672935206 0.3433219685684686
2 0.8096010526702043 0.6017899804175766 0.07466368640801625 0.28043383733057065
2 0.33858945705799215 0.32152707774725287 0.06646891824038477 0.2444349738070572
2 0.5094034293457305 0.4359364499542126 0.055633236853643464 0.2705479790456457
2 0.04063571963584268 0.4817409081881082 0.06266723450897757 0.2711301759024925
2 0.47320345057837426 0.4465186159319078 0.0702474771112752 0.28837903942600607
3 0.6149213633172294 0.8769365796775757 0.06756140813431179 0.24612684064484872
3 0.7204795302122766 0.3082225577550538 0.06558127020156908 0.21735164047372385
3 0.1331580696372654 0.3128796694225528 0.053721379539271245 0.21221464571231236