2 0.35356896174707225 0.5651389713136955 0.05162578191875278 0.1488889006638613
2 0.5538098982025288 0.5994181196435767 0.04341945132086298 0.14837963944210653
2 0.521572504352255 0.4902349112961071 0.047904114662678916 0.13617064585453786
2 0.45862645727396756 0.4009987854662805 0.03487200667562833 0.12703704488701864
2 0.7245674435496366 0.5496595628322039 0.030250897714874606 0.13091270514125408
2 0.4279034967943633 0.5988889889761541 0.05366344516125381 0.13028440387007692
2 0.7619170375892993 0.8995405227827813 0.048722788376306406 0.18617064585453774
2 0.7390816355726298 0.7566007030617281 0.04969045289045529 0.1737433974576457
2 0.41725643868795026 0.556603933683071 0.05031700335725905 0.14048281572742002
2 0.7764588577347048 0.46442809410694247 0.04042666874579641 0.10865080290255769
3 0.38852702262377536 0.30403448335114036 0.03684144710866033 0.10426588142656759
3 0.5450246601049217 0.8496595186760575 0.050760451618807434 0.16756614906075337
3 0.8556407363943077 0.5796463665787245 0.04190600433096244 0.1274735545056655