2 0.5814771395076201 0.6052083333333333 0.08382180539273154 0.26979166666666665
2 0.45720984759671746 0.578125 0.11078546307151231 0.24166666666666667
2 0.8171160609613131 0.4739583333333333 0.07209847596717468 0.23645833333333333
2 0.7121922626025792 0.475 0.0697538100820633 0.20833333333333334
2 0.2731535756154748 0.6135416666666667 0.0779601406799531 0.24479166666666666
2 0.43376318874560377 0.37604166666666666 0.06389214536928488 0.20104166666666667
2 0.52989449003517 0.35833333333333334 0.07444314185228605 0.16145833333333334
2 0.48417350527549824 0.35833333333333334 0.059788980070339975 0.190625
2 0.48417350527549824 0.35520833333333335 0.06623681125439625 0.209375
2 0.22801875732708088 0.725 0.050996483001172335 0.2989583333333333
3 0.2543962485345838 0.7916666666666666 0.059788980070339975 0.24166666666666667
3 0.1283704572098476 0.3416666666666667 0.041031652989449004 0.17916666666666667
3 0.7133645955451349 0.3229166666666667 0.04044548651817116 0.17708333333333334