2 0.08499413833528723 0.496875 0.06506447831184056 0.275
2 0.5556858147713951 0.396875 0.06389214536928488 0.2677083333333333
2 0.4847596717467761 0.44895833333333335 0.050996483001172335 0.28020833333333334
2 0.7661195779601406 0.4979166666666667 0.05861664712778429 0.2708333333333333
2 0.8856975381008206 0.575 0.0697538100820633 0.2916666666666667
2 0.44607268464243843 0.246875 0.053927315357561546 0.209375
2 0.4466588511137163 0.271875 0.05920281359906213 0.20104166666666667
2 0.6283704572098476 0.3302083333333333 0.05158264947245018 0.20208333333333334
2 0.638335287221571 0.34479166666666666 0.04865181711606096 0.22083333333333333
2 0.2672919109026964 0.5052083333333334 0.06506447831184056 0.234375
3 0.7766705744431418 0.7072916666666667 0.06330597889800703 0.259375
3 0.7819460726846424 0.23645833333333333 0.045134818288393906 0.203125
3 0.05509964830011723 0.2833333333333333 0.05216881594372802 0.20625