2 0.15533411488862836 0.6520833333333333 0.06506447831184056 0.29583333333333334
2 0.7286049237983587 0.5302083333333333 0.08499413833528723 0.24166666666666667
2 0.8640093786635404 0.43333333333333335 0.06740914419695193 0.23020833333333332
2 0.4396248534583822 0.5791666666666667 0.09085580304806565 0.26666666666666666
2 0.39566236811254396 0.44895833333333335 0.047479484173505275 0.20416666666666666
2 0.9753810082063306 0.7072916666666667 0.047479484173505275 0.33229166666666665
2 0.4912075029308324 0.3489583333333333 0.04279015240328253 0.23645833333333333
2 0.451348182883939 0.309375 0.03341148886283705 0.23229166666666667
2 0.7245017584994138 0.421875 0.053341148886283704 0.19583333333333333
3 0.43259085580304807 0.790625 0.08909730363423213 0.3145833333333333
3 0.29601406799531066 0.34270833333333334 0.0369284876905041 0.20208333333333334