2 0.21629542790152403 0.590625 0.06740914419695193 0.2833333333333333
2 0.6846424384525205 0.5989583333333334 0.05627198124267292 0.2677083333333333
2 0.16178194607268465 0.34270833333333334 0.049824150058616644 0.221875
2 0.8493552168815943 0.7041666666666667 0.05627198124267292 0.275
2 0.451348182883939 0.23541666666666666 0.06096131301289566 0.20729166666666668
2 0.48300117233294254 0.46770833333333334 0.07561547479484174 0.259375
2 0.28604923798358733 0.5145833333333333 0.0492379835873388 0.22604166666666667
2 0.5445486518171161 0.35104166666666664 0.05451348182883939 0.20833333333333334
2 0.2731535756154748 0.403125 0.050996483001172335 0.19479166666666667
2 0.52989449003517 0.496875 0.0955451348182884 0.27395833333333336
3 0.9390386869871044 0.540625 0.041031652989449004 0.25104166666666666
3 0.2672919109026964 0.23541666666666666 0.041031652989449004 0.17708333333333334
3 0.23388042203985931 0.8875 0.053927315357561546 0.225