2 0.9442604321493784 0.45346263977304074 0.11147913570124321 0.3441150862507866
2 0.819586081049995 0.44889817313819075 0.10332251649837725 0.2645120675790293
2 0.8231418986439941 0.3737890851369181 0.14497516527720153 0.2924438631444834
2 0.7692534020527646 0.2998678442606145 0.12049948020415735 0.29818478580521085
2 0.29087686354615805 0.43481909415448794 0.09887202926252965 0.27483176713345353
2 0.46527481396213083 0.546892673668611 0.10994848372115618 0.29796660980266554
2 0.3883267704670966 0.6693744479100647 0.10588014774030911 0.32495297602375645
2 0.054912509884882936 0.5022280542117581 0.09231572067594594 0.2955196497984234
2 0.37506491463692104 0.24444717324424653 0.07944593748538811 0.24527723201781731
2 0.3378408633646237 0.155591093252731 0.09351393279605634 0.2455681333545445
3 0.3487500744132192 0.7848304852535795 0.11549765581512976 0.33556357691490796
3 0.9741698564974428 0.26220735354346536 0.05166028700511442 0.26567421334606