2 0.18112543962485345 0.7395833333333334 0.06740914419695193 0.2791666666666667
2 0.731535756154748 0.8041666666666667 0.06506447831184056 0.2916666666666667
2 0.3083235638921454 0.6479166666666667 0.07209847596717468 0.28229166666666666
2 0.03048065650644783 0.5177083333333333 0.06096131301289566 0.234375
2 0.5216881594372802 0.6614583333333334 0.11313012895662368 0.24583333333333332
2 0.417936694021102 0.8333333333333334 0.053341148886283704 0.2916666666666667
2 0.6002344665885111 0.4739583333333333 0.038686987104337635 0.3260416666666667
2 0.55978898007034 0.44895833333333335 0.08382180539273154 0.265625
2 0.5275498241500586 0.42916666666666664 0.05041031652989449 0.28854166666666664
2 0.3094958968347011 0.49166666666666664 0.07268464243845252 0.246875
3 0.5134818288393904 0.871875 0.05627198124267292 0.25625
3 0.014654161781946073 0.3645833333333333 0.029308323563892145 0.17083333333333334
3 0.6313012895662368 0.37395833333333334 0.04220398593200469 0.18229166666666666