2 0.4501758499413834 0.5802083333333333 0.08616647127784291 0.21666666666666667
2 0.3440797186400938 0.553125 0.08968347010550996 0.2125
2 0.556271981242673 0.6166666666666667 0.07971864009378664 0.20520833333333333
2 0.5849941383352872 0.5072916666666667 0.08030480656506447 0.159375
2 0.27784290738569756 0.4197916666666667 0.047479484173505275 0.14479166666666668
2 0.3821805392731536 0.46875 0.06565064478311841 0.16770833333333332
2 0.5509964830011723 0.42604166666666665 0.03927315357561548 0.13229166666666667
2 0.22801875732708088 0.6010416666666667 0.09788980070339977 0.21145833333333333
2 0.14654161781946073 0.4625 0.08792497069167643 0.175
2 0.37807737397420865 0.384375 0.07620164126611957 0.15208333333333332
3 0.417936694021102 0.815625 0.07678780773739742 0.19791666666666666
3 0.08147713950762016 0.3875 0.07444314185228605 0.14166666666666666
3 0.7749120750293084 0.3458333333333333 0.05275498241500586 0.171875