2 0.39683470105509966 0.634375 0.07502930832356389 0.2864583333333333
2 0.645369284876905 0.5583333333333333 0.0779601406799531 0.23645833333333333
2 0.08147713950762016 0.4947916666666667 0.06858147713950762 0.19583333333333333
2 0.2391559202813599 0.4583333333333333 0.06096131301289566 0.225
2 0.4794841735052755 0.6072916666666667 0.09320046893317702 0.2552083333333333
2 0.1981242672919109 0.4479166666666667 0.05216881594372802 0.2375
2 0.7907385697538101 0.7239583333333334 0.07737397420867527 0.23333333333333334
2 0.6336459554513482 0.3802083333333333 0.049824150058616644 0.215625
2 0.45955451348182885 0.453125 0.03751465416178194 0.17083333333333334
2 0.6113716295427901 0.278125 0.04630715123094959 0.21145833333333333
3 0.6483001172332943 0.76875 0.06740914419695193 0.25104166666666666
3 0.10316529894490035 0.3333333333333333 0.05275498241500586 0.18958333333333333
3 0.8423212192262602 0.359375 0.045134818288393906 0.20208333333333334