2 0.2427097953872103 0.656133207552892 0.11257976304751788 0.3159733728766604
2 0.2442413663754031 0.3588762055757256 0.08822549496577842 0.27469225297814315
2 0.8146390854562052 0.6537243104151167 0.16157890210048126 0.3091220579968796
2 0.6336838029736058 0.4027269072219058 0.08722234792140249 0.23094225297814325
2 0.021026861897476858 0.27153189789598003 0.042053723794953715 0.2738893491506642
2 0.6109855410755239 0.5732436779697588 0.08987551697708455 0.29561047563973564
2 0.6704152831002267 0.8641083966274439 0.11674363684211526 0.2717832067451122
2 0.7089788584891424 0.7806714941924378 0.08396608335743096 0.29310269566510644
2 0.6432754318708718 0.3429044658530535 0.07071414891187283 0.22558713571584785
2 0.7936674596220507 0.6209038578423218 0.11107304775683696 0.3013051502150679
3 0.6000404772287878 0.8904294984019361 0.07554678740272079 0.2191410031961278
3 0.8125491696624378 0.43758997444556164 0.06104887193017715 0.21240802108977436
3 0.21326609176319322 0.2502068597203387 0.06743599461858099 0.235749134397737