2 0.42030722595861836 0.5753775983699856 0.09409011390705023 0.24174041459332116
2 0.4025481506565955 0.3692456399802049 0.06782122950454224 0.2101717247095151
2 0.5227993178503971 0.48268399215819713 0.0946484415643851 0.20434959746682752
2 0.6192205660802064 0.47392865445238336 0.09534321484065801 0.17529211367366718
2 0.6030286426344319 0.7457534923839866 0.09533066965907466 0.24601626413349417
2 0.5689439467184734 0.64034008140871 0.1191866653670024 0.273199921603621
2 0.578226548635507 0.6829348025001807 0.11471454720676967 0.21453903964976842
2 0.5604504176311169 0.4778445107770665 0.08892322247054459 0.21213701643262925
2 0.5546058086207057 0.47625692974286815 0.07351233719364837 0.20030097241038014
2 0.3773816143171668 0.29283069199297895 0.04751634402901621 0.18539894919324074
3 0.014355193800134837 0.4328331516658419 0.028710387600269675 0.21983296999835045
3 0.5945315894070605 0.36834703979849076 0.042247118378307295 0.1495455510325487
3 0.7241621958305461 0.8770093607688186 0.05892012563037965 0.23846492838813116