2 0.3188662684820016 0.6842182712958338 0.06351920646662036 0.26546237275933937
2 0.4602228367427963 0.44779999255189273 0.053506185349651104 0.20010277695021017
2 0.97185275072169 0.67884202976838 0.047045155827951345 0.25785391342669683
2 0.6428351255338091 0.7892213595202638 0.1059687501701827 0.29395555390042083
2 0.7007573569245094 0.6855941174464426 0.08468258887551211 0.2734589633298801
2 0.7747648391489125 0.6166586680385975 0.05979757616265543 0.2443379409975826
2 0.7547081021935292 0.7473978097536725 0.051652635007655046 0.2499087113312612
2 0.5333051792777008 0.5925032426201887 0.06127685631965792 0.2756849738070571
2 0.5787908378396298 0.6202458555230266 0.04720886100898969 0.2745205800933635
2 0.5486405584590874 0.6438131855480941 0.06769695954609817 0.213767170663904
3 0.5112430538545975 0.9049331084898128 0.07376325573517459 0.19013378302037437
3 0.38036821942558735 0.39531991176955766 0.06506580959416962 0.18440643837828835