2 0.7878077373974208 0.6895833333333333 0.09613130128956623 0.225
2 0.5638921453692849 0.6208333333333333 0.07678780773739742 0.215625
2 0.7473622508792497 0.4979166666666667 0.07620164126611957 0.20208333333333334
2 0.7667057444314185 0.4125 0.03458382180539273 0.14479166666666668
2 0.5199296600234466 0.453125 0.05275498241500586 0.14583333333333334
2 0.492379835873388 0.4083333333333333 0.038100820633059786 0.146875
2 0.48182883939038684 0.521875 0.05509964830011723 0.16354166666666667
2 0.34349355216881594 0.609375 0.06916764361078546 0.20520833333333333
2 0.283704572098476 0.684375 0.08030480656506447 0.25833333333333336
2 0.5146541617819461 0.3875 0.031652989449003514 0.13229166666666667
3 0.49941383352872215 0.7197916666666667 0.07971864009378664 0.23854166666666668
3 0.9800703399765534 0.41354166666666664 0.03985932004689332 0.14270833333333333
3 0.21277842907385697 0.403125 0.04337631887456037 0.140625