2 0.7790846171035593 0.5985236035877836 0.10775992627213463 0.3346829782702187
2 0.2228744105760572 0.7676463360600854 0.11966058696977232 0.38945583302518777
2 0.3657485892166396 0.55007214014179 0.16423652052105475 0.4000926810940702
2 0.5847630252214676 0.3176881667974603 0.10770536280380227 0.31801631160355204
2 0.9759334633231974 0.5493931822800943 0.04813307335360509 0.32546265663753693
2 0.5447411872094671 0.8030361990839867 0.09374649442979914 0.3506222192309224
2 0.7368370799801279 0.9208256921784305 0.0991102674940432 0.15834861564313912
2 0.4796418251033251 0.43098247400273854 0.0818662950327862 0.3020993644759533
2 0.4317163841594408 0.6503417934362835 0.12775097019745552 0.35446349802033267
2 0.45547298192339897 0.5672094790173035 0.11486212826288447 0.35588002445653333
3 0.2600438512173965 0.3061050900848167 0.08770067801139839 0.2940691251867712
3 0.37689676444782455 0.9095889187117308 0.08734601546723697 0.1808221625765384