2 0.8821805392731535 0.49895833333333334 0.056858147713950764 0.23645833333333333
2 0.20808909730363423 0.640625 0.070926143024619 0.29583333333333334
2 0.7672919109026963 0.65 0.08147713950762016 0.3
2 0.3903868698710434 0.4791666666666667 0.08440797186400938 0.25
2 0.7121922626025792 0.44479166666666664 0.041617819460726846 0.25
2 0.5011723329425557 0.49895833333333334 0.06506447831184056 0.28020833333333334
2 0.4308323563892145 0.4635416666666667 0.070926143024619 0.265625
2 0.40855803048065653 0.409375 0.07209847596717468 0.23541666666666666
2 0.4525205158264947 0.38958333333333334 0.04572098475967175 0.20520833333333333
2 0.518757327080891 0.47708333333333336 0.10844079718640094 0.08958333333333333
3 0.686400937866354 0.75625 0.05920281359906213 0.28125
3 0.735052754982415 0.309375 0.05158264947245018 0.21041666666666667
3 0.06858147713950762 0.5270833333333333 0.043962485345838215 0.25729166666666664