2 0.297146344191608 0.4158629654256607 0.12656705253705963 0.2728497851673513
2 0.43662343087176386 0.3325728412941199 0.06094209272521591 0.225765750681688
2 0.756946567952997 0.44900053848711535 0.06500511439634991 0.24678094044151208
2 0.9116094674835824 0.7441081989953108 0.10879256657440962 0.30937988422606727
2 0.8313511823483711 0.5183839046345903 0.07593832686977826 0.2619098430543175
2 0.3387208745642791 0.7290489348106559 0.12376311574769727 0.38921335778986665
2 0.2490647056009425 0.7254532626018091 0.08883722157968821 0.352038745667123
2 0.4643708277006309 0.520213241399643 0.10568346870844417 0.28009197994174023
2 0.47519160326356813 0.441713381630109 0.053117978117753026 0.23992475235320967
2 0.38098745675357165 0.5772767110927838 0.06353408506078606 0.27999303615718485
3 0.08274277595453922 0.7002090344856633 0.07684088073239774 0.34101589091215395
3 0.9397887471929748 0.4345290487357148 0.06609716008328431 0.28844760710817874
3 0.1679825376878343 0.33428582466757956 0.06105129729390929 0.22993241734835468