2 0.38452520515826494 0.7760416666666666 0.0914419695193435 0.29270833333333335
2 0.45603751465416176 0.6708333333333333 0.056858147713950764 0.23854166666666668
2 0.5486518171160609 0.371875 0.03985932004689332 0.209375
2 0.7526377491207503 0.503125 0.0697538100820633 0.23020833333333332
2 0.5990621336459554 0.609375 0.09085580304806565 0.21979166666666666
2 0.6213364595545134 0.2552083333333333 0.045134818288393906 0.196875
2 0.6236811254396248 0.5572916666666666 0.07502930832356389 0.2125
2 0.5539273153575616 0.5458333333333333 0.07678780773739742 0.203125
2 0.7526377491207503 0.45416666666666666 0.07151230949589683 0.196875
2 0.9871043376318874 0.403125 0.02579132473622509 0.215625
3 0.7866354044548651 0.2635416666666667 0.045134818288393906 0.175
3 0.19577960140679954 0.6041666666666666 0.03223915592028136 0.246875
3 0.8733880422039859 0.8572916666666667 0.045134818288393906 0.23333333333333334