2 0.1735052754982415 0.5114583333333333 0.056858147713950764 0.2947916666666667
2 0.317116060961313 0.6520833333333333 0.07561547479484174 0.3104166666666667
2 0.39566236811254396 0.6708333333333333 0.11371629542790153 0.28854166666666664
2 0.44021101992966 0.5510416666666667 0.0873388042203986 0.27395833333333336
2 0.7092614302461899 0.46041666666666664 0.09085580304806565 0.22604166666666667
2 0.705158264947245 0.42291666666666666 0.0738569753810082 0.22395833333333334
2 0.6330597889800703 0.3958333333333333 0.05158264947245018 0.259375
2 0.6166471277842908 0.3072916666666667 0.07678780773739742 0.21770833333333334
2 0.8364595545134819 0.7447916666666666 0.0873388042203986 0.3104166666666667
2 0.7966002344665886 0.6885416666666667 0.09085580304806565 0.25625
3 0.34114888628370454 0.815625 0.07033997655334115 0.32083333333333336
3 0.36107854630715125 0.325 0.050996483001172335 0.20625