2 0.3141852286049238 0.7831670066401292 0.11254396248534584 0.32273270884621563
2 0.6201641266119577 0.6501147879824442 0.09964830011723329 0.3113822595686976
2 0.5697538100820633 0.48188121353396574 0.08558030480656506 0.2395302542962541
2 0.19929660023446658 0.7144311858040621 0.10668229777256741 0.3014749288715862
2 0.37631887456037516 0.6293328077045328 0.09378663540445487 0.2901244795940684
2 0.268464243845252 0.6256896561713542 0.08440797186400938 0.2540286983013284
2 0.6910902696365768 0.5844172590087917 0.08206330597889801 0.3017755863114765
2 0.7004689331770223 0.5330130403015318 0.08909730363423213 0.3147849222810317
2 0.6553341148886284 0.3703698011635531 0.06096131301289566 0.17941424506947784
3 0.2256740914419695 0.9087471456016797 0.08323563892145369 0.1825057087966407
3 0.29718640093786636 0.3746444447137043 0.06799531066822978 0.22367358103903298