2 0.6483001172332943 0.484375 0.06096131301289566 0.18333333333333332
2 0.3974208675263775 0.49270833333333336 0.053341148886283704 0.234375
2 0.7432590855803048 0.3802083333333333 0.053341148886283704 0.18854166666666666
2 0.5937866354044549 0.321875 0.07033997655334115 0.18854166666666666
2 0.48651817116060964 0.6302083333333334 0.08851113716295428 0.23645833333333333
2 0.3710433763188746 0.415625 0.045134818288393906 0.190625
2 0.4525205158264947 0.5364583333333334 0.08030480656506447 0.24895833333333334
2 0.8528722157092614 0.6697916666666667 0.044548651817116064 0.17083333333333334
2 0.5146541617819461 0.5083333333333333 0.07737397420867527 0.19166666666666668
2 0.5146541617819461 0.390625 0.0492379835873388 0.1875
3 0.3194607268464244 0.8802083333333334 0.06330597889800703 0.23958333333333334
3 0.29073856975381007 0.40625 0.04806565064478312 0.20833333333333334
3 0.8950762016412661 0.3645833333333333 0.06389214536928488 0.20729166666666668