2 0.11870515642165959 0.7179909699464117 0.0841106305668321 0.28329343313969985
2 0.7771917421855863 0.7119126765854519 0.09265836425657394 0.2943893294726879
2 0.5875238031045305 0.6168326291649711 0.0875593487761288 0.28150119823479
2 0.19637319003797504 0.35675814061031563 0.052822169070197246 0.2204509462361713
2 0.3539957996051921 0.5149888513891974 0.08757091120638698 0.2461815643775978
2 0.39731485331005073 0.44859333305413734 0.08274501819942338 0.2416267664730332
2 0.3372238446905834 0.36319374441391955 0.07572258297434745 0.20572493575899412
2 0.5008099929165452 0.4112018541450835 0.09784878521590633 0.2387215263295347
2 0.39775234913273994 0.30971205155431003 0.08413375542734872 0.21265416542531548
2 0.4817107157622124 0.31248323076506845 0.06489846401786459 0.19651830714039054
3 0.032218218986122926 0.8561587113312613 0.06443643797224585 0.27723749875864884
3 0.44368340998106265 0.21742041576679505 0.05986772915578967 0.1857135092358259