2 0.16779824298003868 0.5689256233988534 0.0722489163183859 0.23166015528388637
2 0.314806278870503 0.33954358133705514 0.04878179616664743 0.22322649781375978
2 0.22689494904590973 0.35189896351669697 0.05683125679308127 0.1760741112616375
2 0.2632274304281204 0.5246105525414204 0.06176612417080039 0.2515108427556629
2 0.530883452898697 0.25273267450846953 0.06868417445592784 0.21674927333003413
2 0.6825274295309418 0.5439110085962388 0.0724603497581746 0.29624348861721994
2 0.9087024320249197 0.49679704734284924 0.05827640707729964 0.25951662746847703
2 0.7253418442649168 0.7264387584833439 0.05020648515024105 0.30041901402059945
2 0.7052822051908835 0.5094902758961986 0.07357129879885577 0.27760267149072615
2 0.5083635913826426 0.1798071491050899 0.09447549919215294 0.21915129654717352
3 0.4723020803785109 0.8062722591607124 0.0828067332349287 0.23472613447877677
3 0.8492741533056891 0.2543395243514993 0.046416668980911575 0.21675813206674707
3 0.3470825563619662 0.16877812754554444 0.04634164421195421 0.19384146540008043