2 0.30180084072838576 0.47286420803557744 0.11777393218625874 0.29493780691973664
2 0.5238863123259839 0.46786937209636087 0.11316645300655517 0.30322265833797873
2 0.16038554558935983 0.5755582365313461 0.14446563541819493 0.3868711241194056
2 0.04057225925093721 0.5503636143631847 0.0737777853551472 0.35072722872636936
2 0.8619023973416594 0.804193685655397 0.08950922915148624 0.3916126286892061
2 0.4403027998948237 0.43159215143682367 0.10150451302388773 0.30935145355025045
2 0.42285378297991066 0.38558307116128443 0.07873907157221452 0.25912116445356687
2 0.9230072565871341 0.4063774553578937 0.09800797734385056 0.31139842544726537
2 0.49563050958269733 0.39570954084519955 0.08344886649006701 0.26125297970199146
3 0.3111881003611467 0.7125202642415477 0.10234350207670936 0.39476812021691715
3 0.27735742117106915 0.25180058560556046 0.06927855544124985 0.25069086729005097
3 0.9194829929494808 0.345930487494295 0.07966584674321267 0.2341332849323397