2 0.30717763769964324 0.7214195147464205 0.10616855219002062 0.3082378258009688
2 0.24878208210917863 0.552390004508785 0.08232377205894248 0.25986056535115076
2 0.7388293615093031 0.7053283681836885 0.09705144869279864 0.35176964979842323
2 0.6341960292694382 0.747986758381023 0.16421582951032504 0.36356809781454374
2 0.1221591088644958 0.6216953760343621 0.08576092783798087 0.29324238224060506
2 0.06725852120436077 0.5965855582431505 0.12810147500672642 0.29828175291745324
2 0.3582261516369777 0.881958120093329 0.06559283263182712 0.17831966401442353
2 0.658853848624243 0.5504458392742956 0.07728147476660932 0.28473935646084764
2 0.01498619036989807 0.8834666631126666 0.02997238073979614 0.2330666737746668
2 0.7203335944716355 0.6611662579566584 0.0825054890535374 0.3368954151283629
3 0.3210906341650042 0.4579869360810266 0.06329332250456975 0.2511393635688479
3 0.31852073647221263 0.9301285956396932 0.07147762220512204 0.10765602312751431