2 0.22806485930886194 0.35818733387165574 0.07306742097945565 0.2397182478346276
2 0.6090236783196189 0.7357035968540039 0.08371390676407883 0.25462886363536513
2 0.3981610346080891 0.6155980984799555 0.09785010871876289 0.26548190692523715
2 0.6869424843459049 0.8339733663335677 0.1039163933635883 0.29691373051823955
2 0.33223797391616516 0.5656268252123632 0.11791618203024096 0.2869334404747782
2 0.12883261972012464 0.29155466612395053 0.07076367908075368 0.2458955183974267
2 0.5666853324358702 0.3072202218545532 0.05298770633917437 0.21618338095175318
2 0.24773410208327631 0.6671934144990974 0.0718814467080968 0.23759854978269387
2 0.28064850377931344 0.56506844426061 0.08011505996359285 0.24201976947956372
2 0.5438798160385043 0.20857626081587746 0.06944129152136337 0.22294248701215966
3 0.19011886062075087 0.7810547256469754 0.09575098675210808 0.30290917748803636
3 0.27160569546357505 0.1553297970746054 0.06581516206327108 0.2061667261896916
3 0.9613915755304213 0.7341311947934402 0.06274832708610815 0.2748076320338901