2 0.731149826431262 0.3341895018532295 0.060554958326534 0.24165957708470032
2 0.612199942488498 0.250182324666463 0.05095702377069173 0.13481535178688595
2 0.4801624115143414 0.2711907074289551 0.05169375527784302 0.19106535178688588
2 0.40874658444931605 0.17957884578102476 0.03942469880995189 0.1485497918376274
2 0.3384480275233815 0.13679798347403904 0.040215022822873536 0.1194680144992199
2 0.2258767786859189 0.14703069232025448 0.029718599044105815 0.12287067721155384
2 0.18159657949688654 0.532166151483604 0.06478140230923549 0.2960809117361445
2 0.5507625886112543 0.15680723706166297 0.041305496709079105 0.11330290382747907
2 0.575027347926638 0.13735867249901626 0.029582167283522247 0.11245401054488718
2 0.479345781347766 0.1546938194188068 0.03926098069725166 0.1360497918376274
3 0.08092651147297099 0.4832590783780238 0.06617104587026192 0.22333402372599617
3 0.7782088226431156 0.13929704071271368 0.03577126822170113 0.1378784571861831