2 0.07033997655334115 0.5135416666666667 0.070926143024619 0.24583333333333332
2 0.18405627198124266 0.7625 0.08675263774912075 0.25104166666666666
2 0.4525205158264947 0.5302083333333333 0.0668229777256741 0.23125
2 0.2702227432590856 0.29270833333333335 0.0984759671746776 0.21041666666666667
2 0.5908558030480656 0.24375 0.09026963657678781 0.184375
2 0.8188745603751465 0.36354166666666665 0.10609613130128957 0.23958333333333334
2 0.9085580304806565 0.42604166666666665 0.05627198124267292 0.234375
2 0.9712778429073857 0.7135416666666666 0.056858147713950764 0.265625
3 0.5498241500586166 0.22291666666666668 0.0627198124267292 0.1875
2 0.5381008206330598 0.703125 0.08206330597889801 0.28229166666666666
2 0.6576787807737398 0.8104166666666667 0.08851113716295428 0.2833333333333333