2 0.8928712343822461 0.6731963338436646 0.10882398639466148 0.33480826220491955
2 0.3290047290015376 0.3596916554131493 0.13173863342245257 0.2552560487701033
2 0.21211164663153273 0.24101236557747566 0.050779453742094464 0.23898201845355255
2 0.7495529161539274 0.549135387227156 0.0720587839825378 0.2675933596955514
2 0.3363869912086095 0.5019330974410571 0.12845353718443892 0.29041804745199234
2 0.46036822588190357 0.538810606643046 0.08157386081101468 0.28910580765495814
2 0.5079155060321671 0.4561634775177526 0.14257609781031974 0.29977005272443596
2 0.5519185046971573 0.36960434971057016 0.10249851650257598 0.2635504822302902
2 0.5648001150692091 0.27696145576892284 0.06697385367702369 0.20683713571584786
2 0.33838380320924055 0.44863831878453875 0.09452408849433985 0.2983729235991426
3 0.5964824405121064 0.726965000559906 0.0830190203296333 0.330857363649884
3 0.7458914513720547 0.2586377212195448 0.05527780690907313 0.21015490909992268