2 0.41510468930349737 0.36398343581191894 0.07796428095031367 0.311204406902623
2 0.9131697071286086 0.29997445770565234 0.11646955106005659 0.23836798578064264
2 0.2146305218929355 0.47401261793419436 0.068244214318016 0.29981701744478995
2 0.7665209811296422 0.5144746293987003 0.10911618121020782 0.3704879156250179
2 0.3132477375563041 0.26344573387920744 0.0688818647438665 0.24797636480924817
2 0.7942062725532626 0.2936011732930238 0.0966648898430926 0.2757671928338516
2 0.04609473151632362 0.5545316597452205 0.09218946303264725 0.3536999086094556
2 0.5401340834651436 0.25657237286008916 0.06640063762201415 0.2435670174447899
2 0.5576004069937148 0.4187895693899544 0.10886618359724248 0.29156392965614303
2 0.5572248635926775 0.4302479027232877 0.08403078751820343 0.318061108647102
3 0.9137947011610217 0.1139078411018256 0.07129481124734822 0.2278156822036512
3 0.18769991056016092 0.2619064880521725 0.06770953180131081 0.2478550244603524
3 0.2692307219487117 0.7330852390938212 0.09380757233861334 0.3668271577560392