2 0.5041031652989449 0.6052083333333333 0.05568581477139507 0.25
2 0.5363423212192263 0.46145833333333336 0.06330597889800703 0.203125
2 0.47772567409144195 0.33645833333333336 0.0492379835873388 0.15833333333333333
2 0.40328253223915594 0.74375 0.06799531066822978 0.22083333333333333
2 0.6014067995310668 0.49270833333333336 0.05920281359906213 0.225
2 0.828253223915592 0.7072916666666667 0.07033997655334115 0.2791666666666667
2 0.671746776084408 0.578125 0.05451348182883939 0.24270833333333333
2 0.5662368112543963 0.4197916666666667 0.05627198124267292 0.21354166666666666
2 0.5814771395076201 0.378125 0.05275498241500586 0.22916666666666666
2 0.6963657678780774 0.5645833333333333 0.07620164126611957 0.225
3 0.23798358733880423 0.83125 0.05803048065650645 0.26979166666666665
3 0.8933177022274326 0.5520833333333334 0.044548651817116064 0.21979166666666666
3 0.2966002344665885 0.34791666666666665 0.035169988276670575 0.16666666666666666