2 0.9354254129579335 0.3924738627101866 0.0836532369085477 0.24278368135722228
2 0.7220367486124228 0.4720933470072233 0.08256442356341051 0.29060336778074086
2 0.3181103021573972 0.7436149810013893 0.09036285319959884 0.320060975176852
2 0.7632305922840132 0.4352973247172233 0.07634622783148012 0.23207607396111124
2 0.6846312990193343 0.4747083297835195 0.0787198110296634 0.27795789741601856
2 0.3741172659512777 0.5794455555957876 0.06410579287552796 0.2565426826237965
2 0.6574042400626599 0.35183928229125094 0.06797609038055002 0.22548664311009267
2 0.45330910348927705 0.3392353344706951 0.060505274450442154 0.20852903571398163
2 0.43129494651681527 0.37058144376666735 0.054643609737663724 0.20828658510611125
2 0.6997977178189794 0.31613341678949175 0.05480741659070402 0.21453658510611126
3 0.367280840974752 0.7654189877133801 0.07179501794302272 0.28183362335324086
3 0.25306019562054033 0.38402003355995407 0.05090820177260978 0.1998077814080556
3 0.9407121375141727 0.3260981367729644 0.04845433131880497 0.19554413449824087