2 0.35463071512309496 0.509375 0.06858147713950762 0.240625
2 0.7063305978898007 0.475 0.0873388042203986 0.26666666666666666
2 0.8856975381008206 0.515625 0.08499413833528723 0.2
2 0.36811254396248533 0.278125 0.05216881594372802 0.22916666666666666
2 0.4284876905041032 0.16770833333333332 0.06037514654161782 0.159375
2 0.7180539273153576 0.221875 0.049824150058616644 0.2
2 0.634232121922626 0.434375 0.07913247362250879 0.19895833333333332
2 0.8141852286049238 0.49375 0.08382180539273154 0.215625
2 0.152989449003517 0.6572916666666667 0.06037514654161782 0.2864583333333333
2 0.6324736225087925 0.28020833333333334 0.044548651817116064 0.175
3 0.4232121922626026 0.7604166666666666 0.06389214536928488 0.25416666666666665
3 0.2555685814771395 0.18854166666666666 0.03985932004689332 0.165625
3 0.8980070339976554 0.20416666666666666 0.04220398593200469 0.20208333333333334