2 0.10961313012895663 0.515625 0.053927315357561546 0.23541666666666666
2 0.2661195779601407 0.2760416666666667 0.05509964830011723 0.2
2 0.3745603751465416 0.44166666666666665 0.05158264947245018 0.2375
2 0.43669402110199296 0.30520833333333336 0.07620164126611957 0.20520833333333333
2 0.6125439624853458 0.30416666666666664 0.04630715123094959 0.16875
2 0.6066822977725674 0.28229166666666666 0.0492379835873388 0.15520833333333334
2 0.61957796014068 0.46875 0.08851113716295428 0.21041666666666667
2 0.6471277842907386 0.40520833333333334 0.0697538100820633 0.228125
2 0.7567409144196952 0.45 0.06447831184056271 0.23125
2 0.8868698710433763 0.58125 0.05744431418522861 0.27395833333333336
3 0.6418522860492379 0.6572916666666667 0.06740914419695193 0.25625
3 0.22215709261430247 0.24375 0.03341148886283705 0.18125
3 0.7631887456037515 0.23020833333333332 0.03634232121922626 0.19895833333333332