2 0.8448841204856539 0.7073769618210302 0.08485448716417529 0.2894175080494624
2 0.6586084620154279 0.6452312806382839 0.0817453892982101 0.26012960376513544
2 0.7116557630213995 0.4750072667384957 0.07792969407753461 0.2932204618631478
2 0.6578087349194593 0.5194017798025231 0.12043237640254746 0.26213002445653344
2 0.547708945862526 0.7893195683129177 0.11852776113400733 0.3681375492212124
2 0.31241694528414565 0.6319244480520355 0.10107765653564017 0.3277055525642557
2 0.22912347173654787 0.7277738125279888 0.11334700880466417 0.34914507398589145
2 0.37089070889902076 0.43333295891692614 0.07727446666537396 0.26822046186314785
2 0.4569881192359808 0.45384716706348827 0.07182070291429728 0.23881131996116026
2 0.31234150654122045 0.45612525662068976 0.07743827351841427 0.27447046186314783
3 0.8598449726335493 0.8959297754042496 0.09332736450020389 0.12133431494659513
3 0.58864593982137 0.38878514594999813 0.0639676709937625 0.20719760710817875