2 0.24384525205158264 0.44479166666666664 0.053341148886283704 0.271875
2 0.6447831184056272 0.7770833333333333 0.07209847596717468 0.265625
2 0.38686987104337633 0.303125 0.08030480656506447 0.203125
2 0.39155920281359907 0.54375 0.06799531066822978 0.259375
2 0.5451348182883939 0.6041666666666666 0.09613130128956623 0.278125
2 0.5767878077373975 0.4708333333333333 0.050996483001172335 0.278125
2 0.4548651817116061 0.475 0.07913247362250879 0.271875
2 0.16588511137162953 0.33125 0.08030480656506447 0.22916666666666666
2 0.518757327080891 0.5135416666666667 0.06623681125439625 0.28541666666666665
2 0.49296600234466587 0.49895833333333334 0.04689331770222743 0.246875
3 0.41852286049237986 0.896875 0.0738569753810082 0.19375
3 0.6629542790152403 0.35 0.05509964830011723 0.22916666666666666