2 0.02230323198420364 0.3531221279296321 0.04460646396840728 0.36042241080740245
2 0.1296432587359564 0.7174970352921769 0.10917289939831985 0.4058733570435737
2 0.056644478336528775 0.5012271160745119 0.08849215257279837 0.381307132615841
2 0.15467662149179856 0.5066180267453225 0.09285164368142716 0.33595896332987996
2 0.2683587766105149 0.498247510892965 0.14607302799476782 0.3902284069467569
2 0.5128012105820441 0.40633523573648556 0.1019571847483909 0.3284018924723425
2 0.5486782238661145 0.6672313223097888 0.09669848317068828 0.3819863622821624
2 0.7725770192304526 0.7027191731526188 0.09760925607002033 0.3384304279011114
2 0.6807421626646843 0.668766614839173 0.09952111338439268 0.3967637612344447
2 0.6271036724812233 0.3968745368127241 0.09353444986513158 0.35679229666321344
3 0.28840984215167303 0.8674541086324169 0.11545690421475824 0.16953775075726749
3 0.6510803265970924 0.5392888996472661 0.09443366033420532 0.34855599613935434