2 0.14947245017584995 0.5197916666666667 0.06096131301289566 0.2916666666666667
2 0.2186400937866354 0.47291666666666665 0.05861664712778429 0.28125
2 0.4349355216881594 0.334375 0.0668229777256741 0.24895833333333334
2 0.4712778429073857 0.303125 0.07151230949589683 0.23333333333333334
2 0.5416178194607268 0.290625 0.06330597889800703 0.171875
2 0.6002344665885111 0.26979166666666665 0.04044548651817116 0.18541666666666667
2 0.753810082063306 0.38229166666666664 0.06506447831184056 0.24375
2 0.5961313012895663 0.5197916666666667 0.06389214536928488 0.2552083333333333
2 0.8165298944900352 0.6072916666666667 0.0779601406799531 0.30625
2 0.9484173505275498 0.37916666666666665 0.05920281359906213 0.24166666666666667
3 0.3417350527549824 0.6989583333333333 0.06037514654161782 0.28541666666666665
3 0.9056271981242673 0.28125 0.04630715123094959 0.19479166666666667
3 0.25205158264947247 0.265625 0.03985932004689332 0.19895833333333332