2 0.7245017584994138 0.49270833333333336 0.07209847596717468 0.21979166666666666
2 0.1623681125439625 0.6520833333333333 0.05803048065650645 0.2760416666666667
2 0.3898007033997655 0.6395833333333333 0.06565064478311841 0.2708333333333333
2 0.34056271981242675 0.4427083333333333 0.08616647127784291 0.23229166666666667
2 0.3071512309495897 0.49166666666666664 0.07561547479484174 0.24479166666666666
2 0.4501758499413834 0.3489583333333333 0.043962485345838215 0.20520833333333333
2 0.2696365767878077 0.4083333333333333 0.050996483001172335 0.23645833333333333
2 0.0615474794841735 0.7572916666666667 0.043962485345838215 0.2625
2 0.4654161781946073 0.7947916666666667 0.049824150058616644 0.19270833333333334
2 0.7438452520515827 0.46041666666666664 0.059788980070339975 0.23125
3 0.20398593200468934 0.3802083333333333 0.044548651817116064 0.16666666666666666
3 0.7579132473622509 0.35833333333333334 0.05216881594372802 0.184375
3 0.38159437280187575 0.8385416666666666 0.05861664712778429 0.10520833333333333