2 0.23153575615474795 0.478125 0.07444314185228605 0.3302083333333333
2 0.6002344665885111 0.428125 0.053341148886283704 0.228125
2 0.47889800703399765 0.5177083333333333 0.07678780773739742 0.22083333333333333
2 0.8903868698710434 0.5864583333333333 0.04689331770222743 0.240625
2 0.3939038686987104 0.321875 0.038100820633059786 0.20416666666666666
2 0.6430246189917936 0.3625 0.05158264947245018 0.18645833333333334
2 0.8112543962485346 0.3489583333333333 0.047479484173505275 0.221875
2 0.49531066822977726 0.3541666666666667 0.049824150058616644 0.20833333333333334
2 0.18757327080890973 0.49583333333333335 0.0627198124267292 0.346875
2 0.47362250879249707 0.23020833333333332 0.043962485345838215 0.1875
3 0.6957796014067995 0.7520833333333333 0.05627198124267292 0.2635416666666667
3 0.6740914419695193 0.265625 0.035169988276670575 0.171875