2 0.37431877722168416 0.6909609196943846 0.08631775789645005 0.29777869830132836
2 0.4435827314686066 0.5021345007334175 0.09305164631811493 0.25245470093755007
2 0.5313845195337972 0.6168769783503196 0.09222034659563787 0.30445314494262427
2 0.04609406796547083 0.3941479071227563 0.07563034812541736 0.27618136101366225
2 0.6515691081389596 0.6224531344968864 0.0673967348699215 0.27142046904918116
2 0.5935249861536501 0.62033444608139 0.08383667872330727 0.2767755863114765
2 0.11060442979175397 0.841737376830993 0.10962800345953226 0.2786431515331787
2 0.2352962455645842 0.42764920030328196 0.06972775942622952 0.2695069143723663
2 0.19401904865667854 0.46217807381421033 0.08948008217523525 0.24386669961943924
3 0.43195965867278585 0.917662297464386 0.07393964468834209 0.16467540507122796
3 0.6767273430876108 0.4523183657261998 0.0720178599961284 0.26134335969555134