2 0.4143938682518487 0.5856372224852897 0.08391831445055606 0.2894175080494624
2 0.27730553330133756 0.344938703879082 0.06994984640187218 0.1908946532944936
2 0.15856455251101365 0.6349829409691272 0.07796111192402744 0.2849477473386448
2 0.5747865265769228 0.5522147138195359 0.0761677831920962 0.25780379519648117
2 0.07805972017790597 0.7163381474441678 0.09293671646532146 0.3252585063779411
2 0.7223392703372281 0.7204512068253037 0.13280002596044901 0.2253574501624963
2 0.3356554619930747 0.2572234067029336 0.05865643713819061 0.20903846520619115
2 0.6251898876903914 0.6830978696213118 0.13703355839124168 0.2567893065889872
2 0.7030415509678173 0.6662653776707744 0.11447261904143372 0.2431375492212124
2 0.6265144774941154 0.5997342268835635 0.08136068320862407 0.2289402225739657
3 0.5597770639616054 0.3366008607360884 0.05944661882574605 0.19243241734835467
3 0.6259402793675405 0.8885866287492841 0.08554644673254183 0.22282674250143183