2 0.25965885942327555 0.5687624531822757 0.06635919948977537 0.2398309117361445
2 0.3959579839303057 0.4944168470991357 0.07315435261073426 0.22992358103903296
2 0.14688101309586316 0.408458941344065 0.05411041208859307 0.21606535178688588
2 0.582362911244894 0.5828329985827396 0.0819816789979996 0.2576011396701806
2 0.3245063829300613 0.5224693181254833 0.053320230401037665 0.23264712912529337
2 0.315792494637632 0.39206821140807513 0.0499724174715505 0.18872735046877503
2 0.6579465226898297 0.3745721942230587 0.06889494100238694 0.24833402372599617
2 0.6323771134509679 0.23915198276540886 0.046047388211328255 0.22172112648907158
2 0.6210807382190952 0.4510772074041677 0.10602744390916836 0.23438381556362356
2 0.5851105946342833 0.1822582232214985 0.06698418472738514 0.16500069039266282
3 0.6752071081006253 0.6426660743245416 0.06286807983966304 0.18966113307962615
3 0.8199135602176629 0.20165380157473492 0.053298340671717424 0.18064868512021928
3 0.19215315393253068 0.24607037019086378 0.05002018637842553 0.19081068380210836