2 0.6354206165741688 0.4672626969621078 0.06871160504833196 0.20821369480442453
2 0.64606312662753 0.35934755789267975 0.05704287790712168 0.2099333809517533
2 0.7430150783531957 0.43833476676598315 0.12250403086592537 0.24943344047477822
2 0.21653484726059408 0.5968615492399778 0.07427457336810209 0.24169248701215953
2 0.8482793329036471 0.4322325914400239 0.07803566630443085 0.20642127921989478
2 0.806807629297627 0.32478255572620895 0.051862125577778584 0.1910379220773514
2 0.09938668877334302 0.6858606812760648 0.06612284505455901 0.24352126731528992
2 0.7777209472129192 0.42171737499066336 0.07776265488269711 0.1960046125532281
2 0.35120693291823896 0.3273033468572992 0.06721165839969594 0.19567733008582402
2 0.3630779943694012 0.26626320778787116 0.0762627082340611 0.18346824783462765
3 0.8472515865264518 0.6611810697950878 0.08051845407130756 0.2564576439384953
3 0.5573158893288553 0.23585960010151327 0.05398838232550308 0.18277731818121906
3 0.05401577034922878 0.5637182180731152 0.05518963258113084 0.2286106515145524