2 0.8854975645687458 0.6709938647295848 0.12530623951745065 0.3557198051933786
2 0.8742131054456075 0.5755787256601566 0.09315367127037633 0.28185765584310024
2 0.6557073682390542 0.6531395319345739 0.13729429265493748 0.3165364837646502
2 0.6736356948660578 0.560981941566801 0.08956302435827944 0.32962886363536514
2 0.5726140125581828 0.31741613095944227 0.10262787262457188 0.28631524025857047
2 0.708741956442916 0.15393191775759105 0.09763003768377844 0.2216228127694358
2 0.6099644415140936 0.10074101542566921 0.049468849225245255 0.20148203085133842
2 0.14606991292306182 0.16930364935247527 0.078942369239083 0.27517127921989476
2 0.15176142049358604 0.40645818452577104 0.09987517630690552 0.3195394794361025
2 0.4091362702914342 0.3963927954596382 0.09085677429214012 0.2838682597392327
3 0.1071291992074229 0.7180385221876523 0.082051337634195 0.308577341990429
3 0.24412491007640708 0.11235217532595922 0.07681465815902641 0.22470435065191843