2 0.6776084407971864 0.7104166666666667 0.0492379835873388 0.290625
2 0.5474794841735052 0.6333333333333333 0.05216881594372802 0.265625
2 0.40328253223915594 0.5302083333333333 0.05920281359906213 0.259375
2 0.30011723329425555 0.5239583333333333 0.070926143024619 0.20729166666666668
2 0.08499413833528723 0.55 0.043962485345838215 0.228125
2 0.24091441969519342 0.5489583333333333 0.05275498241500586 0.215625
2 0.5855803048065651 0.38645833333333335 0.03458382180539273 0.19375
2 0.6113716295427901 0.32395833333333335 0.03927315357561548 0.184375
2 0.705158264947245 0.415625 0.053927315357561546 0.21666666666666667
2 0.7157092614302462 0.3614583333333333 0.053341148886283704 0.20104166666666667
3 0.6647127784290738 0.7354166666666667 0.053927315357561546 0.18958333333333333
3 0.0779601406799531 0.37083333333333335 0.043962485345838215 0.190625
3 0.835873388042204 0.3625 0.03927315357561548 0.18645833333333334