2 0.11292912067869994 0.4786290651969148 0.09328794935922503 0.2792833662861059
2 0.5959619184790707 0.561193216630944 0.10252890525167983 0.21338070357377176
2 0.6695769716612391 0.7170912989633005 0.13452429619094694 0.292671159441844
2 0.5193546247878313 0.4086323576192355 0.1134074118823177 0.2308113741947712
2 0.4102048448247888 0.42277706514734004 0.09315024171123448 0.2127015889476984
2 0.3633394421781021 0.3949650829418372 0.07868775005864746 0.2511813610136623
2 0.4833342356746411 0.3353071494568629 0.052036711184876336 0.20556379579196005
2 0.42292559603588215 0.31159639452634075 0.04539720987146101 0.16555601581733087
2 0.4515044674389055 0.31680827265065725 0.05538995493872512 0.19748513044340435
2 0.40281357918410293 0.23295851376580234 0.055144322327997694 0.18498513044340434
3 0.30342017528354653 0.763368436046834 0.07103967087649472 0.21942202504410702
3 0.8941029348043059 0.5208813272531101 0.0738346632146063 0.24250847036729214
3 0.26773663446655777 0.22609656451307197 0.05862038238721025 0.18315646509484854