2 0.27432590855803046 0.27395833333333336 0.09906213364595545 0.19895833333333332
2 0.24267291910902697 0.484375 0.07561547479484174 0.25
2 0.694021101992966 0.5354166666666667 0.06037514654161782 0.2708333333333333
2 0.4220398593200469 0.7395833333333334 0.10961313012895663 0.22916666666666666
2 0.7526377491207503 0.4875 0.07913247362250879 0.2552083333333333
2 0.7467760844079718 0.3958333333333333 0.08909730363423213 0.2760416666666667
2 0.7532239155920282 0.32395833333333335 0.10492379835873387 0.22916666666666666
2 0.5662368112543963 0.675 0.11078546307151231 0.2833333333333333
2 0.46893317702227433 0.41770833333333335 0.10961313012895663 0.26666666666666666
2 0.40093786635404455 0.61875 0.07913247362250879 0.19583333333333333
3 0.14830011723329425 0.23229166666666667 0.053341148886283704 0.18645833333333334
3 0.8329425556858148 0.23645833333333333 0.09202813599062133 0.17395833333333333
3 0.5568581477139508 0.8333333333333334 0.07209847596717468 0.27291666666666664