2 0.2887159894521384 0.5408085091201847 0.09704878507738228 0.2746640529376852
2 0.672163161221252 0.37609088627527676 0.09901822551041428 0.25184436651416686
2 0.21171724069554246 0.5210921904774071 0.08136500856261004 0.24695034802388907
2 0.36470492762905193 0.40754529812768464 0.0776433413065361 0.23430487765916677
2 0.42869391031098725 0.7567434692273606 0.09383878889232557 0.293268582572963
2 0.6229924140626131 0.6602251775617584 0.11101444617384697 0.26899593439657443
2 0.39754554365297085 0.2979269765726383 0.06902767385183244 0.2089654468081483
2 0.5582241552818074 0.6806004675816658 0.11283489580635786 0.3086277578514817
2 0.5757130877967307 0.7215155373639344 0.08197901384783066 0.28445034802388897
3 0.3317223690846421 0.8835878357415273 0.09126788835565595 0.20780342578472238
3 0.15391299469059422 0.43812427495023115 0.055927343055312946 0.19593205547083342
3 0.7933147565005022 0.20348505066296177 0.07974922735850616 0.21981852456898163