2 0.5128282396592905 0.39046506229301614 0.07217389154942866 0.20948509461597703
2 0.5027380132536418 0.7091039956451728 0.08524006475608041 0.26290317178716405
2 0.6650852736836828 0.540553637475022 0.06287025277794041 0.2314310384914774
2 0.1974297555105616 0.3453245084400463 0.06866371315530323 0.21120440690262304
2 0.8519909236321127 0.7140134196161207 0.0747027091401625 0.2659777753137687
2 0.3861075457399082 0.5231329677711554 0.0440379009280922 0.20657292624247792
2 0.36013206929806074 0.4642134800954478 0.0886138344793745 0.2195171928338515
2 0.3535921622611934 0.43542110817652085 0.07094017470499886 0.19061375426708124
2 0.3609736112138505 0.36329315377767685 0.05922366571298363 0.19148368411145664
2 0.46919615452692137 0.3078504693838716 0.05092866947905348 0.16355096833585267
3 0.16446539585799388 0.6574306383220682 0.06657822374477129 0.29012839287149816
3 0.16555851218822798 0.27538165235319306 0.04756854062284238 0.2111036139558319
3 0.8667879237051348 0.5801741774850995 0.06524220039721802 0.24000705252260227