2 0.7620164126611958 0.6614583333333334 0.04689331770222743 0.26875
2 0.6740914419695193 0.415625 0.045134818288393906 0.2520833333333333
2 0.6066822977725674 0.45625 0.053341148886283704 0.209375
2 0.6225087924970691 0.5916666666666667 0.05275498241500586 0.24479166666666666
2 0.33411488862837047 0.46770833333333334 0.0369284876905041 0.23333333333333334
2 0.3030480656506448 0.6104166666666667 0.0697538100820633 0.21354166666666666
2 0.26670574443141853 0.721875 0.03985932004689332 0.221875
2 0.14361078546307152 0.865625 0.06330597889800703 0.2677083333333333
2 0.27139507620164127 0.6083333333333333 0.06858147713950762 0.23333333333333334
2 0.3604923798358734 0.3697916666666667 0.053927315357561546 0.178125
3 0.3962485345838218 0.9072916666666667 0.05627198124267292 0.18541666666666667
3 0.7901524032825322 0.39479166666666665 0.03751465416178194 0.19166666666666668
3 0.1559202813599062 0.4239583333333333 0.03458382180539273 0.18020833333333333