2 0.5360832283210054 0.5928633118569745 0.18110880193461945 0.3788408027553928
2 0.9274822282065315 0.49287821036693197 0.14503554358693696 0.3890877827192399
2 0.43847819200812754 0.7803383763916327 0.1340926055001926 0.37418931693781304
2 0.7247948101330091 0.37508970490598287 0.12540472994682825 0.27829538121061576
2 0.649396865612847 0.3618139942645222 0.10904852313048698 0.31978024069568994
2 0.8396884234901278 0.33670629897115917 0.13224942451720162 0.31168931693781315
2 0.7884494852809685 0.5465290621779574 0.12514900250910668 0.34910447358640345
2 0.12668081143801865 0.6792279635683269 0.14871854009241967 0.3535135498285264
2 0.7462230669089873 0.7241631827876581 0.10305899469884762 0.3551241844897196
3 0.27764444409049527 0.3538051358268704 0.1227528672312184 0.26785447358640346
3 0.7731435424380647 0.8223283192691677 0.1167068844201406 0.26154387119253925