2 0.14761109704113554 0.6645907530535708 0.08364787479859337 0.30742443539843073
2 0.7101038764671876 0.182520554804728 0.06039124021383377 0.23034996080181044
2 0.6044564996781293 0.2922378305467918 0.06363537552033342 0.2098441760889962
2 0.8182294103065519 0.33059069802846575 0.07285130114654192 0.2876917895368739
2 0.3236949328144065 0.4515566877746331 0.06786181950303512 0.26433839137618176
2 0.48266883511522707 0.42738740841452466 0.08247456165757465 0.21784110206509755
2 0.2827694846380353 0.7154672063935025 0.10270437155430523 0.2426138775813719
2 0.5262634448067212 0.40668097542812354 0.0725238649211412 0.26269178953687394
2 0.3267334402815681 0.5771616229472745 0.04446973335615485 0.26632140057272174
2 0.8015979681946069 0.3935230001541346 0.057010673146750145 0.24043907884795815
3 0.39157766737954885 0.7667169410539934 0.07061578066989718 0.29580675712319454
3 0.274704486793044 0.25844406754224525 0.05079428585645447 0.2128098311470931