2 0.58568457398101 0.4856382145423139 0.10824654373094242 0.2875034837887038
2 0.7843307953160121 0.36816536423944324 0.08283743498514425 0.30102003444740755
2 0.2630039285290281 0.5770252627928236 0.06833262139970231 0.283771486321852
2 0.8288504429385039 0.7919037501313414 0.08684585437193192 0.3199155048121298
2 0.6701824432444807 0.6351022103634711 0.08760705401098826 0.25959581838861134
2 0.4477781110612716 0.3186130976468975 0.05865202912445113 0.22718205547083342
2 0.7087699228055172 0.3692096437476378 0.14388226759545866 0.351409697314352
2 0.49145635867063764 0.2606174532702308 0.06748466982142955 0.20673664311009265
2 0.6525075517066841 0.48287427761259155 0.07934612112875188 0.25717305420425934
2 0.0970465238747184 0.6983487230249534 0.08540051000764252 0.30945034802388893
3 0.27126171595101956 0.2842926843987033 0.06486699251458457 0.19622299620027792
3 0.3152867106725934 0.8162674233807865 0.08343482777116083 0.23445034802388895
3 0.9643240456261206 0.38153121885036895 0.05540804171851754 0.23745325177277793