2 0.4355224638486758 0.3754692241665734 0.08749956451326436 0.26385946529842597
2 0.3890096578085504 0.6761489568157866 0.1381145494715658 0.27844454052611145
2 0.3028361382506773 0.25083725481425884 0.07416045388360343 0.23624274062777792
2 0.7727099166623961 0.67485177533361 0.15087376622074028 0.27064459853009265
2 0.742494116733025 0.5168344987376841 0.09966634220036948 0.2914276998475001
2 0.6953988790531672 0.3522286622379156 0.09053900367464865 0.2348382689964816
2 0.4601171409684174 0.626364549521342 0.10815810921771846 0.237648954153426
2 0.7808768496455288 0.3549388833630081 0.08185511341047595 0.20533217147879637
2 0.9436909482102857 0.8218419040073134 0.05963646512980387 0.279362369047315
2 0.6816702357198362 0.22475827887916563 0.07612989431663557 0.2134230542042594
3 0.62027428479543 0.7904577559558786 0.08522312143762188 0.2679291517219445
3 0.19379035682062376 0.14916957130300895 0.07609578291190106 0.21133972087092598
3 0.8978543083655888 0.36571487120560053 0.05813556332148641 0.1876957023806483