2 0.3018757327080891 0.6802083333333333 0.08030480656506447 0.2989583333333333
2 0.4079718640093787 0.4239583333333333 0.10140679953106682 0.17604166666666668
2 0.46072684642438455 0.528125 0.08264947245017586 0.22395833333333334
2 0.6377491207502931 0.4895833333333333 0.07971864009378664 0.22604166666666667
2 0.15885111371629543 0.340625 0.07033997655334115 0.184375
2 0.8305978898007034 0.6791666666666667 0.07971864009378664 0.26666666666666666
2 0.33821805392731535 0.4239583333333333 0.05158264947245018 0.196875
2 0.2936694021101993 0.409375 0.05920281359906213 0.23854166666666668
2 0.09671746776084408 0.43020833333333336 0.07737397420867527 0.253125
2 0.2813599062133646 0.4010416666666667 0.07209847596717468 0.15208333333333332
3 0.05627198124267292 0.8041666666666667 0.0615474794841735 0.296875
3 0.8921453692848769 0.5427083333333333 0.03575615474794842 0.23020833333333332
3 0.2696365767878077 0.296875 0.04337631887456037 0.15625