2 0.2719812426729191 0.5072916666666667 0.053341148886283704 0.228125
2 0.417936694021102 0.4947916666666667 0.0627198124267292 0.24479166666666666
2 0.48827667057444313 0.6875 0.05275498241500586 0.26875
2 0.5539273153575616 0.65625 0.05216881594372802 0.259375
2 0.5574443141852286 0.5947916666666667 0.041031652989449004 0.24583333333333332
2 0.5181711606096131 0.49270833333333336 0.05920281359906213 0.22083333333333333
2 0.4876905041031653 0.34375 0.03223915592028136 0.17708333333333334
2 0.5310668229777257 0.33541666666666664 0.05627198124267292 0.18854166666666666
2 0.701641266119578 0.37395833333333334 0.05744431418522861 0.22604166666666667
2 0.7590855803048066 0.33958333333333335 0.04865181711606096 0.228125
3 0.35345838218053927 0.8552083333333333 0.0492379835873388 0.2791666666666667
3 0.406799531066823 0.23958333333333334 0.044548651817116064 0.1875