2 0.39245803778496346 0.6046335430193376 0.09842760758244798 0.2977484338001202
2 0.5932265412065432 0.25763441496927925 0.07759729465300091 0.2515029902397568
2 0.5913136248674562 0.6974359243051579 0.1275051898782396 0.34624690314024115
2 0.649777673004623 0.5690920185126738 0.12179238889665242 0.2940666026946654
2 0.2762705249071609 0.4215440870464878 0.0796963279273848 0.23905147379587793
2 0.3171086649850764 0.6197388043709126 0.08444148980868903 0.30162419913005983
2 0.7126928659725986 0.4583715998303109 0.12571877540886559 0.3149726613621805
2 0.722910774266363 0.5008859989391594 0.13456523495940145 0.2880832622533319
2 0.08929831191215588 0.4858515590918797 0.0992314916089126 0.2790226755781808
2 0.48045554786498423 0.15888359632933863 0.07403935705687922 0.24934693157224164
3 0.3409218802750299 0.22012594302994312 0.06408755075806975 0.2199863306810902
3 0.23706811763279212 0.8735796666136387 0.12319546310730889 0.24619841958411967