2 0.3042203985932005 0.6489583333333333 0.05861664712778429 0.26145833333333335
2 0.48182883939038684 0.49583333333333335 0.06565064478311841 0.25
2 0.17819460726846426 0.4791666666666667 0.04865181711606096 0.2552083333333333
2 0.05803048065650645 0.7510416666666667 0.0627198124267292 0.30520833333333336
2 0.05568581477139507 0.471875 0.07033997655334115 0.26666666666666666
2 0.4361078546307151 0.3125 0.05920281359906213 0.20833333333333334
2 0.5697538100820633 0.503125 0.07033997655334115 0.2760416666666667
2 0.6922626025791325 0.56875 0.09378663540445487 0.19270833333333334
2 0.6201641266119577 0.5083333333333333 0.05920281359906213 0.21770833333333334
2 0.664126611957796 0.48541666666666666 0.04689331770222743 0.18645833333333334
3 0.5146541617819461 0.79375 0.0627198124267292 0.23854166666666668
3 0.6623681125439624 0.3333333333333333 0.043962485345838215 0.184375
3 0.05275498241500586 0.334375 0.04279015240328253 0.21041666666666667