2 0.5228604923798359 0.3572916666666667 0.11313012895662368 0.24583333333333332
2 0.94021101992966 0.5854166666666667 0.10550996483001172 0.3260416666666667
2 0.3511137162954279 0.3229166666666667 0.07561547479484174 0.22916666666666666
2 0.376905041031653 0.540625 0.1336459554513482 0.24479166666666666
2 0.8194607268464243 0.8145833333333333 0.09671746776084408 0.19270833333333334
2 0.4765533411488863 0.6885416666666667 0.10023446658851114 0.3125
2 0.7825322391559203 0.45625 0.11664712778429073 0.2760416666666667
2 0.09261430246189918 0.609375 0.12133645955451348 0.315625
2 0.8171160609613131 0.4197916666666667 0.08499413833528723 0.3
3 0.30011723329425555 0.25104166666666666 0.07913247362250879 0.21666666666666667
3 0.2596717467760844 0.9208333333333333 0.10433763188745604 0.15104166666666666