2 0.1682297772567409 0.7541666666666667 0.1541617819460727 0.3
2 0.720398593200469 0.684375 0.15767878077373973 0.20104166666666667
2 0.824736225087925 0.74375 0.10316529894490035 0.3177083333333333
2 0.48007033997655335 0.46145833333333336 0.06623681125439625 0.26979166666666665
2 0.6928487690504103 0.5302083333333333 0.0873388042203986 0.23333333333333334
2 0.17174677608440797 0.396875 0.07209847596717468 0.25
2 0.5978898007033998 0.5697916666666667 0.07033997655334115 0.28229166666666666
2 0.5334114888628371 0.515625 0.053927315357561546 0.284375
2 0.5797186400937866 0.484375 0.0615474794841735 0.25729166666666664
2 0.5474794841735052 0.4552083333333333 0.05041031652989449 0.22291666666666668
3 0.16178194607268465 0.32708333333333334 0.05744431418522861 0.20520833333333333