2 0.5900944154846433 0.4174337293683354 0.10263888910947264 0.2613984254472654
2 0.6888651170231657 0.5277965483883205 0.08931315117866233 0.24668176684743107
2 0.2291138229763841 0.615723352845775 0.11454653663332859 0.2677696302349936
2 0.4235052438961978 0.3719747418613673 0.06136646364228635 0.21306966250232265
2 0.8765147821581595 0.41310551976162413 0.08814081823610663 0.24666964636865812
2 0.8340708335114985 0.6032335801319383 0.08184409297396891 0.27159692349602127
2 0.18797256348447047 0.7506733810796878 0.08177766862120762 0.30908480301724855
2 0.8235397769751431 0.4448396444047409 0.07469220157309693 0.22778632110215705
2 0.37266983679026694 0.317299015086242 0.06013269133363083 0.2109742086902166
2 0.696041933357345 0.3737510865093821 0.07894647279396011 0.2528226825384756
3 0.9902767522290952 0.7330675676389065 0.019446495541809737 0.3003757348419576
3 0.612788037219495 0.2729208337134436 0.05624705630936558 0.19843784725389804