2 0.5160077768071124 0.3665904712550489 0.08007532306822981 0.20704995159900635
2 0.5711503150323306 0.5483367163769386 0.06704420913799682 0.28607117252039915
2 0.6626049475292696 0.4588375318872188 0.08160237858830276 0.2341454054111125
2 0.22254596293317735 0.6540380126239598 0.06802553761573547 0.27149995966583873
2 0.4655959899795234 0.23271847112412108 0.06709780164376716 0.2006666263325053
2 0.9521054189563894 0.6746240748272634 0.07320602372405917 0.30904844158093
2 0.52393201160086 0.7478101700581168 0.0744875020750815 0.31739389539303603
2 0.33876819186273305 0.4413494506951848 0.09340756707020986 0.24051661019884077
2 0.3952857502744564 0.45951766771408925 0.06581632329274457 0.19232117252039913
2 0.35621675424048477 0.43075097684692576 0.045287343721193286 0.23585300390248834
3 0.30860475910024787 0.7792070048189831 0.06540800820945697 0.25064238537495953
3 0.29926114389719954 0.24485624577652873 0.04817675645017596 0.18797269867214011