2 0.779601406799531 0.54375 0.03634232121922626 0.24791666666666667
2 0.8429073856975381 0.38645833333333335 0.03927315357561548 0.21458333333333332
2 0.776084407971864 0.4239583333333333 0.06096131301289566 0.21354166666666666
2 0.5762016412661196 0.48854166666666665 0.05216881594372802 0.19583333333333333
2 0.5556858147713951 0.6666666666666666 0.047479484173505275 0.23333333333333334
2 0.4935521688159437 0.6 0.05041031652989449 0.246875
2 0.3745603751465416 0.4166666666666667 0.04044548651817116 0.19166666666666668
2 0.4320046893317702 0.346875 0.05627198124267292 0.17708333333333334
2 0.5662368112543963 0.375 0.04806565064478312 0.140625
2 0.5609613130128956 0.31875 0.04044548651817116 0.15416666666666667
3 0.46776084407971863 0.7625 0.05920281359906213 0.24479166666666666
3 0.31125439624853457 0.35625 0.03458382180539273 0.16458333333333333