2 0.5474794841735052 0.5916666666666667 0.049824150058616644 0.23645833333333333
2 0.44958968347010553 0.3802083333333333 0.07268464243845252 0.165625
2 0.28839390386869873 0.384375 0.05568581477139507 0.15416666666666667
2 0.41500586166471276 0.684375 0.053341148886283704 0.24479166666666666
2 0.7186400937866354 0.384375 0.038100820633059786 0.19166666666666668
2 0.3552168815943728 0.4239583333333333 0.05861664712778429 0.1625
2 0.8048065650644783 0.51875 0.03458382180539273 0.22083333333333333
2 0.3950762016412661 0.35 0.047479484173505275 0.15833333333333333
2 0.9865181711606096 0.6666666666666666 0.025205158264947247 0.253125
2 0.7151230949589683 0.340625 0.04337631887456037 0.16145833333333334
3 0.18815943728018758 0.3541666666666667 0.0615474794841735 0.15208333333333332
3 0.7749120750293084 0.30833333333333335 0.029308323563892145 0.13854166666666667
3 0.7602579132473622 0.796875 0.05158264947245018 0.275