2 0.5920281359906213 0.7822916666666667 0.06858147713950762 0.30104166666666665
2 0.5697538100820633 0.440625 0.04689331770222743 0.22395833333333334
2 0.4824150058616647 0.39895833333333336 0.053927315357561546 0.23645833333333333
2 0.3493552168815944 0.5677083333333334 0.056858147713950764 0.2625
2 0.41031652989449 0.45625 0.04689331770222743 0.240625
2 0.3528722157092614 0.49583333333333335 0.044548651817116064 0.25
2 0.3563892145369285 0.44166666666666665 0.05744431418522861 0.23854166666666668
2 0.8833528722157092 0.3625 0.07678780773739742 0.20729166666666668
2 0.9232121922626025 0.378125 0.08323563892145369 0.25104166666666666
3 0.3634232121922626 0.8458333333333333 0.0627198124267292 0.28229166666666666
3 0.388042203985932 0.296875 0.04220398593200469 0.19583333333333333