2 0.9174924700703151 0.4137977905321794 0.10278654935280573 0.1968192654172372
2 0.9142034679642137 0.39177124351010384 0.07225923626004058 0.2639325575788207
2 0.8537942100178615 0.386566041522013 0.07701679083973209 0.26834169948080827
2 0.6398587416338085 0.4837455140305819 0.0860202289280982 0.24590998328478358
2 0.4983736463758508 0.6419144005444621 0.08918356852683733 0.29603122090244416
2 0.6032786269622098 0.7534988557215236 0.08928590274104087 0.3022812209024442
2 0.2632005150960961 0.3362528046093198 0.06320012054378851 0.21142489258367572
2 0.3530078856389608 0.4199961913426697 0.062096010410701855 0.21553094044151208
2 0.08536781240888944 0.8141447234097264 0.08646367718964659 0.27299331661811693
2 0.09713603635075643 0.8532622687602806 0.07132568315062615 0.27845527210332366
3 0.31964051560319534 0.8501965091046931 0.07667567679238722 0.2475083661474751
3 0.9059369492176542 0.24459314946595262 0.05485734432696067 0.2026672275885306
3 0.09148608834641506 0.43665622090244405 0.06544245221469641 0.20529613020133605