2 0.6758499413833529 0.5958333333333333 0.07678780773739742 0.3302083333333333
2 0.4912075029308324 0.6885416666666667 0.07327080890973037 0.32916666666666666
2 0.34583821805392734 0.6052083333333333 0.0697538100820633 0.2864583333333333
2 0.5937866354044549 0.44166666666666665 0.05451348182883939 0.321875
2 0.3130128956623681 0.596875 0.07327080890973037 0.31979166666666664
2 0.4525205158264947 0.5458333333333333 0.047479484173505275 0.328125
2 0.3704572098475967 0.46145833333333336 0.053927315357561546 0.2552083333333333
2 0.4208675263774912 0.4510416666666667 0.05451348182883939 0.234375
2 0.5580304806565064 0.553125 0.0697538100820633 0.2677083333333333
2 0.6400937866354045 0.496875 0.05627198124267292 0.25833333333333336
3 0.13305978898007034 0.27291666666666664 0.0668229777256741 0.234375
3 0.5334114888628371 0.6104166666666667 0.06096131301289566 0.2708333333333333