2 0.32415005861664714 0.6197916666666666 0.06740914419695193 0.25
2 0.39155920281359907 0.7572916666666667 0.070926143024619 0.2760416666666667
2 0.44314185228604924 0.484375 0.06740914419695193 0.23125
2 0.4894490035169988 0.44583333333333336 0.05627198124267292 0.20729166666666668
2 0.4284876905041032 0.4239583333333333 0.06447831184056271 0.20208333333333334
2 0.41324736225087927 0.35208333333333336 0.06213364595545135 0.18020833333333333
2 0.5029308323563892 0.27291666666666664 0.0627198124267292 0.17604166666666668
2 0.694021101992966 0.5 0.059788980070339975 0.259375
2 0.7473622508792497 0.621875 0.09261430246189918 0.240625
3 0.6553341148886284 0.81875 0.05568581477139507 0.16666666666666666
3 0.6811254396248535 0.2833333333333333 0.053341148886283704 0.175