2 0.4044548651817116 0.46145833333333336 0.05216881594372802 0.196875
2 0.3276670574443142 0.6010416666666667 0.044548651817116064 0.21145833333333333
2 0.7092614302461899 0.5947916666666667 0.08147713950762016 0.20729166666666668
2 0.4683470105509965 0.6364583333333333 0.05216881594372802 0.21354166666666666
2 0.6846424384525205 0.521875 0.0779601406799531 0.30833333333333335
2 0.8411488862837045 0.46145833333333336 0.03927315357561548 0.20833333333333334
2 0.5615474794841735 0.37395833333333334 0.03985932004689332 0.171875
2 0.6447831184056272 0.5010416666666667 0.043962485345838215 0.20520833333333333
2 0.43376318874560377 0.5947916666666667 0.06565064478311841 0.21770833333333334
2 0.3235638921453693 0.796875 0.06740914419695193 0.2125
3 0.39976553341148885 0.8572916666666667 0.053927315357561546 0.21041666666666667
3 0.8270808909730364 0.371875 0.031066822977725676 0.184375
3 0.2391559202813599 0.3927083333333333 0.04044548651817116 0.17083333333333334