2 0.6598614977964412 0.537732930511401 0.12046964071220671 0.271077210693817
2 0.6597950734436802 0.5752571722894617 0.09386963424336289 0.32257874135369585
2 0.4298692032741779 0.5351926523446107 0.11756205055887514 0.33139691024824125
2 0.24744356698790793 0.5744031572777601 0.09134065025995222 0.3162802577975749
2 0.33199685002409324 0.3985903279227915 0.114172915450069 0.2959317600254534
2 0.3605056520656081 0.13221383280291304 0.08647697036475335 0.23081510757478702
2 0.48760164731042765 0.20567375010612654 0.08628766727979273 0.26412419913005974
2 0.5823405928894277 0.2360260745279458 0.0967772243966942 0.26225904179927173
2 0.5837736382563665 0.12551244074903675 0.06710026463620386 0.24915299734775692
3 0.5161361208442437 0.7158116363250964 0.08832015134774421 0.293315107574787
3 0.8920872321751891 0.1983520033418886 0.07832709414630186 0.27228784001696893
3 0.05559197299199595 0.254214420432849 0.07135952084372874 0.23466663112666594