2 0.19958732286394826 0.3696596585522871 0.09908644831988324 0.25502887553997006
2 0.024791310887349368 0.33147346049815646 0.049582621774698736 0.2787197456703538
2 0.25570855123609254 0.1982133971892998 0.07857689441595035 0.21899400865709573
2 0.6158992146393782 0.5274926049859584 0.11218677911640265 0.26792888744457505
2 0.39966221281651637 0.28016250541617693 0.0802267870247888 0.2481970400423627
2 0.41400662350507567 0.4775337013038368 0.07912267689170213 0.252327341990429
2 0.5259303081144092 0.47614420401082685 0.1401306464909154 0.18550467207625304
2 0.4359641500402166 0.24572004816552978 0.0637459030195403 0.2435212673152898
2 0.6057154089476571 0.3622676168905634 0.07960023655798477 0.2814940086570957
2 0.543167915614608 0.461033582257787 0.11129988259330614 0.21376222077790838
3 0.49688134422604074 0.6759025611533701 0.07670978819712174 0.24808794588656155
3 0.7230043808311116 0.28366750974911853 0.0643724534863442 0.21022429870055687
3 0.11909137943282905 0.16913473593221953 0.06247123586278112 0.23723490259668936