2 0.6987104337631888 0.546875 0.08206330597889801 0.23854166666666668
2 0.194021101992966 0.36666666666666664 0.04865181711606096 0.196875
2 0.8446658851113716 0.68125 0.05861664712778429 0.25104166666666666
2 0.5492379835873388 0.5302083333333333 0.06096131301289566 0.24270833333333333
2 0.6008206330597889 0.559375 0.06096131301289566 0.240625
2 0.6336459554513482 0.3625 0.04865181711606096 0.23020833333333332
2 0.5732708089097304 0.3885416666666667 0.053927315357561546 0.16770833333333332
2 0.6019929660023446 0.503125 0.06330597889800703 0.21666666666666667
2 0.675263774912075 0.40208333333333335 0.06096131301289566 0.2520833333333333
3 0.5808909730363423 0.7677083333333333 0.05451348182883939 0.240625
3 0.0627198124267292 0.340625 0.04630715123094959 0.18541666666666667
3 0.7110199296600235 0.33645833333333336 0.04630715123094959 0.18020833333333333