2 0.111957796014068 0.41770833333333335 0.04865181711606096 0.23854166666666668
2 0.48007033997655335 0.534375 0.050996483001172335 0.25729166666666664
2 0.24912075029308323 0.384375 0.04279015240328253 0.221875
2 0.41090269636576787 0.2625 0.04689331770222743 0.18020833333333333
2 0.608440797186401 0.48333333333333334 0.045134818288393906 0.25833333333333336
2 0.458968347010551 0.346875 0.03223915592028136 0.209375
2 0.5128956623681126 0.2864583333333333 0.04279015240328253 0.17604166666666668
2 0.038100820633059786 0.28958333333333336 0.04689331770222743 0.18229166666666666
2 0.5592028135990621 0.41354166666666664 0.06096131301289566 0.21666666666666667
2 0.5668229777256741 0.39166666666666666 0.031066822977725676 0.21979166666666666
2 0.5844079718640094 0.296875 0.04689331770222743 0.175
3 0.44841735052754983 0.790625 0.07561547479484174 0.284375
3 0.2708089097303634 0.2760416666666667 0.03985932004689332 0.1625