2 0.27577592767191117 0.615625 0.08938001208135794 0.2791666666666667
2 0.6596427599577706 0.35 0.08654392563712601 0.2604166666666667
2 0.69454611461475 0.5614583333333333 0.08185459386690327 0.2604166666666667
2 0.8452808820141692 0.334375 0.11836072193916983 0.26666666666666666
2 0.9665498967986986 0.3145833333333333 0.05611787141502504 0.2625
2 0.7968073304076844 0.30520833333333336 0.08760705401098853 0.25625
2 0.44820370302130674 0.25416666666666665 0.06863131779271053 0.24791666666666667
2 0.8531788191936586 0.5697916666666667 0.08902671340400299 0.3104166666666667
2 0.09178386811885515 0.725 0.08940892939443 0.325
2 0.47119109096816947 0.1375 0.08288880492769363 0.21041666666666667
3 0.42709677466105594 0.76875 0.08531699041022374 0.25833333333333336
3 0.22663277687828212 0.25416666666666665 0.059005327801806146 0.19375
3 0.9534985084320395 0.096875 0.055488328974139085 0.19375