2 0.8364595545134819 0.8375 0.08558030480656506 0.325
2 0.2901524032825322 0.8177083333333334 0.05920281359906213 0.309375
2 0.24150058616647127 0.8510416666666667 0.08499413833528723 0.296875
2 0.3440797186400938 0.60625 0.04220398593200469 0.24791666666666667
2 0.552168815943728 0.5875 0.06916764361078546 0.246875
2 0.5961313012895663 0.64375 0.08616647127784291 0.2791666666666667
2 0.6676436107854631 0.5385416666666667 0.05216881594372802 0.321875
2 0.7397420867526378 0.575 0.0668229777256741 0.2625
2 0.5803048065650644 0.5520833333333334 0.053341148886283704 0.23854166666666668
3 0.5158264947245017 0.9052083333333333 0.06037514654161782 0.18854166666666666
3 0.6389214536928488 0.43020833333333336 0.04220398593200469 0.228125