2 0.23834887134657476 0.3029003087881239 0.05694038372974637 0.2070763694905183
2 0.2719759854925647 0.7285256593642889 0.07369406660260426 0.3120916994808084
2 0.7326171856843829 0.5471708273056557 0.06886832616155004 0.2701825575788206
2 0.5636951344231731 0.32701369490518256 0.03467969868827146 0.2100912787894103
2 0.4893376388034534 0.5283424244733805 0.09223313981016504 0.24639493375542543
2 0.4568525564623789 0.27253904996829725 0.04166595330881459 0.19587165830905845
2 0.47041701213086157 0.6565088807943481 0.059380535684439587 0.23636427377484542
2 0.04248099511703166 0.4448299916423918 0.08294314190575995 0.27299331661811693
2 0.48699258210504526 0.3490848295934684 0.047684487993048974 0.24409141901987633
2 0.7149401156932365 0.518136545173202 0.053525691405202656 0.23814451306402754
3 0.5005945501580066 0.7445129937528526 0.07818560580012156 0.25191750804946267
3 0.9551418000833363 0.31288537705448327 0.05700858806516198 0.2279097028238515