2 0.6773160529091831 0.6231377981277002 0.10011510869860636 0.3131196622941862
2 0.4877830657401848 0.307205957332488 0.0449599074957927 0.21434725011289474
2 0.36291547408271446 0.3414659060741497 0.10338555015876011 0.20522306045487823
2 0.4255928866835741 0.48497096411699825 0.0962161009413054 0.2836254470070005
2 0.33864924446963635 0.4914747648108628 0.0910629011850985 0.2477720488463085
2 0.13789625509154607 0.2704482029241801 0.09537022402568722 0.2190421136736672
2 0.15115783271707678 0.46775550504984903 0.12323433132431948 0.2903033197643129
2 0.22258730295816045 0.5703581765405751 0.09738843388386108 0.28373462988050685
2 0.18043690953192623 0.65195344263452 0.11963547344030231 0.283725771143794
3 0.6052833423261426 0.8354460085908263 0.12467952778804217 0.31124583597115246
3 0.6986256341114497 0.3404005412302952 0.09155307532473607 0.19579789838648148