2 0.943099898907631 0.5224936073970778 0.10483734352288654 0.2980251877576128
2 0.7144669429524856 0.18649777033969092 0.09682111478132206 0.19744299090076592
2 0.5891326006010049 0.24579009788205605 0.06843956638842809 0.17011420347337847
2 0.5590641738109817 0.26597276785698853 0.046103851036980774 0.16202058009336345
2 0.5086977503401754 0.3253049955929871 0.06652462660354248 0.2136701378544295
2 0.4743858829816272 0.41973709732967635 0.05889126413928703 0.27132424152144147
2 0.5232060075240547 0.6967176537127993 0.09434773648277478 0.3034018924723426
2 0.512744128441559 0.6288894654028069 0.09124593413536095 0.22612449352006034
2 0.12144797978331871 0.5748886068386859 0.0963240657105498 0.2660959580912916
2 0.026849113443323254 0.6975256633584007 0.05369822688664651 0.2840183071403904
3 0.3708466180509037 0.7644917358730774 0.07388603462095329 0.24758566804460974
3 0.16195322026287975 0.32694337386409883 0.053362943316242584 0.18551944361687694
3 0.8282518926332629 0.11046743755873728 0.06743093862691088 0.18668383733057067