2 0.3059862494955064 0.6933944447137044 0.13558524684856085 0.3365909380983624
2 0.8997304850740917 0.5990182234693722 0.07533239879223673 0.2968449156904773
2 0.8067629303323697 0.699476299211174 0.10000596329013971 0.30279425825058676
2 0.6575472500054711 0.48469846651210885 0.05861958772317346 0.27273979842818186
2 0.359528615328045 0.39963735513173787 0.057119818555217056 0.2476549090999227
2 0.512803100731093 0.2983427464619508 0.08269285247450833 0.23285580765495814
2 0.7793066480177936 0.5257761786536016 0.07020648538814635 0.26317202504410714
2 0.4937212780201904 0.5404798492250262 0.11107442026489527 0.2536431515331787
2 0.5750317588197214 0.2653843255238174 0.07475938539778566 0.25309491569047715
2 0.5318342715316141 0.4100327530525053 0.07214185599150716 0.23209180370062535
3 0.21153207866265503 0.7250600757913767 0.10300452142758902 0.2634655929020309
3 0.29935566593114504 0.1871444447137043 0.04956738020966533 0.2075622397970342
3 0.9117368905022536 0.30849756273420453 0.0509307176170379 0.2222304624586267