2 0.7526228080830467 0.772184287348176 0.06397962579533276 0.27716113307962614
2 0.5761141359925331 0.6436136647886498 0.07023578685003024 0.23808713571584786
2 0.19234629805067774 0.5772282984529693 0.10314298677849852 0.24463070357377176
2 0.3401570176922301 0.5232561311520345 0.0805820894907585 0.22843447300351397
2 0.37985445029501813 0.4447650343204581 0.04969204529976497 0.2053940171354417
2 0.584644266326172 0.4783706667658161 0.051314704695320984 0.22839557313036754
2 0.23141475778402038 0.5904887576163187 0.10625059792161988 0.2240520382252162
2 0.19420156634404726 0.5126874097837655 0.10794024351145813 0.19088848354840118
2 0.3828764734893428 0.3208491456512544 0.05849756608184661 0.17690646509484853
2 0.5562645107238211 0.3991226555618735 0.05074156193695687 0.19922890646370087
3 0.532386102326683 0.8376024276278374 0.0673589169750094 0.21083402372599616
3 0.01751427268462706 0.3556097852470729 0.03502854536925412 0.21955290382747908
3 0.7017026494247213 0.37627315426854996 0.0542994995330787 0.20156690778181172