2 0.6254396248534584 0.6583333333333333 0.08909730363423213 0.340625
2 0.5304806565064478 0.5354166666666667 0.09026963657678781 0.3104166666666667
2 0.488862837045721 0.5927083333333333 0.05920281359906213 0.30833333333333335
2 0.45310668229777257 0.53125 0.0668229777256741 0.3458333333333333
2 0.39976553341148885 0.7375 0.10726846424384526 0.31875
2 0.276084407971864 0.6333333333333333 0.0697538100820633 0.36875
2 0.06740914419695193 0.5 0.05920281359906213 0.31354166666666666
2 0.09437280187573271 0.8270833333333333 0.0873388042203986 0.34479166666666666
2 0.021101992966002344 0.5552083333333333 0.04220398593200469 0.3302083333333333
3 0.46483001172332944 0.9260416666666667 0.07678780773739742 0.14791666666666667
3 0.6987104337631888 0.35520833333333335 0.05216881594372802 0.27395833333333336