2 0.4793861565022961 0.5189510871268541 0.10122578368917967 0.21544554220663675
2 0.7652817960706343 0.5048697624550101 0.0708065665488314 0.21658339285635814
2 0.9025012047290877 0.5423181217640242 0.07506083776969485 0.24169248701215953
2 0.2014635525341026 0.42539528030532703 0.053779511692054936 0.19524095346261858
2 0.5661919463744433 0.33901312338338513 0.050262512864387744 0.19513185930681717
2 0.40826074041939364 0.6337602467579828 0.09227719571143195 0.2297379577911665
2 0.37328005522768365 0.6014814902640626 0.1150480215354491 0.20754858549650876
2 0.37495387307235983 0.5388723961082612 0.06753532518556314 0.22480763203389031
2 0.3950495939777093 0.4444132840955524 0.0645198112600166 0.16227126731528968
2 0.5052073911584899 0.28043287500604136 0.04958667983729118 0.1722151926401505
3 0.6401933599604589 0.659929730527027 0.0715438389420278 0.24158339285635813
3 0.06118544780039907 0.4234908641780812 0.06272809966980251 0.18094853787808893
3 0.6675755037024522 0.27539636147987856 0.05082045214594643 0.17433489069208435