2 0.8648579402894511 0.31440455247846766 0.08628766727979287 0.2673743574082231
2 0.3654258495443326 0.4452148563946242 0.09109987778221487 0.27183203048732096
2 0.4221328913363649 0.46665002784234155 0.12158053428866257 0.273723572168124
2 0.2709575863630385 0.6725462266277098 0.11738271744723756 0.2900992324223594
2 0.33185995250316513 0.6906017674645499 0.09023474167015769 0.2821759455508797
2 0.5465745313722438 0.37366719445246294 0.09820029979031021 0.23484129170907575
2 0.5503397801576403 0.38487089717491896 0.10171231363131575 0.2745701282486247
2 0.4877760586394911 0.4033100654729661 0.08159833550956999 0.26708335099579195
2 0.6537583140469315 0.42940129536343685 0.14249820915636596 0.26878310102406455
3 0.12976867087424357 0.559656049611524 0.08493101623893795 0.2610516058051154
3 0.45302704891936396 0.8078537217335684 0.09553846710137742 0.30330028529664427
3 0.8883867882163914 0.23080335695586038 0.059697630784271545 0.238690488806518