2 0.7174677608440797 0.490625 0.07268464243845252 0.1875
2 0.4536928487690504 0.35520833333333335 0.04865181711606096 0.19479166666666667
2 0.8640093786635404 0.4895833333333333 0.06740914419695193 0.22916666666666666
2 0.2966002344665885 0.3729166666666667 0.050996483001172335 0.21770833333333334
2 0.2954279015240328 0.59375 0.08264947245017586 0.240625
2 0.32063305978898005 0.65625 0.05216881594372802 0.22604166666666667
2 0.39331770222743256 0.32395833333333335 0.03575615474794842 0.19375
2 0.3634232121922626 0.3104166666666667 0.0627198124267292 0.17395833333333333
2 0.28722157092614303 0.33645833333333336 0.049824150058616644 0.20729166666666668
2 0.3892145369284877 0.29583333333333334 0.09378663540445487 0.13125
3 0.3710433763188746 0.696875 0.06389214536928488 0.203125
3 0.1969519343493552 0.28541666666666665 0.04689331770222743 0.17708333333333334
3 0.9642438452520515 0.29583333333333334 0.032825322391559206 0.1875