2 0.611957796014068 0.5572916666666666 0.05920281359906213 0.20729166666666668
2 0.6283704572098476 0.39895833333333336 0.04630715123094959 0.153125
2 0.6781946072684643 0.578125 0.05158264947245018 0.165625
2 0.2936694021101993 0.603125 0.05158264947245018 0.190625
2 0.4718640093786635 0.2520833333333333 0.03751465416178194 0.15104166666666666
2 0.42672919109026963 0.33645833333333336 0.03048065650644783 0.15416666666666667
2 0.7878077373974208 0.32916666666666666 0.028722157092614303 0.15833333333333333
2 0.2543962485345838 0.6697916666666667 0.04220398593200469 0.21770833333333334
2 0.5093786635404455 0.5927083333333333 0.06740914419695193 0.15416666666666667
2 0.5269636576787807 0.515625 0.07737397420867527 0.159375
3 0.5234466588511137 0.7604166666666666 0.049824150058616644 0.19479166666666667
3 0.283704572098476 0.30416666666666664 0.03341148886283705 0.13541666666666666
3 0.8464243845252052 0.3072916666666667 0.03399765533411489 0.153125