2 0.20281359906213364 0.4479166666666667 0.07268464243845252 0.24583333333333332
2 0.3786635404454865 0.5302083333333333 0.10375146541617819 0.26979166666666665
2 0.6822977725674091 0.7677083333333333 0.11078546307151231 0.29583333333333334
2 0.8235638921453693 0.559375 0.09788980070339977 0.275
2 0.6811254396248535 0.5375 0.1025791324736225 0.26666666666666666
2 0.5498241500586166 0.5510416666666667 0.08147713950762016 0.2760416666666667
2 0.6031652989449003 0.5864583333333333 0.07033997655334115 0.309375
2 0.5586166471277842 0.4427083333333333 0.07678780773739742 0.2552083333333333
3 0.5375146541617819 0.8572916666666667 0.0615474794841735 0.284375
3 0.6014067995310668 0.3385416666666667 0.05158264947245018 0.18333333333333332
3 0.9894490035169988 0.9208333333333333 0.021101992966002344 0.15416666666666667