2 0.4126611957796014 0.56875 0.08968347010550996 0.2677083333333333
2 0.17878077373974208 0.421875 0.06506447831184056 0.26145833333333335
2 0.44021101992966 0.3614583333333333 0.06037514654161782 0.253125
2 0.6189917936694022 0.5208333333333334 0.08147713950762016 0.28854166666666664
2 0.6992966002344666 0.403125 0.08440797186400938 0.2677083333333333
2 0.8130128956623681 0.590625 0.0779601406799531 0.26145833333333335
2 0.09202813599062133 0.7416666666666667 0.07327080890973037 0.33645833333333336
2 0.21688159437280188 0.2864583333333333 0.0697538100820633 0.25104166666666666
2 0.645369284876905 0.41770833333333335 0.06740914419695193 0.278125
3 0.11371629542790153 0.26979166666666665 0.05041031652989449 0.20729166666666668
3 0.44021101992966 0.3541666666666667 0.05509964830011723 0.20833333333333334
3 0.18933177022274325 0.878125 0.07561547479484174 0.24375
3 0.9730363423212193 0.5395833333333333 0.053927315357561546 0.2760416666666667
3 0.3909730363423212 0.5645833333333333 0.04044548651817116 0.25729166666666664