2 0.5389070992941756 0.43878754878110393 0.0867623347745129 0.26957419255655213
2 0.538730449955498 0.45440648854171756 0.09785935410098127 0.2905166101988408
2 0.86096942862001 0.3848411342557366 0.08338022548681424 0.22996661826567302
2 0.7783071136841969 0.40585558026286617 0.10101982190949611 0.23223175878059882
2 0.7760588098821417 0.43186694573260076 0.10341909007895407 0.23433933307147778
2 0.37847251933182535 0.3767285572407197 0.06560573952416397 0.2672726906053079
2 0.6117539324147695 0.4010094722771252 0.07095029870654736 0.29232117252039913
2 0.3124188220997014 0.539542995181017 0.06345379780516479 0.31931966250232263
2 0.27422972023807907 0.7370112041330892 0.06999637490137842 0.3006423853749595
2 0.3092775745788665 0.37497178232645645 0.057807309887975764 0.2380333010660042
3 0.5977293999552616 0.8486422542889352 0.07245024535518323 0.30271549142212945
3 0.34225062899603115 0.3138710031169214 0.06159732013737643 0.24848632916898944