2 0.40386869871043374 0.5583333333333333 0.11899179366940212 0.228125
2 0.5052754982415005 0.646875 0.045134818288393906 0.24479166666666666
2 0.6154747948417351 0.43645833333333334 0.047479484173505275 0.24166666666666667
2 0.6078546307151231 0.7833333333333333 0.049824150058616644 0.28854166666666664
2 0.6600234466588512 0.3854166666666667 0.041617819460726846 0.2125
2 0.42907385697538103 0.2864583333333333 0.04044548651817116 0.19166666666666668
2 0.31887456037514655 0.6052083333333333 0.056858147713950764 0.24791666666666667
2 0.31535756154747946 0.5208333333333334 0.0914419695193435 0.21354166666666666
2 0.46893317702227433 0.3697916666666667 0.045134818288393906 0.209375
3 0.24208675263774912 0.31145833333333334 0.044548651817116064 0.196875
3 0.9665885111371629 0.6291666666666667 0.05803048065650645 0.225
3 0.3704572098475967 0.859375 0.07327080890973037 0.28020833333333334