2 0.85052754982415 0.5177083333333333 0.05920281359906213 0.259375
2 0.7256740914419695 0.534375 0.05920281359906213 0.234375
2 0.5902696365767878 0.36770833333333336 0.044548651817116064 0.21354166666666666
2 0.36811254396248533 0.4864583333333333 0.08909730363423213 0.2375
2 0.2702227432590856 0.5375 0.05627198124267292 0.25833333333333336
2 0.6834701055099648 0.334375 0.06506447831184056 0.20833333333333334
2 0.32297772567409144 0.7145833333333333 0.10492379835873387 0.275
2 0.31008206330597887 0.609375 0.03985932004689332 0.26458333333333334
2 0.33177022274325907 0.38333333333333336 0.04337631887456037 0.22291666666666668
2 0.347010550996483 0.3020833333333333 0.06740914419695193 0.17395833333333333
3 0.5257913247362251 0.309375 0.043962485345838215 0.190625
3 0.727432590855803 0.834375 0.06330597889800703 0.27708333333333335