2 0.6237275599879257 0.6153072232653869 0.06088749044086906 0.2219726969021811
2 0.5673672106351378 0.7965322516973874 0.06454261115030172 0.2720211804583023
2 0.07863450149824118 0.5800643422448475 0.09177928025081603 0.28299540802036277
2 0.12525157543693763 0.6810824969233924 0.10530125271801712 0.26245297602375645
2 0.2556873093081205 0.4930513671758758 0.06462289840592307 0.2303787555696964
2 0.29858989862189395 0.4001377085189663 0.06091317541214375 0.17824693868024183
2 0.3242061901903402 0.34021799830254174 0.051235815478690105 0.21136209601102987
2 0.4994522741040818 0.45640274856775187 0.06017766074436183 0.1948893635688479
2 0.5033531050930745 0.39707623212387305 0.04929905055528033 0.18217118756630246
2 0.47063213875751264 0.5266785210056917 0.08109016188604945 0.23280147379587793
3 0.21715281586053206 0.7997127476129671 0.0849636917328688 0.2911832906853325
3 0.8205397562846166 0.7142199922023543 0.06462289840592327 0.2303787555696964
3 0.27653883036341886 0.25689605606829985 0.05761458572186358 0.18650754667939337