2 0.61957796014068 0.38125 0.05803048065650645 0.2375
2 0.4126611957796014 0.559375 0.05216881594372802 0.275
2 0.1910902696365768 0.35 0.06037514654161782 0.225
2 0.8305978898007034 0.6729166666666667 0.08147713950762016 0.29270833333333335
2 0.3212192262602579 0.490625 0.07327080890973037 0.20729166666666668
2 0.23270808909730364 0.4739583333333333 0.0697538100820633 0.21770833333333334
2 0.2608440797186401 0.5947916666666667 0.10785463071512309 0.30416666666666664
2 0.7057444314185228 0.275 0.03927315357561548 0.18854166666666666
2 0.8188745603751465 0.5697916666666667 0.07209847596717468 0.2625
2 0.7567409144196952 0.225 0.043962485345838215 0.17604166666666668
3 0.611957796014068 0.725 0.07327080890973037 0.24479166666666666
3 0.1201641266119578 0.296875 0.056858147713950764 0.18541666666666667