2 0.3563892145369285 0.6072916666666667 0.05451348182883939 0.2604166666666667
2 0.4114888628370457 0.6739583333333333 0.07502930832356389 0.25
2 0.5128956623681126 0.553125 0.07737397420867527 0.25416666666666665
2 0.406799531066823 0.346875 0.04689331770222743 0.16979166666666667
2 0.5099648300117233 0.43333333333333335 0.09437280187573271 0.21666666666666667
2 0.536928487690504 0.478125 0.05275498241500586 0.21354166666666666
2 0.6271981242672919 0.61875 0.0492379835873388 0.25729166666666664
2 0.6770222743259086 0.61875 0.03751465416178194 0.2552083333333333
2 0.6805392731535757 0.578125 0.050996483001172335 0.23854166666666668
2 0.7502930832356389 0.69375 0.0779601406799531 0.25833333333333336
3 0.20867526377491208 0.3541666666666667 0.03634232121922626 0.18958333333333333
3 0.9044548651817116 0.5979166666666667 0.04689331770222743 0.23958333333333334