2 0.821075443011202 0.6393735500148556 0.08176609670100299 0.24989479352495939
2 0.667552929942946 0.7774320190917052 0.062382163719890596 0.29053094044151206
2 0.7480886903025397 0.8450940118780035 0.09681542048940987 0.23609950470641933
2 0.5219941108989185 0.6652480129332339 0.06663491385624598 0.2574400823434997
2 0.5083091047163473 0.547286057448027 0.11380011488117757 0.19117545350553963
2 0.4013524731249183 0.7079197741716671 0.09147219646684919 0.27537974399560144
2 0.31172259552517867 0.7979131609050168 0.06925244326252449 0.27839465329449337
2 0.4361969855731142 0.5520557808577535 0.10071344804824801 0.1759253132750736
2 0.5692309584987624 0.41297480760209987 0.061481714100039206 0.2217809404415121
3 0.4866584441126217 0.8586120062471474 0.07805809340851903 0.23512960376513542
3 0.3278390276415264 0.46189030615004784 0.04485076208732593 0.20426561045122196