2 0.736023103508901 0.4197916666666667 0.110125053457871 0.33541666666666664
2 0.21005366587400157 0.8322916666666667 0.12184838288342772 0.33541666666666664
2 0.3228537854304529 0.575 0.16778080108288793 0.4
2 0.5074288011741513 0.2375 0.11007048998953825 0.31875
2 0.9481270912887365 0.2677083333333333 0.09957405697486957 0.33541666666666664
2 0.5321693883316786 0.7375 0.09611162161553513 0.35208333333333336
2 0.7446818204974144 0.81875 0.10290008366337293 0.27708333333333335
2 0.4183822599781841 0.4010416666666667 0.08423142221852217 0.30416666666666664
2 0.4011818387083537 0.6416666666666667 0.13011609738319163 0.3541666666666667
2 0.41321549786005185 0.546875 0.11722725544862059 0.35625
3 0.18689765707499797 0.3854166666666667 0.08889347225457875 0.29583333333333334
3 0.38152080418320533 0.9177083333333333 0.08963611788401572 0.16458333333333333