2 0.7479484173505275 0.534375 0.056858147713950764 0.35520833333333335
2 0.45545134818288396 0.321875 0.04865181711606096 0.22083333333333333
2 0.31359906213364597 0.6260416666666667 0.05861664712778429 0.2916666666666667
2 0.21277842907385697 0.746875 0.0615474794841735 0.278125
2 0.48417350527549824 0.4479166666666667 0.0615474794841735 0.22395833333333334
2 0.5287221570926143 0.61875 0.08206330597889801 0.24270833333333333
2 0.5967174677608441 0.7072916666666667 0.06858147713950762 0.2833333333333333
2 0.6072684642438453 0.5322916666666667 0.10375146541617819 0.284375
2 0.634232121922626 0.23020833333333332 0.07502930832356389 0.203125
2 0.5967174677608441 0.44583333333333336 0.053341148886283704 0.178125
3 0.7895662368112544 0.23020833333333332 0.04572098475967175 0.215625
3 0.07854630715123095 0.609375 0.05509964830011723 0.25729166666666664
3 0.9765533411488863 0.8947916666666667 0.04689331770222743 0.20729166666666668