2 0.4806565064478312 0.44583333333333336 0.07561547479484174 0.21666666666666667
2 0.35990621336459555 0.353125 0.07678780773739742 0.178125
2 0.05041031652989449 0.4427083333333333 0.10082063305978899 0.215625
2 0.4138335287221571 0.3177083333333333 0.05920281359906213 0.18229166666666666
2 0.5404454865181711 0.559375 0.04865181711606096 0.259375
2 0.5844079718640094 0.46458333333333335 0.07620164126611957 0.21875
2 0.5826494724501758 0.48020833333333335 0.0779601406799531 0.24166666666666667
2 0.27256740914419697 0.68125 0.06740914419695193 0.24270833333333333
3 0.20164126611957797 0.8916666666666667 0.10082063305978899 0.2125
3 0.9677608440797186 0.6645833333333333 0.06447831184056271 0.25833333333333336
3 0.09085580304806565 0.31875 0.06330597889800703 0.23229166666666667