2 0.11920440216150761 0.7039877494605792 0.13293024253095992 0.29760466017164805
2 0.6825801076686878 0.5054281434067635 0.1247288969197317 0.25780313852671194
2 0.8768669070726983 0.6492643236039866 0.10028923823769974 0.30283644805083537
2 0.258298521249083 0.3562376304145293 0.1097393111175679 0.2261167619035066
2 0.29077763988402056 0.5456807770600146 0.12929036497109353 0.29332889934918
2 0.565179942768135 0.6537290054183738 0.062221629781020624 0.28292277705562086
2 0.3268492787055408 0.35515196104306945 0.06094137306624984 0.1600788398261551
2 0.5837064673446116 0.7801214090982985 0.08838657570050516 0.2566758322500978
2 0.43402309140690576 0.33517610498376155 0.09122275651441428 0.27341522835396553
2 0.4406427782226075 0.22985867749462685 0.0630917508797392 0.23299550649282175
3 0.6894696671190143 0.8278357040130238 0.09140707461271337 0.2796652283539655
3 0.7637226329191713 0.29580913474966775 0.06741244645336375 0.22064096536722363
3 0.03433142822612656 0.2789537505416177 0.06866285645225312 0.2499530909082921