2 0.518757327080891 0.6614583333333334 0.07209847596717468 0.2677083333333333
2 0.6547479484173505 0.778125 0.06858147713950762 0.290625
2 0.6553341148886284 0.509375 0.06096131301289566 0.23645833333333333
2 0.34466588511137164 0.34270833333333334 0.05803048065650645 0.225
2 0.9167643610785463 0.5760416666666667 0.05861664712778429 0.259375
2 0.6916764361078547 0.40729166666666666 0.05568581477139507 0.22916666666666666
2 0.9859320046893317 0.4375 0.02637749120750293 0.221875
2 0.3757327080890973 0.290625 0.04689331770222743 0.19895833333333332
2 0.25791324736225085 0.490625 0.10199296600234467 0.24583333333333332
2 0.26025791324736225 0.5239583333333333 0.09613130128956623 0.21979166666666666
3 0.4091441969519343 0.846875 0.04865181711606096 0.26458333333333334
3 0.8698710433763188 0.25729166666666664 0.04630715123094959 0.21354166666666666
3 0.28311840562719814 0.25 0.05275498241500586 0.18541666666666667