2 0.3686987104337632 0.6447916666666667 0.11430246189917936 0.24270833333333333
2 0.5744431418522861 0.6364583333333333 0.08675263774912075 0.26666666666666666
2 0.35580304806565066 0.43020833333333336 0.06623681125439625 0.21666666666666667
2 0.4490035169988277 0.7177083333333333 0.07913247362250879 0.24166666666666667
2 0.9173505275498242 0.6520833333333333 0.047479484173505275 0.24270833333333333
2 0.5439624853458382 0.4552083333333333 0.07209847596717468 0.19270833333333334
2 0.7180539273153576 0.5197916666666667 0.06740914419695193 0.25416666666666665
2 0.2250879249706917 0.6104166666666667 0.11723329425556858 0.259375
2 0.27667057444314186 0.4822916666666667 0.08968347010550996 0.25104166666666666
2 0.27549824150058616 0.39166666666666666 0.08499413833528723 0.203125
3 0.45720984759671746 0.33229166666666665 0.04630715123094959 0.18333333333333332