2 0.2391559202813599 0.525 0.07033997655334115 0.21354166666666666
2 0.6236811254396248 0.5760416666666667 0.08909730363423213 0.23645833333333333
2 0.3452520515826495 0.3802083333333333 0.03575615474794842 0.23854166666666668
2 0.5873388042203986 0.5291666666666667 0.07033997655334115 0.225
2 0.49413833528722156 0.5604166666666667 0.08382180539273154 0.25729166666666664
2 0.5515826494724502 0.4708333333333333 0.04865181711606096 0.221875
2 0.5621336459554513 0.41875 0.04865181711606096 0.196875
2 0.6060961313012896 0.48125 0.04865181711606096 0.22083333333333333
3 0.13012895662368112 0.8833333333333333 0.0984759671746776 0.23333333333333334
3 0.9665885111371629 0.6760416666666667 0.06096131301289566 0.25
3 0.46776084407971863 0.34791666666666665 0.04865181711606096 0.209375