2 0.3704572098475967 0.6510416666666666 0.07913247362250879 0.25104166666666666
2 0.1271981242672919 0.715625 0.06037514654161782 0.31354166666666666
2 0.2889800703399766 0.44479166666666664 0.07209847596717468 0.21666666666666667
2 0.3452520515826495 0.45729166666666665 0.045134818288393906 0.228125
2 0.5205158264947245 0.49895833333333334 0.09613130128956623 0.2625
2 0.7567409144196952 0.759375 0.11019929660023446 0.2947916666666667
2 0.5732708089097304 0.48854166666666665 0.06740914419695193 0.24479166666666666
2 0.7409144196951934 0.68125 0.09320046893317702 0.25729166666666664
2 0.5351699882766706 0.4791666666666667 0.06858147713950762 0.240625
3 0.46600234466588514 0.8677083333333333 0.06799531066822978 0.2635416666666667
3 0.02813599062133646 0.36770833333333336 0.05627198124267292 0.23229166666666667
3 0.6172332942555686 0.31666666666666665 0.04689331770222743 0.20416666666666666