2 0.2661195779601407 0.5333333333333333 0.07737397420867527 0.221875
2 0.28077373974208675 0.3958333333333333 0.047479484173505275 0.178125
2 0.5656506447831184 0.628125 0.05803048065650645 0.22604166666666667
2 0.9144196951934349 0.603125 0.07913247362250879 0.234375
2 0.701641266119578 0.5125 0.045134818288393906 0.225
2 0.5849941383352872 0.48854166666666665 0.05920281359906213 0.1875
2 0.3898007033997655 0.7447916666666666 0.03927315357561548 0.23645833333333333
2 0.8909730363423212 0.403125 0.047479484173505275 0.17916666666666667
2 0.9484173505275498 0.353125 0.043962485345838215 0.17604166666666668
3 0.02637749120750293 0.39895833333333336 0.05041031652989449 0.15833333333333333
3 0.8241500586166471 0.7260416666666667 0.050996483001172335 0.11875