2 0.2268464243845252 0.434375 0.06037514654161782 0.19583333333333333
2 0.3745603751465416 0.5802083333333333 0.07913247362250879 0.3072916666666667
2 0.5550996483001173 0.528125 0.05861664712778429 0.234375
2 0.48417350527549824 0.47291666666666665 0.06740914419695193 0.22916666666666666
2 0.3300117233294256 0.4354166666666667 0.06096131301289566 0.16458333333333333
2 0.32708089097303633 0.44166666666666665 0.06506447831184056 0.21145833333333333
2 0.9695193434935522 0.6145833333333334 0.05920281359906213 0.28229166666666666
2 0.7268464243845252 0.36770833333333336 0.06330597889800703 0.215625
2 0.7192262602579133 0.31875 0.04806565064478312 0.20104166666666667
3 0.8452520515826495 0.7947916666666667 0.06858147713950762 0.2864583333333333
3 0.03048065650644783 0.3770833333333333 0.06096131301289566 0.20520833333333333
3 0.9073856975381008 0.36041666666666666 0.05451348182883939 0.203125