2 0.5924849051229915 0.44369962489229925 0.09505777842119897 0.22177873067761358
2 0.7786982302633058 0.4570851143505116 0.07878156284435728 0.2299423773081274
2 0.48688338919035185 0.41239438823002544 0.05754312425941689 0.2213908753568833
2 0.7017820115677695 0.6073571306151039 0.07215690204583705 0.25486965443549037
2 0.40363872922733 0.5553080751947006 0.07905445408223312 0.24660904397479394
2 0.6605313828983229 0.4412776126611231 0.056234345697923425 0.21304542154477701
2 0.570321934470205 0.29344509483807 0.05106745426141778 0.1838302729630191
2 0.9579224522645962 0.43185015403003385 0.07371700562205517 0.20697722872636948
2 0.4273923907210541 0.5368004847701571 0.051191354698772486 0.26298481915091304
2 0.4437413396281489 0.4692497176608704 0.06430423067687517 0.2047969315628535
3 0.4889775057499772 0.7499731713420488 0.06050179542974908 0.25891511631442893
3 0.3729436075616686 0.31745052107090227 0.04472822988235672 0.15460300390248835