2 0.5117233294255569 0.5833333333333334 0.08147713950762016 0.3
2 0.283704572098476 0.42291666666666666 0.0914419695193435 0.259375
2 0.4296600234466589 0.32916666666666666 0.08616647127784291 0.25
2 0.5228604923798359 0.32708333333333334 0.05158264947245018 0.22395833333333334
2 0.07678780773739742 0.45625 0.0873388042203986 0.2791666666666667
2 0.6143024618991794 0.5489583333333333 0.06330597889800703 0.296875
2 0.6441969519343493 0.5052083333333334 0.08558030480656506 0.253125
2 0.6576787807737398 0.546875 0.06506447831184056 0.26666666666666666
2 0.6014067995310668 0.475 0.05275498241500586 0.24791666666666667
3 0.753810082063306 0.38645833333333335 0.05275498241500586 0.23020833333333332
3 0.5205158264947245 0.8791666666666667 0.06096131301289566 0.24166666666666667