2 0.26236427384947214 0.5888230269771756 0.08795519763918207 0.27432462208666664
2 0.38142526359762907 0.4891581030923142 0.08056647740633077 0.24695034802388907
2 0.4551735836694019 0.4496691371606012 0.08411076258611448 0.24917915172194446
2 0.6136154021039466 0.4743487256873139 0.08773690682224859 0.2576579554200002
2 0.5490440385271329 0.26047024101115657 0.07680390140961324 0.22805487765916677
2 0.5019709090399893 0.49978862057018436 0.13604813463608192 0.27839605040453724
2 0.5642824063834307 0.4389095558542121 0.08427448069881471 0.26167915172194456
2 0.5239460652737264 0.43224913171518436 0.07385991597639711 0.2716594072944446
2 0.5621116710924576 0.7388368206718511 0.1286603946016935 0.3405566195535187
2 0.5368714644901132 0.2057952990151381 0.06696136988318359 0.19225029001990754
3 0.7678624738009899 0.14835032345916552 0.06355351646398331 0.2004381529885186
3 0.7994818056078673 0.731100904386434 0.09422615763371113 0.30581707269453723
3 0.09465195708448582 0.6457328693014813 0.061018826312518024 0.27529268262379625