2 0.6523418246844804 0.6731322090493865 0.13744210483442218 0.31521507914278646
2 0.19058037781306922 0.2686317102694524 0.11140514748746973 0.3021817600254534
2 0.43993000174454006 0.4113436925524799 0.10202648394702431 0.30198782580096867
2 0.7258620014643641 0.4829079281773252 0.08859861758900216 0.2746378329089688
2 0.2573419473860614 0.2731384916189062 0.1074378222068024 0.2791923680246049
2 0.8440648024499287 0.40615331842768754 0.08269601410776922 0.27243329068533245
2 0.5284988118007503 0.5892883387969031 0.12619514928769338 0.27958023647357444
2 0.21763146622282117 0.6526801760555733 0.10735594466989326 0.27502570135793813
2 0.27945993904457617 0.5799702942923605 0.09786935616671091 0.32897419202205974
2 0.4980069992111016 0.4698595690112065 0.10137146365175119 0.26865449246763534
3 0.4386738987878239 0.8280551938255736 0.12415194612439083 0.3438896123488528
3 0.16611956305161765 0.200390057818786 0.08576268648243608 0.24958934935284763