2 0.42028135990621335 0.4739583333333333 0.08147713950762016 0.2947916666666667
2 0.24912075029308323 0.634375 0.10082063305978899 0.35
2 0.5685814771395076 0.5416666666666666 0.08382180539273154 0.38333333333333336
2 0.7450175849941383 0.753125 0.08206330597889801 0.271875
2 0.824736225087925 0.7239583333333334 0.08499413833528723 0.35833333333333334
2 0.3311840562719812 0.43333333333333335 0.07678780773739742 0.2552083333333333
2 0.32063305978898005 0.6666666666666666 0.0615474794841735 0.3
2 0.18112543962485345 0.6177083333333333 0.070926143024619 0.35
2 0.94021101992966 0.4354166666666667 0.09788980070339977 0.2760416666666667
3 0.22919109026963658 0.44583333333333336 0.05509964830011723 0.253125
3 0.5052754982415005 0.8604166666666667 0.06096131301289566 0.2791666666666667