2 0.5132679928724362 0.6222761842282434 0.10471456463710771 0.28658224332838456
2 0.18982391284901706 0.6639621197037415 0.06582294605647221 0.26214587516934224
2 0.7768234396520245 0.8843424430860991 0.10960852788362858 0.23131511382780184
2 0.6127073634672138 0.49104091134978833 0.058625243220099744 0.2448241112616375
2 0.7640594564611766 0.7559488029517596 0.06983106042725432 0.31247342378986126
2 0.15069103454298158 0.7342082353378595 0.06592526179462115 0.27256254183600886
2 0.6929903756023195 0.3174337124952318 0.06183529483331973 0.2139016598821565
2 0.5592375021674941 0.5922139077317436 0.057391520834654645 0.23846492838813116
2 0.6205819856568692 0.33878937433783896 0.06039694097157677 0.18670914367531685
3 0.5078241872045691 0.8831038380059645 0.07178692650739957 0.23379232398807115
3 0.25242125058913795 0.23997721016026935 0.04904194820335626 0.22311731494025341