2 0.4736582547835349 0.37328686144702505 0.10823740925612622 0.239706001803514
2 0.39312959829499095 0.6059649369827835 0.08124646891973915 0.23498177424145367
2 0.6198055060694768 0.5846140543708417 0.09560093213527353 0.27902267557818067
2 0.16168974210912254 0.7053317315934529 0.08511814229628806 0.28922116624230204
2 0.35410116730331714 0.46351041252914765 0.061234960923473566 0.22206966401442366
2 0.6709789156778326 0.5231806926055077 0.09556000814886387 0.2727726755781807
2 0.6943156225640061 0.32785643661144687 0.05893121902477159 0.22827118045830244
2 0.2175380208243829 0.4627695787184219 0.08244608451990114 0.23917268268618094
2 0.4204398778564795 0.3909338605452681 0.08233695388947591 0.22250601601951417
2 0.6781276326262209 0.27232083927429557 0.057526983492562495 0.19283027201357517
3 0.3697587880868096 0.7960808596435112 0.07443073252525535 0.2681696569064234
3 0.9748397920545493 0.420108554901262 0.05032041589090144 0.23643482134521154
3 0.45510513696743365 0.3145777805537525 0.05169260143739024 0.1968757297899388