2 0.04255632079718446 0.44806548880651803 0.05267335543410748 0.25499339745764565
2 0.29462682720778577 0.642086714085574 0.0878652334400984 0.30918652728110535
2 0.6539737245227325 0.432807698224132 0.07293739780567947 0.27081350804381177
2 0.17401089070463224 0.7055357597034647 0.09238537931214133 0.3531547820904289
2 0.41773871521314443 0.7769908447529966 0.08913310419640416 0.31342594555087994
2 0.5351003818764436 0.7018652109924491 0.08274598150800037 0.2901455208686741
2 0.3893499169886126 0.4278605450566546 0.08784334371077804 0.2571759455508799
2 0.7506971764559279 0.5921529602898495 0.08119149731044444 0.27340610259889975
2 0.4289773479175566 0.31244388722121724 0.05279477242541218 0.20923281572742017
2 0.7047114679843265 0.5496595628322039 0.11114669584126678 0.25238097761303613
3 0.651953519601129 0.776921456239671 0.07748342285527726 0.26485451445624286
3 0.9631372337334254 0.517711873047701 0.05901270921563621 0.27619048880651803
3 0.18406824032594568 0.3181085113065727 0.04126251862735558 0.2168386330296753