2 0.42145369284876905 0.446875 0.050996483001172335 0.265625
2 0.865767878077374 0.490625 0.09085580304806565 0.19166666666666668
2 0.24208675263774912 0.5052083333333334 0.04220398593200469 0.25729166666666664
2 0.7338804220398594 0.653125 0.07502930832356389 0.3125
2 0.3311840562719812 0.33541666666666664 0.04689331770222743 0.209375
2 0.7596717467760844 0.46145833333333336 0.0697538100820633 0.23020833333333332
2 0.08499413833528723 0.540625 0.07444314185228605 0.2989583333333333
2 0.5334114888628371 0.37604166666666666 0.043962485345838215 0.20729166666666668
2 0.5480656506447831 0.525 0.07971864009378664 0.24166666666666667
2 0.5474794841735052 0.534375 0.05509964830011723 0.2708333333333333
3 0.8675263774912075 0.31354166666666666 0.04865181711606096 0.21145833333333333
3 0.21922626025791325 0.30833333333333335 0.045134818288393906 0.21041666666666667
3 0.2895662368112544 0.7479166666666667 0.0615474794841735 0.3125