2 0.2521799521488982 0.3893047851700004 0.052527976406331174 0.2285742867959519
2 0.3545171872712192 0.22571093722507204 0.0627924015101503 0.2143182359300227
2 0.42894357015116547 0.378111008652702 0.05802119220301854 0.2100061103889542
2 0.5862482991196752 0.6706657045381649 0.054779608671332455 0.34315762012928513
2 0.5372019856616954 0.6295368706643124 0.11373492202995426 0.24296525216317566
2 0.5062579789893334 0.6223232056214004 0.11196339890320686 0.27205918939264107
2 0.4552763873307879 0.5602883089770134 0.08759003972026488 0.2837955303020318
2 0.6237127260595147 0.4654520990182779 0.07362996937233351 0.22922885173076005
2 0.6194979253859453 0.2620725459880747 0.059316341450938004 0.21629247510755464
2 0.861160398996522 0.3508682250976688 0.05907070884021045 0.20379247510755458
3 0.4198477178829377 0.8708375243453355 0.07140811979258592 0.23540612229355914
3 0.0880533401911022 0.38421372456593694 0.06772736589110052 0.2269636948044244