2 0.43819841260426706 0.5566437067684801 0.1278058502113778 0.32119841958411993
2 0.33630090790748385 0.7762763422978752 0.11158747708722022 0.24799085158072623
2 0.6214858827461824 0.29601178325902355 0.09406392231498463 0.24971055824315064
2 0.9617903826275567 0.8832792969976314 0.07641923474488657 0.23344140600473723
2 0.2672760829755436 0.620776377837876 0.09757095116932878 0.3289014666878778
2 0.3667550199544622 0.49790965430720824 0.10806050828623025 0.3270363093570899
2 0.2926597645890473 0.4287104516231484 0.0897996811207984 0.3037560160195143
2 0.40026116035977943 0.48194599920429876 0.08862734817824271 0.3037317742414537
2 0.41004665725986517 0.4363429627625411 0.07043294536557182 0.24297572268193868
2 0.2915007038762264 0.568184696955209 0.09029119604959586 0.32042268268618085
3 0.4947634454805353 0.9200248827179976 0.0893845605180848 0.15995023456400476
3 0.28629331271773656 0.2724240889560575 0.07204033885748679 0.21802420623805988