2 0.8253223915592028 0.6854166666666667 0.07444314185228605 0.30625
2 0.7069167643610785 0.6166666666666667 0.06565064478311841 0.28125
2 0.5920281359906213 0.7041666666666667 0.0697538100820633 0.30416666666666664
2 0.5627198124267292 0.6354166666666666 0.059788980070339975 0.2864583333333333
2 0.41324736225087927 0.5520833333333334 0.07913247362250879 0.25833333333333336
2 0.205158264947245 0.6979166666666666 0.10316529894490035 0.3072916666666667
2 0.10316529894490035 0.6989583333333333 0.07151230949589683 0.309375
2 0.17936694021101993 0.603125 0.08792497069167643 0.278125
2 0.11664712778429073 0.53125 0.07561547479484174 0.24166666666666667
3 0.48534583821805394 0.7895833333333333 0.07678780773739742 0.24479166666666666
3 0.6992966002344666 0.41354166666666664 0.043962485345838215 0.19791666666666666