2 0.3553902728752146 0.6422337667791642 0.08582667005953666 0.21928492640589922
2 0.15141157220218435 0.7392044101749434 0.08747644951020252 0.2922379577911665
2 0.37172026476366027 0.45002162933349077 0.06957770480939476 0.243775820345493
2 0.5952069762690122 0.5566539994660713 0.07802957932574132 0.2815303733756963
2 0.6610349583265714 0.5817009085577793 0.08476346774740634 0.2359152283539655
2 0.12351266216587298 0.4181294339841533 0.05540057886830148 0.22667277705562086
2 0.7325801391427037 0.3158864469785842 0.07299921433544009 0.22930158116796093
2 0.8090814789752351 0.2697545579102546 0.05754062482136572 0.19549550649282174
2 0.7441806966090322 0.2967727997925797 0.06940036753495397 0.21669248701215965
2 0.6491803936083547 0.20386682630658287 0.05287857570874915 0.19951671428508663
3 0.2250715696500619 0.8859081309550485 0.07877903107539946 0.2169834047609631
3 0.3728781350428979 0.2686988998962898 0.0539417780208796 0.18288641233702047