2 0.25528469643615753 0.7333333333333333 0.11251534798216437 0.35625
2 0.3368184999524325 0.371875 0.06578356626204121 0.22291666666666668
2 0.5604511933203555 0.81875 0.14075367281770443 0.3625
2 0.4811707152780946 0.46979166666666666 0.07326101217892371 0.25
2 0.16350083718023065 0.36041666666666666 0.10049756109558038 0.26666666666666666
2 0.5010770470083824 0.4354166666666667 0.06746757027561417 0.25416666666666665
2 0.6472263836733965 0.459375 0.05278556967972539 0.21666666666666667
2 0.5773271069308272 0.6114583333333333 0.08932001414577538 0.3
2 0.10880425314613565 0.3 0.05297769292654899 0.3
3 0.7356018509066514 0.8614583333333333 0.07594679211137993 0.2708333333333333
3 0.8256750644073618 0.33645833333333336 0.055403126802712324 0.23333333333333334