2 0.15589697595276122 0.6637441941009607 0.09065983224619406 0.3379452638537387
2 0.4477124173435656 0.41717434408970644 0.06216517540158231 0.24414387537863375
2 0.49640822637241117 0.5541120973296764 0.06906632435139412 0.3195320066165316
2 0.5794180477761119 0.38016796995242397 0.056487828787103116 0.24990871133126133
2 0.6862182392942172 0.41518501709972105 0.08072821441085154 0.31841900137794305
2 0.6984920305213407 0.4528048720763802 0.07074014219607032 0.25732310504495515
2 0.4849398146214948 0.24493116294862533 0.09074121155893959 0.18208339509163676
2 0.5267269972205365 0.3667775966407048 0.06524711367989008 0.26933794099758274
2 0.6555482797028088 0.45113823628886524 0.07012076354841205 0.27597607223548054
3 0.5600629015203706 0.7200937901892858 0.08029813884815351 0.30383566804460976
3 0.024799134668388186 0.2830165406673573 0.034894320892303085 0.23149545409405406
3 0.7281631955320885 0.26343555445881256 0.04940236173899195 0.16827058009336338