2 0.6370963131967867 0.7549558593370143 0.10293418583108067 0.29699890999505124
2 0.47960811374891404 0.6194920209538318 0.06300666144877175 0.27245335896250256
2 0.5818700960628537 0.5321705223856362 0.07005429997118898 0.277275122870207
2 0.704944593730576 0.5373847241038016 0.09688836941268004 0.24020299562751954
2 0.6464503235932432 0.39031350519857116 0.06523537996367652 0.23725505804284855
2 0.1929454275598826 0.5844634750481994 0.09324860278126476 0.20237544700700053
2 0.40696400309841413 0.4461106075665255 0.04994730867566162 0.2212523473539328
2 0.05021749742714702 0.6617681644804264 0.09574331820429058 0.24842714608734653
2 0.9567261830352115 0.4494553000110836 0.08654763392957705 0.2455795326394689
2 0.9745876001386286 0.38546804311367855 0.04993366780857863 0.2170856806872661
3 0.7265266456346653 0.32800086536708856 0.06624402250123476 0.18736424091635479
3 0.021158119687522018 0.7350802593094348 0.034822927792644315 0.255249636665017