2 0.7432590855803048 0.4395833333333333 0.07737397420867527 0.165625
2 0.1365767878077374 0.5760416666666667 0.0492379835873388 0.2625
2 0.21101992966002345 0.53125 0.06858147713950762 0.24270833333333333
2 0.20691676436107856 0.7322916666666667 0.049824150058616644 0.28854166666666664
2 0.6711606096131302 0.5572916666666666 0.0627198124267292 0.221875
2 0.26436107854630714 0.653125 0.053927315357561546 0.2677083333333333
2 0.6518171160609613 0.43854166666666666 0.053341148886283704 0.19166666666666668
2 0.8522860492379836 0.6322916666666667 0.05627198124267292 0.24479166666666666
2 0.4361078546307151 0.2989583333333333 0.05803048065650645 0.16666666666666666
2 0.3962485345838218 0.35208333333333336 0.044548651817116064 0.1875
3 0.01817116060961313 0.5802083333333333 0.03634232121922626 0.228125
3 0.604337631887456 0.2947916666666667 0.03575615474794842 0.159375
3 0.731535756154748 0.828125 0.06330597889800703 0.2708333333333333