2 0.406425479261593 0.2875 0.10711031205916584 0.2604166666666667
2 0.6054317728574518 0.48125 0.10885578776008538 0.28958333333333336
2 0.23479778422312278 0.46041666666666664 0.11317667061421711 0.2708333333333333
2 0.7235471182645066 0.346875 0.09758278478752912 0.3125
2 0.4816687947284561 0.15729166666666666 0.09327305801659826 0.2125
2 0.08944523347101913 0.6385416666666667 0.07806251244862795 0.3333333333333333
2 0.8479186247262586 0.2520833333333333 0.09857647131363949 0.24375
2 0.5093116276510863 0.6 0.13174419519546202 0.32083333333333336
2 0.06086638691553424 0.303125 0.0671691144753634 0.25625
3 0.022096588459430987 0.8270833333333333 0.04419317691886197 0.24583333333333332
3 0.22460037016112433 0.17395833333333333 0.06242395259405923 0.19375