2 0.11781946072684643 0.5666666666666667 0.11547479484173505 0.221875
2 0.847010550996483 0.596875 0.049824150058616644 0.21354166666666666
2 0.7778429073856975 0.4010416666666667 0.047479484173505275 0.18645833333333334
2 0.1735052754982415 0.5625 0.06389214536928488 0.21145833333333333
2 0.634232121922626 0.48125 0.05041031652989449 0.190625
2 0.6318874560375146 0.478125 0.049824150058616644 0.23020833333333332
2 0.5984759671746777 0.36875 0.029894490035169988 0.20729166666666668
2 0.8329425556858148 0.3770833333333333 0.04279015240328253 0.22083333333333333
2 0.6154747948417351 0.30833333333333335 0.031066822977725676 0.18020833333333333
3 0.7139507620164126 0.74375 0.049824150058616644 0.2125
3 0.05041031652989449 0.3614583333333333 0.041617819460726846 0.18020833333333333
3 0.8569753810082064 0.35 0.04044548651817116 0.16770833333333332