2 0.6748348637286903 0.5246128085144435 0.12359607655285951 0.2923005220358334
2 0.5839919031662618 0.5502215478756473 0.11380951205071269 0.32103077760833354
2 0.16725960486103267 0.8119847570932405 0.13371348710288453 0.36555661955351865
2 0.4639546721213309 0.43864634397425856 0.09562389278456335 0.29738675911805573
2 0.2962178447130568 0.7619076671749995 0.10699392353276532 0.32907317021222227
2 0.03637918906446336 0.7616990420468518 0.07275837812892672 0.32863675911805573
2 0.5845716918354972 0.3493738416952769 0.08035464721826739 0.2509715443258334
2 0.45436244795619474 0.31313806864490673 0.09851134917134445 0.228830719604352
2 0.6134961832380637 0.4074880985343509 0.07823162281234025 0.3486942505062038
3 0.6206248399240029 0.8057190800440731 0.10944779398657 0.3333368171220371
3 0.7600571082267565 0.24430488209643406 0.06451369383722956 0.22742450607870382