2 0.6546195237736514 0.47807602040798686 0.133785272723739 0.11920100799447463
2 0.7756026772189107 0.6319144061272058 0.09336663662719695 0.34666672842497
2 0.5291868543366188 0.6168261130454421 0.09410904940787722 0.3280137612344445
2 0.6180144735666124 0.4696257041683623 0.061643988541998034 0.2899772087119672
2 0.5677733429348978 0.4299510821662903 0.07403608266380533 0.3201142034733785
2 0.5658974159779938 0.3737495985710276 0.05803145190058091 0.285519443616877
2 0.4290121249996858 0.32037355473199625 0.056333660982399746 0.2625057441407358
2 0.461579679095741 0.4857045842332049 0.07568610467511147 0.3410445696161863
2 0.40908645442447356 0.21974571354078007 0.055065790226093994 0.2582420446645947
2 0.3725191995037237 0.4690722280151946 0.06563867643841541 0.31110164047372385
3 0.3999963468134269 0.7965893369207951 0.08580718099623735 0.3231678649014564
3 0.5310548546330227 0.262876334164909 0.07123960688749831 0.24918383733057065