2 0.8849551775561088 0.5576239884801376 0.08690985530259764 0.2658458183886111
2 0.17447165073637097 0.5380991589422682 0.10832035143917054 0.3312534837887038
2 0.749077023070411 0.6860442839454618 0.11901465464279681 0.3379398948828706
2 0.3810848726191876 0.4150785444550457 0.1166958679352401 0.2878914047612965
2 0.715644615722328 0.4584777912907397 0.07186060267687384 0.27354878014148165
2 0.4924346124326574 0.46250682611726773 0.09973186958628036 0.3142473862710188
2 0.42455672930749805 0.4091177432901382 0.10525915195093356 0.2999065035455556
2 0.4072563538862958 0.3463519185686568 0.10224572136957162 0.27064285663574084
2 0.4554653112517041 0.3381138235841197 0.0720297885750536 0.22984727026305574
2 0.5133325901823822 0.44499158232305475 0.12361642749573808 0.1299944825221298
3 0.6533079780306419 0.7763818270047212 0.09504253781605762 0.3140534257847224
3 0.7550202625281193 0.32468293085527666 0.07920709295101282 0.2363882109925001
3 0.04389385018968563 0.3842762778624999 0.07556867713204105 0.28202758383953713