2 0.24491138018106043 0.24292946504527382 0.06538072185734024 0.25241580106440364
2 0.32476743223389365 0.3372418800519082 0.06889772068500723 0.25267046904918117
2 0.5480164690320961 0.44932279701092154 0.08312943410837569 0.2661891409882916
2 0.8360717439954934 0.6265689122464758 0.10308736068240211 0.3592140369071051
2 0.7094856022539016 0.5033179590394127 0.09730657482751083 0.27554114626073506
2 0.5913791447305982 0.44514022519866486 0.0854740999934872 0.2663589196448098
2 0.6215455180884722 0.3741406579997964 0.07151525009128575 0.27367358103903283
2 0.5916364046787809 0.28559544654214647 0.06658034115201265 0.25458402372599614
2 0.5119586941131693 0.2944929208637713 0.09899636826182102 0.22571092491725342
2 0.506805004257731 0.21458170017934514 0.0695788992894621 0.21525535837744042
3 0.03787280743391966 0.3382056541446131 0.0631452013806957 0.26057935574121865
3 0.7605069211110331 0.27753804993949 0.05815571973718904 0.23732313176151518