2 0.8470142470018004 0.7540143489685941 0.1171258062941733 0.34879632377123165
2 0.9038928567089559 0.7536108962178653 0.1373146515648798 0.3896164343573979
2 0.6155245928288335 0.4171956207095038 0.10702415232716114 0.23779764427970265
2 0.6176578181174961 0.38475845083662147 0.0765844198071227 0.24215610259889964
2 0.4225121278327854 0.40416325942073816 0.11081397773089101 0.2796825657556928
2 0.4875978894723457 0.5824899637180293 0.08524091425551637 0.3114153638206543
2 0.217409249535268 0.6044675415677123 0.12505931031600023 0.3076389183263198
2 0.06850809250012027 0.34276453442440885 0.09445588185032407 0.2869973766455168
2 0.1381527719517584 0.32176914737282764 0.0778522420513004 0.2568121875353408
2 0.028157684616313655 0.2702380889300743 0.049825382060389126 0.27173281572742014
3 0.29336370421390096 0.20375985082615586 0.060021703994508485 0.21822091348872372
3 0.20957846614672226 0.7518881785910209 0.08357749347604736 0.2363426122175466