2 0.09261430246189918 0.6166666666666667 0.0738569753810082 0.2916666666666667
2 0.3182883939038687 0.634375 0.070926143024619 0.275
2 0.4144196951934349 0.8739583333333333 0.08323563892145369 0.2520833333333333
2 0.5468933177022274 0.8572916666666667 0.05744431418522861 0.28541666666666665
2 0.7467760844079718 0.8395833333333333 0.07209847596717468 0.3020833333333333
2 0.6998827667057445 0.678125 0.05803048065650645 0.253125
2 0.47479484173505276 0.553125 0.06389214536928488 0.26458333333333334
2 0.5545134818288394 0.43333333333333335 0.041617819460726846 0.26458333333333334
2 0.3030480656506448 0.365625 0.07737397420867527 0.22708333333333333
3 0.6037514654161782 0.8833333333333333 0.08382180539273154 0.23229166666666667
3 0.7479484173505275 0.396875 0.049824150058616644 0.22916666666666666