2 0.15123094958968347 0.4927031076502776 0.1488862837045721 0.2624082454399076
2 0.18347010550996484 0.7215779626403237 0.08909730363423213 0.30160191590629637
2 0.30011723329425555 0.8198781955437032 0.11137162954279015 0.3316898948828706
2 0.36518171160609614 0.3432286604630087 0.10199296600234467 0.22713530724361122
2 0.5193434935521688 0.3274772094760177 0.06447831184056271 0.21308362335324085
2 0.6096131301289566 0.43207680344814725 0.12075029308323564 0.25082781585546315
2 0.5011723329425557 0.5542704730270827 0.08792497069167643 0.2828034257847224
2 0.8810082063305978 0.5198096736370821 0.08206330597889801 0.320060975176852
2 0.8042203985932005 0.394860776600184 0.08206330597889801 0.307560975176852
2 0.8223915592028136 0.33681751304911917 0.05509964830011723 0.2897790357139815
3 0.7919109026963658 0.8005782562100452 0.07854630715123095 0.25949883814546315
3 0.1541617819460727 0.3832068823463423 0.05041031652989449 0.18541840856101857
3 0.8692848769050411 0.22446124151948943 0.07033997655334115 0.23415940729444457