2 0.7192745716217697 0.6270206709995719 0.08665313020581972 0.26953044234466433
2 0.2766546733788118 0.708750061818605 0.13929890805213202 0.2686375978178489
2 0.4146671085254462 0.45940155146908584 0.07754424574531023 0.1899272660593508
2 0.5199602803889698 0.5023347774790141 0.060559876734788874 0.2117526586794002
2 0.3210507446576263 0.6387070834746967 0.07135819966824895 0.26650133817092936
2 0.6372850882148983 0.4014584834642311 0.055324522121099055 0.19062831893363577
2 0.25400612545276796 0.5367890786371006 0.09079320679077772 0.1595502852966445
2 0.5035877628210008 0.4805192975037253 0.059005327801806146 0.1970965737429592
2 0.23909825941832047 0.6825000529873757 0.06925762789179903 0.23101191990115477
2 0.39631606623535814 0.38442469569224325 0.061648690079925676 0.16398149521894928
3 0.9401164477806073 0.8362402993047418 0.07743827351841427 0.27519842951980183
3 0.6031091673712071 0.3702183961089919 0.04785370619099118 0.17352514264832214