2 0.6847403917576875 0.5520833333333334 0.12828984123880133 0.25625
2 0.6811820582763535 0.45625 0.13321107559867748 0.2916666666666667
2 0.6860274439932974 0.30104166666666665 0.06944129152136337 0.22083333333333333
2 0.7994436301875297 0.2552083333333333 0.06257098981166709 0.24583333333333332
2 0.4765878551381516 0.09479166666666666 0.0715813374744275 0.18958333333333333
2 0.4311264662929971 0.22395833333333334 0.06713754962266139 0.22708333333333333
2 0.44268692110743124 0.378125 0.10484318238768749 0.25625
2 0.42545619085072034 0.34270833333333334 0.08359113480485052 0.23333333333333334
2 0.27141118153398935 0.5395833333333333 0.10375269741795065 0.26875
2 0.18317287094709805 0.58125 0.07936560821393472 0.30416666666666664
3 0.4478481107231351 0.71875 0.07092737502639151 0.26875
3 0.9276299294585347 0.22708333333333333 0.059980780008098825 0.20833333333333334
3 0.2528359590556534 0.11979166666666667 0.057677038109397116 0.21458333333333332