2 0.6436107854630715 0.3645833333333333 0.07444314185228605 0.209375
2 0.2174677608440797 0.5 0.047479484173505275 0.271875
2 0.7233294255568582 0.5291666666666667 0.070926143024619 0.271875
2 0.39331770222743256 0.6916666666666667 0.07444314185228605 0.2833333333333333
2 0.43903868698710435 0.559375 0.05803048065650645 0.28020833333333334
2 0.746189917936694 0.36354166666666665 0.04220398593200469 0.15520833333333334
2 0.03575615474794842 0.6520833333333333 0.07033997655334115 0.3177083333333333
2 0.4794841735052755 0.4 0.07502930832356389 0.221875
2 0.8645955451348183 0.55 0.07913247362250879 0.28020833333333334
2 0.5134818288393904 0.40208333333333335 0.06799531066822978 0.2125
3 0.6711606096131302 0.275 0.038686987104337635 0.1875
3 0.7110199296600235 0.7802083333333333 0.06096131301289566 0.23541666666666666