2 0.7555685814771395 0.5875 0.070926143024619 0.2635416666666667
2 0.6934349355216881 0.525 0.0492379835873388 0.19375
2 0.2749120750293083 0.50625 0.07737397420867527 0.22395833333333334
2 0.4308323563892145 0.4583333333333333 0.0955451348182884 0.196875
2 0.5058616647127784 0.3125 0.0697538100820633 0.16979166666666667
2 0.7121922626025792 0.36041666666666666 0.06213364595545135 0.20104166666666667
2 0.7549824150058617 0.2552083333333333 0.049824150058616644 0.17083333333333334
2 0.10433763188745604 0.41458333333333336 0.07854630715123095 0.234375
2 0.02579132473622509 0.3416666666666667 0.050996483001172335 0.19479166666666667
2 0.33294255568581477 0.546875 0.07502930832356389 0.23645833333333333
3 0.3493552168815944 0.796875 0.053927315357561546 0.17916666666666667
3 0.8223915592028136 0.24479166666666666 0.045134818288393906 0.14583333333333334