2 0.0812332172175621 0.7090211792107584 0.1624664344351242 0.3638756917548501
2 0.6896743186031336 0.7388874888278391 0.18525766416374345 0.25680378494468503
2 0.8043817454087511 0.8190228159604286 0.12904113883630258 0.36195436807914283
2 0.43211754084290455 0.4423462051245053 0.0862641847706638 0.3152226628060211
2 0.6661880647390892 0.5618012834241378 0.10817017402188563 0.27956628618603624
2 0.09081947899813417 0.30984595809129145 0.09074888506458854 0.29477746071058575
2 0.5579855605142596 0.5882909316191527 0.09109675857429514 0.3301941273772523
2 0.4883208678327018 0.513718963050684 0.07235989464103393 0.3307249357589941
2 0.5425448988308954 0.4879741389531766 0.08025927802447679 0.3001541654253155
2 0.5071366175926535 0.44959797159753845 0.06580248290884232 0.2594064383782885
3 0.0822081834938061 0.2309446956154956 0.073824645178064 0.24133566804460974