2 0.24760966421126096 0.45148019964422653 0.06304266450166571 0.26240802108977435
2 0.4521079401152016 0.6867022741174923 0.11936924802868536 0.2685660421795487
2 0.8130532130532836 0.797053408564804 0.140227146886026 0.3054258274266218
2 0.4323564587197788 0.334896603496493 0.06623204962325245 0.25016268907455197
2 0.430901591093202 0.8151279315573827 0.0887537019822694 0.305857363649884
2 0.496972892442107 0.38948062722248916 0.07258513489515137 0.26933713571584783
2 0.7100356461339885 0.7282521483370509 0.07645866474197077 0.32784024770569953
2 0.8170696264130123 0.6601051891984888 0.07236672575776461 0.2610038023825145
2 0.8781546026511373 0.6915603229371704 0.09745145313927968 0.3252015889476984
3 0.20231903304276813 0.2860090731551549 0.06200522109907809 0.22282468775644101
3 0.271385639820906 0.8794725948791974 0.08409005518332134 0.24105481024160536
3 0.9811961514892559 0.6622945877783117 0.0376076970214883 0.29939868512021944