2 0.5609613130128956 0.6739583333333333 0.0984759671746776 0.3
2 0.6781946072684643 0.5385416666666667 0.06858147713950762 0.24583333333333332
2 0.045134818288393906 0.5833333333333334 0.07678780773739742 0.296875
2 0.3921453692848769 0.55625 0.07327080890973037 0.2875
2 0.7731535756154748 0.615625 0.07268464243845252 0.28020833333333334
2 0.4935521688159437 0.4552083333333333 0.08909730363423213 0.2760416666666667
2 0.2842907385697538 0.8447916666666667 0.09261430246189918 0.309375
2 0.4232121922626026 0.4083333333333333 0.07502930832356389 0.26979166666666665
2 0.4771395076201641 0.39375 0.070926143024619 0.23645833333333333
2 0.9343493552168816 0.8645833333333334 0.09378663540445487 0.2708333333333333
3 0.7502930832356389 0.3729166666666667 0.044548651817116064 0.21145833333333333