2 0.35082289172970516 0.5070856543800468 0.09917249627815307 0.289441346757315
2 0.5659728586790223 0.4305911700830102 0.0696459114534106 0.2548957603846297
2 0.5748207423979175 0.6184063558732417 0.07800229666813502 0.27815185790231495
2 0.8389226356969649 0.5897575449548623 0.11416728061292022 0.2525717183377779
2 0.7424498905200624 0.44413893337990845 0.07211334929775015 0.2737427406277779
2 0.16478344907663453 0.554584058383102 0.085390968872351 0.3326094652984262
2 0.2237748220792479 0.5247411428559263 0.08743552552379312 0.28687311220824085
2 0.7799308520270941 0.5300413722094919 0.10936881821227225 0.23571109118481495
2 0.7316140688012251 0.758188875375927 0.08509085963868149 0.2867761319650929
2 0.23007341998098454 0.6812093484030096 0.08885340238480544 0.3244216023298151
3 0.7415929508090091 0.8502434630151863 0.0791746296106907 0.27820034802388893
3 0.7318098147325832 0.34060176734652886 0.058876653709558975 0.22112601595712972
3 0.025275418245250442 0.45925464564324076 0.046349307219131504 0.27684262461981485