2 0.5322391559202814 0.6572916666666667 0.0914419695193435 0.175
2 0.518757327080891 0.36666666666666664 0.05158264947245018 0.18020833333333333
2 0.6899179366940211 0.403125 0.07502930832356389 0.18854166666666666
2 0.19577960140679954 0.38229166666666664 0.05568581477139507 0.2
2 0.25908558030480655 0.328125 0.05158264947245018 0.19166666666666668
2 0.38686987104337633 0.43854166666666666 0.06096131301289566 0.21770833333333334
2 0.6154747948417351 0.2635416666666667 0.041617819460726846 0.17604166666666668
2 0.39331770222743256 0.6770833333333334 0.056858147713950764 0.24583333333333332
2 0.4249706916764361 0.553125 0.09495896834701055 0.17916666666666667
2 0.43786635404454866 0.521875 0.07561547479484174 0.22604166666666667
3 0.7731535756154748 0.75625 0.05744431418522861 0.24166666666666667
3 0.7895662368112544 0.32916666666666666 0.0369284876905041 0.1625
3 0.012895662368112544 0.33125 0.025205158264947247 0.178125