2 0.783704572098476 0.5020833333333333 0.11723329425556858 0.30104166666666665
2 0.1406799531066823 0.4479166666666667 0.07327080890973037 0.2677083333333333
2 0.35228604923798357 0.5145833333333333 0.10609613130128957 0.30104166666666665
2 0.06740914419695193 0.6989583333333333 0.12661195779601406 0.31979166666666664
2 0.738569753810082 0.3697916666666667 0.08264947245017586 0.215625
2 0.43552168815943726 0.26875 0.0615474794841735 0.184375
2 0.611957796014068 0.4 0.04220398593200469 0.21666666666666667
2 0.3939038686987104 0.396875 0.0955451348182884 0.246875
2 0.33528722157092616 0.32083333333333336 0.06565064478311841 0.2
3 0.9021101992966002 0.3 0.049824150058616644 0.18854166666666666
3 0.981242672919109 0.7875 0.0369284876905041 0.24270833333333333