2 0.8107419654677309 0.5668561309569432 0.09635940745234527 0.28076858257296305
2 0.6971654080924936 0.47686498632611013 0.12187772076683688 0.2714186985809261
2 0.4813566391189463 0.22149477609185111 0.10063760591906894 0.2205943665141668
2 0.46974089809118413 0.2625561871860178 0.0564165678080332 0.2312517418943519
2 0.22609313183685745 0.46617392692634224 0.07103058596216863 0.2526669566865742
2 0.2445196128698707 0.5673844380713421 0.1088728538300309 0.26671864057694467
2 0.11927271218252454 0.520538037868009 0.08597221782238432 0.2865821714787964
2 0.130795323469028 0.41600769528953685 0.07222860387599897 0.2090139369297224
2 0.028471598300357958 0.41516347289787026 0.056943196600715916 0.2606608591688889
3 0.3683982241067516 0.7558005246981938 0.07443838022114224 0.2486457603846297
3 0.7440684228201133 0.20646632219259148 0.06541301535805177 0.21705632953361126