2 0.3499255047089086 0.5142878804440849 0.07819242623366304 0.254000841382796
2 0.7055068886844584 0.4281817386307733 0.09821757232669168 0.28419802779957676
2 0.8884658524921026 0.4416418711199223 0.09330316624959725 0.21520555256425572
2 0.3561887933740459 0.2785075009244368 0.060566509494078526 0.24059155925034237
2 0.41382709910191234 0.1557152032206732 0.06620309989998527 0.17214465329449352
2 0.709350486695527 0.16960593006211902 0.05812635753938518 0.21130365496601514
2 0.6309477994619658 0.396614366324827 0.08626234816072163 0.2127585063779409
2 0.8157334670188592 0.43081690393406397 0.09218539677537405 0.2318116004220922
2 0.15000902664875318 0.6934036967540561 0.07013614517368777 0.29940984305431756
2 0.6239918459790629 0.24173943644005996 0.05100369424801058 0.18385660877970042
3 0.42811452072580103 0.7592453723946223 0.0735508374982313 0.26834169948080844
3 0.23927566868163405 0.20328907240304586 0.04628708074362173 0.1752808002110461
3 0.8903633891669447 0.1258653240978467 0.04992684737503714 0.21296265663753683