2 0.3601900984055775 0.7081212028403543 0.16304054390784553 0.3031267259816571
2 0.13747820227395516 0.5469546185556189 0.13286689004400806 0.3196696034469182
2 0.36061099406320546 0.3754050895323917 0.1124596703542785 0.2890598181998454
2 0.9369597587140736 0.2772197613723525 0.12608048257185298 0.27574982479039983
2 0.6798356895272651 0.5170683042357441 0.13045400134942792 0.3153331581237332
2 0.8169798260339055 0.6135135868218078 0.15672288575193563 0.3463673900121021
2 0.5199271222642006 0.4639874748815308 0.13200155974406272 0.338334714118659
2 0.5892294494239164 0.5747313385066274 0.07857689441595035 0.22209958367525479
2 0.769201373878589 0.4553234926264532 0.1527965500674547 0.32111272202732455
3 0.6400114672658752 0.80883576537626 0.14163154829923258 0.2828487180729918
3 0.11884829977043401 0.4127264024845808 0.11867499429598508 0.23956915416940053