2 0.643182455913716 0.525 0.10444971789131186 0.27708333333333335
2 0.5037435417291127 0.475 0.114809709909496 0.2625
2 0.577778368498111 0.4166666666666667 0.09144491011473253 0.26875
2 0.36957865548831553 0.559375 0.0952347724635666 0.28958333333333336
2 0.7626400779660283 0.3104166666666667 0.08329315222107592 0.27291666666666664
2 0.4616911010314444 0.32916666666666666 0.0885272308351701 0.225
2 0.3495135439027483 0.48020833333333335 0.0952074861114498 0.2875
2 0.261286462940862 0.6822916666666666 0.08383985946187336 0.4041666666666667
2 0.28136668800018205 0.6260416666666667 0.10158857171290887 0.4166666666666667
3 0.8209107447000387 0.784375 0.10131472799327883 0.30625
3 0.73533583098502 0.2916666666666667 0.07105138210530158 0.23333333333333334