2 0.7209847596717468 0.36041666666666666 0.056858147713950764 0.234375
2 0.5638921453692849 0.39375 0.06096131301289566 0.21770833333333334
2 0.4794841735052755 0.5197916666666667 0.07971864009378664 0.25416666666666665
2 0.5123094958968347 0.7229166666666667 0.0697538100820633 0.259375
2 0.3786635404454865 0.44479166666666664 0.053341148886283704 0.23333333333333334
2 0.6242672919109027 0.678125 0.10961313012895663 0.221875
2 0.43376318874560377 0.415625 0.06623681125439625 0.228125
2 0.4900351699882767 0.2677083333333333 0.044548651817116064 0.20416666666666666
2 0.5345838218053928 0.553125 0.0615474794841735 0.26979166666666665
2 0.4015240328253224 0.3489583333333333 0.04044548651817116 0.19375
3 0.570926143024619 0.7958333333333333 0.07268464243845252 0.2760416666666667
3 0.67936694021102 0.271875 0.044548651817116064 0.20208333333333334
3 0.02579132473622509 0.5791666666666667 0.05158264947245018 0.265625