2 0.04242541389907891 0.4985817759745823 0.08485082779815782 0.33200311471750205
2 0.2639739781806249 0.5779126244622269 0.10692050955951983 0.3135440324663056
2 0.33970666639169145 0.8379034588787955 0.1116358887555703 0.2553925227259744
2 0.47949341226368664 0.8491828750060414 0.08855767882054766 0.27341522835396553
2 0.6913991034870837 0.8571841942726927 0.10674186314307452 0.2448303971849062
2 0.6588491963915056 0.7249418024973728 0.09118891608484107 0.28807129112449986
2 0.43767092380822537 0.5329654951353267 0.0972962134083468 0.30075311471750205
2 0.5352425276650149 0.42687677056938966 0.07489907119442525 0.2938121850640935
2 0.27902266115202823 0.2890800400467565 0.10832358377017616 0.2657000952368399
3 0.5362622367694149 0.8817760037946191 0.11065335831266063 0.2053925227259744
3 0.7417703737257751 0.4402500644030763 0.07889244390092011 0.2585409772718286