2 0.55978898007034 0.55625 0.07678780773739742 0.18020833333333333
2 0.4806565064478312 0.5875 0.07854630715123095 0.18020833333333333
2 0.43786635404454866 0.5375 0.05920281359906213 0.190625
2 0.24384525205158264 0.6208333333333333 0.07033997655334115 0.2125
2 0.30773739742086753 0.4625 0.0627198124267292 0.16770833333333332
2 0.13188745603751464 0.425 0.06389214536928488 0.184375
2 0.18757327080890973 0.30625 0.049824150058616644 0.15416666666666667
2 0.3388042203985932 0.3375 0.05275498241500586 0.14791666666666667
2 0.5123094958968347 0.28020833333333334 0.03985932004689332 0.14583333333333334
2 0.5867526377491208 0.3385416666666667 0.056858147713950764 0.16145833333333334
3 0.7860492379835874 0.625 0.05275498241500586 0.1875
3 0.3757327080890973 0.28020833333333334 0.035169988276670575 0.12291666666666666