2 0.6189917936694022 0.725 0.0492379835873388 0.25625
2 0.7039859320046893 0.45208333333333334 0.06389214536928488 0.18645833333333334
2 0.6389214536928488 0.4375 0.05041031652989449 0.22708333333333333
2 0.5814771395076201 0.54375 0.04572098475967175 0.234375
2 0.34056271981242675 0.30416666666666664 0.049824150058616644 0.184375
2 0.38159437280187575 0.43125 0.06447831184056271 0.22083333333333333
2 0.4566236811254396 0.4510416666666667 0.070926143024619 0.27291666666666664
2 0.4912075029308324 0.45208333333333334 0.03751465416178194 0.21041666666666667
2 0.5211019929660023 0.47604166666666664 0.05568581477139507 0.22395833333333334
2 0.5392731535756154 0.4427083333333333 0.04044548651817116 0.21145833333333333
3 0.15064478311840562 0.3145833333333333 0.03985932004689332 0.21145833333333333
3 0.8464243845252052 0.5989583333333334 0.053341148886283704 0.23958333333333334