2 0.3776344619875875 0.6536383574536307 0.09090454319901502 0.29119450022578947
2 0.5356665488705814 0.5051639273308385 0.10631405735041882 0.24897306045487824
2 0.7486320641237041 0.6351789197918923 0.10382608474468222 0.24250469470786556
2 0.47305720857049677 0.427611417908509 0.06817840739926133 0.21839587516934209
2 0.2507080168486513 0.7301699080346005 0.09652736337741828 0.2813237479266545
2 0.5732419115280157 0.48579570405312766 0.06705384336358054 0.22037002562916908
2 0.5907094781232806 0.431292630029229 0.07535571177522053 0.22530097241038013
2 0.6851160858370682 0.7986925712319447 0.1072654460396853 0.39250469470786553
2 0.7169949802316695 0.827941956880909 0.1170999089195606 0.34411608623818213
3 0.038376436973681406 0.6022928403436331 0.055543479294844295 0.27958568068726614
3 0.7819539993451426 0.4813265136406753 0.07169540622692838 0.21872342378986123
3 0.8182047199628847 0.952533240613498 0.05774882790756488 0.09493351877300403