2 0.6205892803920815 0.7276420178936466 0.08800796953058419 0.32652091832669894
2 0.5204959497521661 0.6160050903401714 0.09504695217257983 0.2875318102911801
2 0.127222239437518 0.4466026080603064 0.07727763993594541 0.28000847036729204
2 0.24152638406694696 0.7137644315325953 0.09121777152775275 0.31635891964481005
2 0.7917482072749621 0.4811507458524701 0.059569767065410624 0.27456846377673766
2 0.668128521201437 0.4701115883877923 0.07481508030529606 0.23617358103903296
2 0.19489708104551456 0.6018233017482465 0.08196697170616818 0.28034802768032896
2 0.3527045353011963 0.40969146975781146 0.0961013913695975 0.2439515889476984
2 0.3428908112113914 0.38392746580347864 0.08000091199097792 0.21368136101366228
3 0.7041852682670601 0.8963965185031273 0.08123468429963318 0.20720696299374547
3 0.5834523594330522 0.2938258881092978 0.05655425313986421 0.2119835744484784