2 0.43111902206643327 0.5964419449723801 0.09324920908412639 0.28423024876252234
2 0.6352462660676306 0.537053435478015 0.0935617017029315 0.24674236924129503
2 0.4517094678896618 0.36295104541500006 0.0645658707578442 0.20895147775074735
2 0.22883983112046807 0.4985569685182378 0.1217195820535882 0.29910447358640346
2 0.1266169707242912 0.4329629642229661 0.09063981948708516 0.3237772206595371
2 0.280505078817891 0.4688630610249534 0.09750862069247371 0.26552873067761357
2 0.852190563660202 0.6087512995202167 0.09868095363502939 0.26554085115638626
2 0.29908130389186766 0.7321501976373906 0.1020287665645167 0.30931509211393216
2 0.3785560865230019 0.30747069581707437 0.08430445515379074 0.20082419255655198
2 0.2420459913832684 0.4848819765850701 0.087795574803903 0.25084843351409764
3 0.32088193017990957 0.854812334249828 0.08413526925561085 0.24456207207777916
3 0.9288639098227205 0.43404149650296825 0.08573752236004195 0.2633241925565521
3 0.18268294202656946 0.3646910286266964 0.06277254202591291 0.1818560239386412