2 0.7672919109026963 0.43333333333333335 0.13599062133645956 0.21666666666666667
2 0.24501758499413834 0.5614583333333333 0.0697538100820633 0.27395833333333336
2 0.5720984759671747 0.5916666666666667 0.05861664712778429 0.23020833333333332
2 0.5334114888628371 0.41770833333333335 0.07033997655334115 0.25729166666666664
2 0.6928487690504103 0.4427083333333333 0.08030480656506447 0.23229166666666667
2 0.5064478311840562 0.34479166666666666 0.06330597889800703 0.21979166666666666
2 0.6283704572098476 0.23958333333333334 0.07502930832356389 0.18020833333333333
2 0.6934349355216881 0.7260416666666667 0.06506447831184056 0.26666666666666666
2 0.6729191090269636 0.325 0.05803048065650645 0.18854166666666666
2 0.14712778429073858 0.6864583333333333 0.06565064478311841 0.23020833333333332
3 0.742672919109027 0.784375 0.06330597889800703 0.23020833333333332
3 0.015826494724501757 0.5395833333333333 0.031652989449003514 0.24166666666666667
3 0.6699882766705745 0.19270833333333334 0.047479484173505275 0.165625