2 0.15286176367323967 0.7001068986314561 0.0847235151707717 0.2725302577975749
2 0.29292055754104174 0.5742690977084881 0.08344886649006708 0.2620893493528475
2 0.4122704562939653 0.6082668905686712 0.06962642895095644 0.2867984480161205
2 0.43332558943705085 0.7224381136749743 0.07912787137718076 0.2994923822406051
2 0.5587318570044063 0.35831318475497587 0.067819738431877 0.22219087290472656
2 0.5476795134044751 0.3074896940908545 0.06878743989813467 0.2013817813494538
2 0.7735523027950855 0.44243072692558433 0.07267277538313809 0.23895450668363563
2 0.8249200892174228 0.41948908869091817 0.06570016717069338 0.24505905601527214
2 0.8949224238348723 0.3836595820072826 0.07841166121013796 0.22657571557393855
2 0.9531877171475419 0.3313694637704954 0.09362456570491615 0.19363025068957473
3 0.5368387618916578 0.7557215038723089 0.07267277538313809 0.23895450668363574
3 0.27894331511237846 0.40473196971145764 0.059367850062429665 0.19702118045830233
3 0.9814456689139075 0.23913311531940482 0.031313712031612116 0.20477271111818152