2 0.10726846424384526 0.4041666666666667 0.053341148886283704 0.221875
2 0.24912075029308323 0.7875 0.06037514654161782 0.3125
2 0.43903868698710435 0.7 0.09202813599062133 0.27291666666666664
2 0.3311840562719812 0.5447916666666667 0.10961313012895663 0.20104166666666667
2 0.35345838218053927 0.39895833333333336 0.03927315357561548 0.23541666666666666
2 0.4847596717467761 0.5291666666666667 0.06037514654161782 0.23645833333333333
2 0.6400937866354045 0.6708333333333333 0.0697538100820633 0.23645833333333333
2 0.6201641266119577 0.6145833333333334 0.0914419695193435 0.19583333333333333
2 0.5867526377491208 0.4479166666666667 0.05158264947245018 0.21770833333333334
2 0.5568581477139508 0.375 0.03927315357561548 0.215625
3 0.805978898007034 0.5114583333333333 0.047479484173505275 0.22395833333333334
3 0.593200468933177 0.8697916666666666 0.0615474794841735 0.2604166666666667
3 0.20926143024618993 0.33645833333333336 0.06037514654161782 0.19375