2 0.5496003236133494 0.3743072395173396 0.07881833566153366 0.22365601587180894
2 0.5103827942626671 0.6258996934603737 0.08293829762427642 0.27784692349602125
2 0.17555095914140706 0.6005703570101188 0.06479549610871937 0.296402995835656
2 0.4232372694671216 0.666651263979692 0.08293829762427642 0.27784692349602125
2 0.803198688643236 0.6028942067262992 0.059559919391533316 0.27968784725389806
2 0.39703102678713426 0.5643315813102887 0.07749787905197895 0.25488177491426334
2 0.9696259046914684 0.7858713749514267 0.0607481906170632 0.32357117252039913
2 0.44500113168266986 0.32949063738533113 0.06882514655575418 0.2048090520416263
2 0.4377848700511514 0.35961412736725473 0.07137465429597689 0.21108329299917195
2 0.41216424686085246 0.3645558101675859 0.07565430235597696 0.1986317749142632
3 0.8045202392159698 0.35715783722314853 0.05200280164975191 0.1921393653388068
3 0.6357871848437614 0.8406655284830954 0.06756140813431152 0.27352269060530765
3 0.1477123098172479 0.32329309601642037 0.05213936288649289 0.19630603200547345