2 0.12192262602579132 0.6652402640677804 0.08089097303634232 0.28167583225009785
2 0.2772567409144197 0.35651692261567386 0.07971864009378664 0.2420561341981641
2 0.4126611957796014 0.5169670476140262 0.07854630715123095 0.2836864361462304
2 0.4706916764361079 0.34689210118474867 0.10316529894490035 0.2552834285701733
2 0.6676436107854631 0.30300137390962484 0.0668229777256741 0.20415612229355914
2 0.6594372801875733 0.28087182087942164 0.06916764361078546 0.18964551839742672
2 0.690504103165299 0.48808548592233364 0.11840562719812427 0.26617283657864577
2 0.7151230949589683 0.4086408116796098 0.0984759671746776 0.2801379696957715
2 0.8429073856975381 0.4334378993403926 0.09261430246189918 0.2799561461027691
2 0.977725674091442 0.549078175312778 0.044548651817116064 0.31804852597348393
3 0.7321219226260258 0.6945847667659831 0.0984759671746776 0.30930463636243816
3 0.22450175849941384 0.3309221769453201 0.053927315357561546 0.21417277705562085
3 0.8305978898007034 0.18305606979508784 0.05861664712778429 0.23515156926335598