2 0.5328685245980627 0.7315646509484853 0.13297474009330526 0.29658315812373315
2 0.1871042159977142 0.5468501864631176 0.10445653348154169 0.2799624809121793
2 0.22349629098859103 0.6820280902905966 0.12564204604496285 0.3293222661592523
2 0.5872921090274408 0.5820898920636304 0.09589367186449961 0.2211198116092909
2 0.259893214492164 0.682576326133298 0.11078393378216599 0.3428020382252162
2 0.5167626406497847 0.5394116430398199 0.08059874132692883 0.2179329170085881
2 0.3883681146395612 0.44140481627225375 0.07171149834560384 0.23600380238251464
2 0.47062567407391787 0.7312321832174149 0.09499758268547485 0.3208651436245134
2 0.63710341660042 0.5637802438505164 0.09256616486114727 0.18345003295277232
3 0.2509209226240738 0.37509543087353986 0.06898461647006555 0.22125069039266285
3 0.31790277180853965 0.8878855003543151 0.0901958140047612 0.22422899929136975