2 0.1802825341547241 0.7539527479549358 0.14754277486442313 0.2969182092017926
2 0.7238728353250452 0.5277270975645465 0.10574817661696388 0.31556926541723723
2 0.7281602002344972 0.20843152828507433 0.08773890345145652 0.23347060209361387
2 0.38319658766074277 0.3305413623654925 0.08430378216069846 0.2374554123337898
2 0.4300731712381689 0.5064234664387736 0.12113736860137957 0.26433459540752724
2 0.5558291253085245 0.30701675472969847 0.09869928761900326 0.2548495047064193
2 0.8748302124009223 0.14766855837246387 0.07743353957918263 0.24542503281414163
2 0.45272710214601897 0.40515047145333843 0.11515288758323736 0.257781501363376
2 0.5171160907783592 0.3674111275632601 0.10383894584222621 0.2780086466084069
2 0.4091628235539871 0.21866984428690003 0.07920506270592989 0.2163796037651355
3 0.8325127483121186 0.5919721432232461 0.13622883312341197 0.31714535444682357
3 0.6598094643630903 0.16400044312614656 0.06873594375983799 0.22000070115232997
3 0.04910777130573851 0.6178821741885141 0.07897432143782938 0.2642356516229718