2 0.05093805692251003 0.6972895846522429 0.10187611384502006 0.37594721091470523
2 0.18143046950592587 0.5719088836114462 0.08962701678838558 0.3266111668924561
2 0.5915144921580661 0.6601774807754169 0.10551546173156483 0.3676138775813719
2 0.31637893092797603 0.5406603226279216 0.07804013298176665 0.33385267149072606
2 0.42122999595645694 0.6265830393469117 0.10641490343624456 0.3510563937882116
2 0.5171997612639189 0.5019843358940853 0.07387501746414439 0.29394178953687394
2 0.7067505071666598 0.6855153271491243 0.07348724683048195 0.34174927333003424
2 0.4082114195317586 0.4177628124511564 0.06774046151349013 0.2767292085026754
2 0.4782102820377549 0.4451471181948699 0.07018746161280491 0.2831975742496882
3 0.6544487697440089 0.8706001281458456 0.0989715689240967 0.2587997437083087
3 0.03294647437813744 0.3448875614351036 0.06589294875627488 0.2897751228702071
3 0.7137827427519864 0.5787149834132362 0.07380679465467536 0.28977512287020724