2 0.7679227762493932 0.54072386359764 0.08426284339224396 0.23454732826703714
2 0.37624636001956924 0.7868099574448153 0.08352968081948753 0.3760685245689816
2 0.4519455551334946 0.5557565307726394 0.06243884393668601 0.25654268262379626
2 0.4346601809347936 0.8609440321038198 0.08540912890897179 0.27811193579236054
2 0.5257727478292491 0.4380750553416212 0.07786897468955593 0.20722154432583342
2 0.5672900879985525 0.5240987194751396 0.08668938681426434 0.23881097517685201
2 0.6543088277426279 0.541228655138288 0.06971847420274767 0.26933362335324085
2 0.6838255555606806 0.4040204668149084 0.0638419181473422 0.2087229962002778
2 0.6069670512171133 0.6058829817596305 0.06287427904705957 0.2190911727453705
2 0.6203521111769676 0.5419057749459731 0.07245763642977783 0.22989576038462972
3 0.9595898990562214 0.4289573120514829 0.054381377069987705 0.20416840856101856
3 0.1373881672005922 0.6728482862201853 0.06560228519088884 0.29830632953361136