2 0.329582003084799 0.5804394616279162 0.0892103698365509 0.37015795541999996
2 0.5727041668052887 0.515145183007175 0.06810739667208558 0.27975029001990753
2 0.7297412282050544 0.4148490165946749 0.0997603861210891 0.2810595233024075
2 0.8264197268346491 0.5869872284746284 0.10055169033247398 0.3414761899690743
2 0.4340521459389867 0.22801321365486046 0.07216914234362395 0.23202758383953714
2 0.43916441616701857 0.2601109198352308 0.07593171834034135 0.25092305420425937
2 0.5960801592799533 0.2848874886050917 0.07495038986260268 0.26545789741601855
2 0.2672154429378926 0.4756692812831015 0.0753333789906997 0.3841594072944446
2 0.8617782690799793 0.37603629952347095 0.06982545665697555 0.3214654468081483
2 0.8688512358665625 0.19960671188421167 0.04888522140674749 0.1540229381962964
3 0.1887958451650388 0.8468204132481941 0.06851571175537333 0.22146544680814817
3 0.009503902621128154 0.2330666376646759 0.015897161100951 0.22970005800398152