2 0.235052754982415 0.8656255405872758 0.11371629542790153 0.25769404437091054
2 0.2936694021101993 0.7596406379905865 0.07502930832356389 0.2856606753237623
2 0.4208675263774912 0.5192367326891039 0.07854630715123095 0.19618643614623038
2 0.6436107854630715 0.4862857694883511 0.06096131301289566 0.2123076320338903
2 0.8845252051582649 0.5996461531492913 0.06330597889800703 0.26238036147109106
2 0.4548651817116061 0.6681821558496908 0.08089097303634232 0.3545924989167645
2 0.5451348182883939 0.6289237391841226 0.09261430246189918 0.2695394794361026
2 0.4847596717467761 0.6797548555253793 0.06916764361078546 0.33547885173076014
2 0.5381008206330598 0.5083085941623919 0.09261430246189918 0.21537281276943573
2 0.6330597889800703 0.38140471862242187 0.05275498241500586 0.17663641233702046
3 0.7854630715123095 0.8318856385376964 0.0668229777256741 0.18123945562689248
3 0.731535756154748 0.3418917489266505 0.05627198124267292 0.20382883982615507
3 0.031066822977725676 0.8104946682904213 0.044548651817116064 0.26804852597348394