2 0.12165269393022239 0.8315450212349198 0.1598987705322578 0.33060025938757887
2 0.5400857653899819 0.7110218429968905 0.14834599813037327 0.3398035225652876
2 0.7133843996982786 0.1236855268730566 0.10642744861782777 0.2473710537461132
2 0.18348011293230193 0.4119466108245156 0.10542567269894451 0.2916852700050387
2 0.9862776292574607 0.22307410692752905 0.02744474148507866 0.2823215157379575
2 0.5547685416751094 0.35264838689121414 0.11565712135775212 0.3447393261295384
2 0.4215085947874163 0.42591685683978303 0.13527977873858846 0.3280521120607671
2 0.03996813754341878 0.6480081579442717 0.06390391486162951 0.3289836841114566
2 0.4982317038553598 0.19885504294042083 0.07815501237755326 0.27014444198043536
2 0.6446719738413861 0.4643811940573625 0.14328144090807118 0.3164014945030376
3 0.4392353207547121 0.11181034593997444 0.10554055209473112 0.22362069187994887