2 0.6424384525205158 0.6083333333333333 0.053341148886283704 0.240625
2 0.47245017584994137 0.703125 0.10199296600234467 0.23333333333333334
2 0.33704572098475966 0.6333333333333333 0.11137162954279015 0.24375
2 0.23329425556858147 0.5614583333333333 0.059788980070339975 0.25104166666666666
2 0.2672919109026964 0.628125 0.059788980070339975 0.21041666666666667
2 0.3528722157092614 0.5072916666666667 0.05861664712778429 0.25729166666666664
2 0.35873388042203985 0.35625 0.04689331770222743 0.203125
2 0.5064478311840562 0.4239583333333333 0.05216881594372802 0.21354166666666666
2 0.7028135990621337 0.403125 0.05041031652989449 0.21145833333333333
2 0.6400937866354045 0.278125 0.038100820633059786 0.20104166666666667
3 0.32708089097303633 0.7864583333333334 0.06037514654161782 0.23645833333333333
3 0.46776084407971863 0.28958333333333336 0.03985932004689332 0.18229166666666666