2 0.7567409144196952 0.7114583333333333 0.07209847596717468 0.33229166666666665
2 0.7327080890973037 0.5177083333333333 0.08089097303634232 0.2677083333333333
2 0.6436107854630715 0.59375 0.08792497069167643 0.2875
2 0.664126611957796 0.55625 0.0873388042203986 0.275
2 0.24267291910902697 0.546875 0.06330597889800703 0.23020833333333332
2 0.1324736225087925 0.5614583333333333 0.08323563892145369 0.25625
2 0.2514654161781946 0.36354166666666665 0.05275498241500586 0.215625
2 0.39331770222743256 0.4166666666666667 0.045134818288393906 0.24375
2 0.5902696365767878 0.36354166666666665 0.03634232121922626 0.23541666666666666
2 0.5627198124267292 0.290625 0.04337631887456037 0.21145833333333333
3 0.2878077373974209 0.78125 0.07033997655334115 0.25104166666666666
3 0.3862837045720985 0.29791666666666666 0.03634232121922626 0.20833333333333334