2 0.7360151313193564 0.668278058196983 0.08838375603184742 0.29338701643262916
2 0.4731465312676954 0.7198183551957357 0.09366651908333427 0.3542404145933212
2 0.4618337960770635 0.5002406249077251 0.07839119806250805 0.23001355344457852
2 0.16639269621538721 0.4694759671347416 0.09175751282610582 0.2791312317198148
2 0.03147475464799254 0.4177762128751559 0.06294950929598508 0.29778090758302156
2 0.24770152829664088 0.18091071460981714 0.0758828269963582 0.21312852103089916
2 0.39486594083648136 0.2827240811112656 0.06792205417002592 0.23736424091635477
2 0.49568227585011265 0.39301683778288105 0.07750534918676942 0.25907103723773883
2 0.5278937038127779 0.4524597173247037 0.06590479864699138 0.27047920850267554
3 0.5240743600159921 0.7816809754281235 0.0966719392202564 0.30248462988050684
3 0.706900903458777 0.23388977009191367 0.06549553569439524 0.22881254183600877
3 0.10242432758406994 0.18507439092460276 0.05488314976850483 0.22157989597445174