2 0.3071512309495897 0.7885416666666667 0.0984759671746776 0.30833333333333335
2 0.6424384525205158 0.35520833333333335 0.045134818288393906 0.196875
2 0.3622508792497069 0.5114583333333333 0.0873388042203986 0.23854166666666668
2 0.7338804220398594 0.31145833333333334 0.045134818288393906 0.19270833333333334
2 0.4273153575615475 0.60625 0.10023446658851114 0.2625
2 0.3874560375146542 0.5864583333333333 0.07971864009378664 0.221875
2 0.34349355216881594 0.3625 0.08792497069167643 0.18645833333333334
2 0.3851113716295428 0.378125 0.05509964830011723 0.2375
2 0.3757327080890973 0.35625 0.041031652989449004 0.165625
2 0.4273153575615475 0.26458333333333334 0.05803048065650645 0.17916666666666667
3 0.5720984759671747 0.27395833333333336 0.041617819460726846 0.17604166666666668
3 0.7397420867526378 0.8739583333333333 0.06565064478311841 0.25104166666666666
3 0.045134818288393906 0.5479166666666667 0.04044548651817116 0.24791666666666667