2 0.6522414447832107 0.7177175930813534 0.07942464789082972 0.28562431060516197
2 0.7129440766249266 0.4041864707877942 0.08745233207227446 0.2171652283539655
2 0.6432107359270907 0.4073918382111879 0.07767917218990993 0.25642127921989477
2 0.5941458207145964 0.5371168858296078 0.07311265672505095 0.2625258203454929
2 0.315487848371695 0.3550194123414141 0.07208918751368677 0.21044248701215965
2 0.3718714898365308 0.4783466352857932 0.09166528996366914 0.25269098917643357
2 0.45334862934415093 0.4758192873430617 0.10453490490595396 0.3113879696957715
2 0.48896149840250835 0.46741849675908126 0.06202945625214044 0.2351152045447556
2 0.523307133268487 0.4840722532530014 0.08228662642322365 0.2524000714276299
2 0.5389419578636299 0.4439798138592618 0.06441506090570631 0.2372712673152897
3 0.11739894180663824 0.42265974783682453 0.06437412213725174 0.23518793398195648
3 0.8776252295865723 0.5168582905949648 0.08148274239675904 0.2711137067090295