2 0.3898007033997655 0.6010416666666667 0.08440797186400938 0.20104166666666667
2 0.20750293083235638 0.7614583333333333 0.08675263774912075 0.2552083333333333
2 0.5908558030480656 0.534375 0.0697538100820633 0.20833333333333334
2 0.347010550996483 0.4197916666666667 0.045134818288393906 0.171875
2 0.49941383352872215 0.5145833333333333 0.06096131301289566 0.165625
2 0.44196951934349354 0.6010416666666667 0.06096131301289566 0.23333333333333334
2 0.5392731535756154 0.565625 0.0615474794841735 0.171875
2 0.567409144196952 0.3572916666666667 0.05920281359906213 0.15729166666666666
2 0.4026963657678781 0.325 0.041031652989449004 0.165625
2 0.4320046893317702 0.5302083333333333 0.04630715123094959 0.190625
3 0.6465416178194607 0.36354166666666665 0.03927315357561548 0.16145833333333334
3 0.5697538100820633 0.8541666666666666 0.0627198124267292 0.24270833333333333