2 0.26624902608388257 0.8694566605134514 0.1190664129979062 0.23568478580521082
2 0.2311536571357161 0.6352869858370276 0.08559022619118244 0.3599332906853325
2 0.464907701491962 0.7735171583386007 0.10417836737389366 0.40404691735624143
2 0.39162292951341143 0.4145406880967228 0.0914300011746405 0.30799540802036274
2 0.6375640815311129 0.7885511539358715 0.12212362303790895 0.3690181191385444
2 0.5649689927340589 0.6296837716952663 0.09589838869157404 0.45176964979842327
2 0.5295711047876733 0.6133193974644182 0.08525584384305722 0.34534995735199914
2 0.6489988027913023 0.7502276632717501 0.0937965567890721 0.3601029831317566
2 0.6331354840245856 0.7259299450455685 0.07518253642880636 0.36596511468278714
3 0.6427081891607228 0.48747312460211395 0.0731284734331796 0.27638178134945385
3 0.5561884640095943 0.9291824365053911 0.14768408213622733 0.14163512698921774
3 0.22482524821884742 0.629945322724361 0.06743200517034664 0.3345696640144235