2 0.19636576787807739 0.37083333333333335 0.041617819460726846 0.225
2 0.608440797186401 0.378125 0.049824150058616644 0.209375
2 0.44314185228604924 0.4875 0.03985932004689332 0.24166666666666667
2 0.9185228604923799 0.6364583333333333 0.07268464243845252 0.3
2 0.7086752637749121 0.471875 0.05803048065650645 0.23020833333333332
2 0.6189917936694022 0.696875 0.06330597889800703 0.275
2 0.32532239155920284 0.3729166666666667 0.070926143024619 0.19895833333333332
2 0.7104337631887456 0.33229166666666665 0.04689331770222743 0.14583333333333334
2 0.3516998827667057 0.3125 0.06623681125439625 0.19583333333333333
2 0.2966002344665885 0.328125 0.05920281359906213 0.15729166666666666
3 0.7221570926143025 0.7145833333333333 0.06506447831184056 0.2677083333333333
3 0.03751465416178194 0.2989583333333333 0.03927315357561548 0.19375
3 0.6594372801875733 0.24583333333333332 0.03985932004689332 0.18645833333333334