2 0.2575306852841124 0.5515301115644943 0.08945377323625403 0.2830795326394688
2 0.44662119578145576 0.4392145937000607 0.11199412006399947 0.31223734056942265
2 0.5250826835783389 0.3809122659452227 0.13994594235666769 0.2961077295335746
2 0.2968767911587612 0.3615779262789582 0.07740303344862048 0.24865437057107218
2 0.05873113412041812 0.6387320171870651 0.11098549230248218 0.32879482436258295
2 0.8038391677973911 0.3216480001541346 0.08513277812336764 0.3201428011454436
2 0.6160625967945124 0.1809477008920745 0.07760766492491848 0.2694877039044055
2 0.010219288074766714 0.42390817126493663 0.020438576149533427 0.2396836574701267
2 0.9692331636259053 0.3561986235529881 0.05580399141184587 0.3153298959744518
2 0.5643716980562561 0.09418606814525268 0.05605548271106061 0.18837213629050537
3 0.6911024408910615 0.5902445235970635 0.08003418340054916 0.2780394029847514
3 0.8530857474770452 0.09659994045098604 0.06668833178458082 0.19319988090197207
3 0.03618158280201648 0.26947740615121707 0.07236316560403296 0.24854518769756584