2 0.619425981251593 0.4781352272861634 0.11177179518551932 0.2531620559441147
2 0.5231261265867931 0.59064665325714 0.13305312126315938 0.29920143741658595
2 0.7712231573659085 0.637989680705486 0.11935376214908934 0.3115559916713119
2 0.7876532660150032 0.4996601224173439 0.0945504522571207 0.30505146161708274
2 0.46035733726061795 0.4889868421730594 0.08616977353425471 0.219574192556552
2 0.4262907650804112 0.5459088342371549 0.09314233182348927 0.21756358209585566
2 0.38442718815528554 0.5371452239073863 0.12633629041164668 0.2304029555014947
2 0.36620455815289565 0.45573159744395325 0.12417594262483427 0.23662871454394907
2 0.43599158041133945 0.43770882617032264 0.09536411897640124 0.21342115638673462
2 0.3228996486177578 0.37822404735357107 0.08105036620133421 0.20494237730812728
3 0.3354922261748649 0.8250929871141847 0.1046049488246629 0.32806509211393214
3 0.1960369483706835 0.4081529151673333 0.07179458139308806 0.20901208014461142
3 0.9441696838195102 0.4221357806243947 0.08412731949298045 0.26953783112023355