2 0.26534697824324077 0.6304183581884693 0.1143266175811076 0.29276963023499364
2 0.11733271491731743 0.6434038718471784 0.09494298040112814 0.313396915429189
2 0.40185155964985037 0.3634540452840722 0.07705605752798722 0.25697722872636936
2 0.7790215312487434 0.573038375631412 0.0950778699410964 0.27382570257462835
2 0.532316123952553 0.5058162504645839 0.10434732891284831 0.26975599973814446
2 0.48738202380321244 0.6104192543670722 0.08131180336523354 0.32991813635058165
2 0.8403923613942393 0.5567831107352251 0.09330491187072666 0.250896915429189
2 0.6780162548773357 0.4022542187209661 0.0882879663944236 0.23834843351409774
2 0.6527452680133031 0.3379496563994077 0.09289701090902507 0.28005146161708283
2 0.2526392784100967 0.332713799900327 0.05903424511487817 0.24012875487811047
3 0.23487108336793674 0.8765001613366454 0.09777583450356253 0.24261206401094693
3 0.15462581448146742 0.3608031329718047 0.06467750069026978 0.23185602393864121
3 0.9725287600531118 0.4564854644974948 0.03812497631498815 0.2919817991147601