2 0.8455427742121311 0.3936533184276875 0.0549596785411642 0.2073166382346661
2 0.1493016824606471 0.6939461235943013 0.07956612515325043 0.27863480712921124
2 0.7492983555967858 0.4343859468490825 0.06868655980448758 0.18677420623805988
2 0.44371350081420596 0.5114285387756919 0.057645458473620424 0.22819845512412062
2 0.5222239344906948 0.40780804190532743 0.061925453387029296 0.20329542223636304
2 0.4754113847795196 0.47352927922763105 0.05978545593032499 0.21574693868024183
2 0.2822340468633476 0.5612324151813907 0.08753367591799888 0.264221166242302
2 0.32079537146032294 0.53389527296836 0.08698789344224708 0.2308878329089687
2 0.3584572543526185 0.48986722231060204 0.0845067819381978 0.22250601601951428
2 0.4879982824350142 0.3852179094525399 0.07381933983625871 0.21395450668363553
3 0.3328525559616641 0.7644308703055113 0.0674675702756143 0.2554757226819386
3 0.2709398584477483 0.3557210596223 0.045001121120232475 0.17170603734351458
3 0.9104923731281851 0.3303911619986565 0.04644634530066406 0.18839694578824198