2 0.32257864287377863 0.35727874391916714 0.08078476822326432 0.2636170146905557
2 0.5345925639891361 0.46922894604564896 0.0752505397358866 0.28837456408268525
2 0.26154617338520225 0.6288610612953708 0.062409450072007454 0.2920078394120372
2 0.04453157794643726 0.31659567337865746 0.07105138210530165 0.2361457603846297
2 0.41697579050623906 0.6279943357372691 0.09057272704546064 0.2952549356631484
2 0.8422870714849027 0.6643462498686586 0.0726602966817249 0.269527583839537
2 0.952826467288133 0.7324944780848626 0.05153101736360576 0.2665714283178706
2 0.6024816698442881 0.21147923606555646 0.05684695503404992 0.22514721225907414
2 0.3905593301674871 0.4507646610920376 0.06439939337960152 0.265021486321852
2 0.6470839141671745 0.2987870174736121 0.04542377548177672 0.24757897770999998
3 0.8305403765010809 0.3074173881666216 0.05785556986390537 0.2126957023806482
3 0.6649636670872472 0.7695727316325472 0.08184697555889013 0.16579732826703714
3 0.08266066513007675 0.2264564455415742 0.04645967666374897 0.23721080116490748