2 0.6436107854630715 0.715625 0.06506447831184056 0.26979166666666665
2 0.369284876905041 0.5666666666666667 0.05744431418522861 0.24166666666666667
2 0.24794841735052756 0.7572916666666667 0.06389214536928488 0.28229166666666666
2 0.5984759671746777 0.56875 0.06565064478311841 0.24166666666666667
2 0.8153575615474795 0.40729166666666666 0.07033997655334115 0.23541666666666666
2 0.6987104337631888 0.37395833333333334 0.05861664712778429 0.18645833333333334
2 0.6875732708089097 0.325 0.06506447831184056 0.14583333333333334
2 0.6799531066822978 0.44479166666666664 0.06037514654161782 0.24479166666666666
2 0.6236811254396248 0.3572916666666667 0.07678780773739742 0.18333333333333332
2 0.6359906213364596 0.38645833333333335 0.0492379835873388 0.21354166666666666
3 0.4712778429073857 0.846875 0.05216881594372802 0.2375
3 0.3141852286049238 0.28958333333333336 0.029308323563892145 0.178125
3 0.9853458382180539 0.2947916666666667 0.029308323563892145 0.20729166666666668