2 0.06866686043866814 0.7061556325983798 0.1030168869970957 0.33958681712203714
2 0.2255620861407419 0.6532540638285188 0.07261807846346675 0.35082607396111126
2 0.30682901705368576 0.42009305876222264 0.08589487670355249 0.23057462208666687
2 0.15814694261390339 0.47229239171643544 0.0735585088163689 0.31545789741601865
2 0.5811212329569659 0.3470405021497694 0.06432989989275803 0.3379866431100927
2 0.6014874155021133 0.281198167549862 0.07992490269486381 0.3927836813572224
2 0.6908563137106357 0.5120394853051863 0.082800759068783 0.2950124850552779
2 0.7320648933072683 0.576260884621066 0.07606687064711812 0.34055487765916675
2 0.810311912559345 0.44612789931162156 0.06878732907332738 0.3027639369297224
2 0.8770177069884199 0.7354229047570383 0.10094504768804737 0.38115650354555586
3 0.6369614590060522 0.858743392728843 0.08863514112395497 0.28251321454231404
3 0.6966778757715199 0.33931677912481584 0.09546451884724212 0.2601292097259261