2 0.1988612649276968 0.393952397378771 0.06616217729873577 0.1596446532944936
2 0.47857900991073127 0.5941084542105067 0.06066199556366024 0.26975822591700904
2 0.40985128426337675 0.7320599639314911 0.060784763367408595 0.307258225917009
2 0.7534331112549362 0.5621850102064819 0.03722897757962978 0.2727125164070709
2 0.28350454174889017 0.46146284314299363 0.08046206734981733 0.2312054123337897
2 0.32634925762050515 0.4759169232873564 0.08746196283744356 0.2211524585201045
2 0.3390914602339325 0.4283751163902238 0.11081313561897531 0.19319816803004267
2 0.28982960512919825 0.4236294396944273 0.07451173700099847 0.20381898495630513
2 0.2826455579359497 0.3781598192140754 0.05216920675702477 0.18183389425519725
3 0.03928075563575061 0.3584465553796838 0.04989274520732909 0.20254598997087012
3 0.6775626518288794 0.8463638755181961 0.05584989598968954 0.2320157506816879
3 0.7488384839277018 0.23320019996630592 0.042838286251370275 0.19593227711788863