2 0.46409500636839857 0.41800261262364197 0.13006570568882472 0.24579917728043565
2 0.6802899549784992 0.5201346167574712 0.09353358196995246 0.2926941273772524
2 0.5485346285473746 0.6350660267393102 0.08804036617326509 0.3109589633298801
2 0.16931657194557678 0.8137529647078232 0.0937382758122253 0.30311079404391894
2 0.6898305308105883 0.7673977479953691 0.11512684015740964 0.319440717947793
2 0.29282276138064406 0.6066212076072077 0.11593072418387412 0.3007877507572675
2 0.29283020705195745 0.6367810245358038 0.1083794138812575 0.3334418544242794
2 0.5078118591035095 0.40914134297893484 0.1120303850974891 0.22142701847165186
2 0.9663261444016342 0.5515874529832825 0.06734771119673152 0.287363066996892
2 0.32334248902583346 0.5217896098677558 0.07994196053811228 0.2562100998063665
3 0.6758611223140922 0.26497479982887506 0.06211133378904944 0.2422546076642493
3 0.6337111485585328 0.8822890261899368 0.05641342415008956 0.23542194762012655
3 0.17594673511042724 0.4066325414929207 0.06453787721107003 0.246615339949865