2 0.6377491207502931 0.81875 0.06389214536928488 0.309375
2 0.8774912075029309 0.6364583333333333 0.06506447831184056 0.23854166666666668
2 0.6699882766705745 0.3614583333333333 0.050996483001172335 0.20833333333333334
2 0.5539273153575616 0.39791666666666664 0.04220398593200469 0.22604166666666667
2 0.2966002344665885 0.5333333333333333 0.07033997655334115 0.26666666666666666
2 0.7057444314185228 0.5395833333333333 0.05861664712778429 0.27395833333333336
2 0.5533411488862837 0.61875 0.05627198124267292 0.290625
2 0.3493552168815944 0.446875 0.09085580304806565 0.23854166666666668
2 0.2842907385697538 0.42604166666666665 0.07620164126611957 0.18645833333333334
3 0.16354044548651817 0.9166666666666666 0.07209847596717468 0.16458333333333333
3 0.19050410316529895 0.30833333333333335 0.05568581477139507 0.21354166666666666
3 0.9261430246189918 0.5135416666666667 0.04689331770222743 0.24895833333333334