2 0.3862837045720985 0.6802083333333333 0.07737397420867527 0.31666666666666665
2 0.26143024618991795 0.6260416666666667 0.0697538100820633 0.246875
2 0.35580304806565066 0.45416666666666666 0.053927315357561546 0.2864583333333333
2 0.7022274325908558 0.771875 0.09613130128956623 0.3302083333333333
2 0.6307151230949589 0.590625 0.07033997655334115 0.2625
2 0.08616647127784291 0.759375 0.07444314185228605 0.28229166666666666
2 0.8083235638921453 0.540625 0.10316529894490035 0.23020833333333332
2 0.6201641266119577 0.496875 0.06623681125439625 0.26979166666666665
2 0.8458382180539273 0.5104166666666666 0.08675263774912075 0.234375
2 0.809495896834701 0.41875 0.08382180539273154 0.20729166666666668
3 0.6735052754982415 0.29583333333333334 0.04337631887456037 0.21354166666666666