2 0.716295427901524 0.603125 0.0914419695193435 0.21770833333333334
2 0.4015240328253224 0.66875 0.06565064478311841 0.215625
2 0.39331770222743256 0.39479166666666665 0.050996483001172335 0.171875
2 0.593200468933177 0.3885416666666667 0.04279015240328253 0.16979166666666667
2 0.22450175849941384 0.5572916666666666 0.047479484173505275 0.19895833333333332
2 0.3388042203985932 0.634375 0.05803048065650645 0.19166666666666668
2 0.2309495896834701 0.3625 0.0492379835873388 0.16145833333333334
2 0.5545134818288394 0.315625 0.03751465416178194 0.18645833333333334
2 0.8563892145369285 0.6760416666666667 0.04865181711606096 0.25416666666666665
2 0.25732708089097306 0.6645833333333333 0.044548651817116064 0.21770833333333334
3 0.3569753810082063 0.3104166666666667 0.038686987104337635 0.1625
3 0.2889800703399766 0.7572916666666667 0.07268464243845252 0.24166666666666667
3 0.9425556858147714 0.6208333333333333 0.03751465416178194 0.225