2 0.7117743107854068 0.3621896392173532 0.08896790774645856 0.25430393542694707
2 0.4575253584196824 0.4449899286521846 0.13866169067322745 0.22566054420664752
2 0.8334282236510338 0.22664547224254092 0.09820326456627908 0.24853888589758905
2 0.5524285789633492 0.24757424359877986 0.09176837297100014 0.22323579185343784
2 0.5435982866078923 0.5047143632433709 0.12731652305443666 0.3436831185006845
2 0.4759323975954792 0.6659939714954561 0.09824704402491982 0.35258431494659515
2 0.523994058792028 0.5662747717065021 0.12181511986733826 0.3080239765986969
2 0.40627213060304884 0.6071182002278931 0.0968617457255435 0.2921676482799287
2 0.42258925398507835 0.6121335302181831 0.06688465746540091 0.261485511392506
2 0.4700577932939234 0.6406605680468898 0.08049685343663907 0.2934023182896385
3 0.32386446865543966 0.361946789565625 0.0647091774784693 0.2176748925836757
3 0.5770824523110848 0.8360026882190961 0.12102493817978296 0.32463002445653333