2 0.6400937866354045 0.790625 0.1682297772567409 0.3614583333333333
2 0.451348182883939 0.3854166666666667 0.0914419695193435 0.284375
2 0.5574443141852286 0.384375 0.09788980070339977 0.28229166666666666
2 0.7444314185228605 0.6541666666666667 0.07268464243845252 0.303125
2 0.5697538100820633 0.509375 0.08675263774912075 0.2677083333333333
2 0.2878077373974209 0.6177083333333333 0.1271981242672919 0.2833333333333333
2 0.2514654161781946 0.46770833333333334 0.10492379835873387 0.26666666666666666
2 0.04806565064478312 0.45729166666666665 0.08675263774912075 0.31354166666666666
2 0.29308323563892147 0.41354166666666664 0.11664712778429073 0.26666666666666666
3 0.8253223915592028 0.2947916666666667 0.08323563892145369 0.23020833333333332
3 0.3616647127784291 0.8583333333333333 0.14830011723329425 0.28125