2 0.3963482343170508 0.815201500451579 0.17549289468623983 0.36959699909684196
2 0.8553173910906829 0.6343024664519608 0.13255662134770024 0.3322975350514985
2 0.5481744473841667 0.42603856399585555 0.10288464657387143 0.2775938127540132
2 0.3093988160029773 0.7296933122253669 0.09466834600265872 0.3557778335591228
2 0.6971113907184343 0.5976331870918521 0.11145462838169791 0.33033224332838457
2 0.5771672868744869 0.6188427920976257 0.10726179652693428 0.3070880280411989
2 0.6407347879599582 0.4962861186464489 0.10399055516366602 0.3150938127540132
2 0.702991312647609 0.497906144275618 0.13391327238855516 0.33865671792500496
2 0.6264293224279646 0.32365126790026105 0.09462186159654332 0.23527204884630848
3 0.1360081319938619 0.8781072825265741 0.15280344817496833 0.24378543494685184
3 0.7275239401418715 0.30381973691838604 0.06611723477860866 0.2201516598821564