2 0.19298307339452395 0.5576513859924027 0.08851210840702861 0.2880422966632134
2 0.439884564242035 0.4304512241485368 0.07497356052022015 0.20790530190180193
2 0.24873455735388011 0.7182193460140169 0.11174181245308748 0.33155258670989507
2 0.9408230133425242 0.6403431353657149 0.1034658232190022 0.27680372318638147
2 0.7405640795541308 0.45429847311207333 0.05217377663603664 0.18314501185512017
2 0.30425420443125534 0.38387578439230535 0.06260335612773309 0.22975460766424938
2 0.6324904993098357 0.5378857223548059 0.09014024068901451 0.2569863622821624
2 0.34476039944507897 0.36435526605724533 0.04932554250462029 0.2120205800933635
2 0.6260227731205763 0.4344211075216452 0.1084198787011549 0.23770555390042059
2 0.6527953551718569 0.42831952880622487 0.093539811973611 0.2011244935200601
3 0.8761267754528321 0.3958596451539204 0.07765260875345688 0.22268270085408423
3 0.33489903390760584 0.7762958913675831 0.07166952704937372 0.26793383733057063