2 0.3363860929977117 0.6902956635497453 0.11842004969180102 0.3637120478772824
2 0.8803656294274038 0.6898800947324885 0.08665793330613228 0.3300514616170827
2 0.5440902266195443 0.7496086721402888 0.0972157502226752 0.3322438792593715
2 0.6828517909374631 0.8783867889784289 0.1015708807493613 0.23020902784112943
2 0.7905658211383905 0.47621791778588973 0.0970861619853855 0.2926605459260382
2 0.15562213635056124 0.8025849441868133 0.12737584635266935 0.23464234504079826
2 0.6324577438648289 0.5257708490868875 0.09479605956860661 0.30930297163515924
2 0.5914840645604832 0.5439033991772697 0.1041269800742611 0.2948166021320084
2 0.5312282756058428 0.5809859371674034 0.08784390711577121 0.33423024876252233
3 0.9190113031171954 0.4978073920269322 0.07706783632589835 0.2653711644535669
3 0.02926214378228834 0.7018045623215584 0.055045866458378286 0.34222420869021664