2 0.7303634232121923 0.446875 0.07502930832356389 0.2125
2 0.3030480656506448 0.44895833333333335 0.05158264947245018 0.240625
2 0.4783118405627198 0.353125 0.06740914419695193 0.23020833333333332
2 0.45838218053927315 0.55625 0.0615474794841735 0.2708333333333333
2 0.5392731535756154 0.6583333333333333 0.0984759671746776 0.2916666666666667
2 0.5545134818288394 0.2520833333333333 0.06330597889800703 0.22916666666666666
2 0.6154747948417351 0.678125 0.10375146541617819 0.259375
2 0.6318874560375146 0.6197916666666666 0.07561547479484174 0.253125
2 0.39331770222743256 0.28229166666666666 0.03985932004689332 0.19895833333333332
2 0.8692848769050411 0.328125 0.0697538100820633 0.228125
3 0.3071512309495897 0.8625 0.0697538100820633 0.275
3 0.223915592028136 0.315625 0.04630715123094959 0.18229166666666666
3 0.984759671746776 0.30104166666666665 0.03048065650644783 0.21041666666666667
3 0.8745603751465416 0.334375 0.06213364595545135 0.215625