2 0.822133185908059 0.46016136959865184 0.08526977802393948 0.1983788636353651
2 0.8163083810507915 0.6416841049881552 0.08026089842952332 0.2502803733756963
2 0.7033146977131057 0.6535266336664324 0.07205456783163351 0.25002582034549287
2 0.7587446769489921 0.6361743095329108 0.08374378585245586 0.2483061341981641
2 0.6532149079658367 0.4591478890771171 0.060957788872880676 0.21636520454475558
2 0.3689384766476736 0.28975042154122593 0.05609790007898537 0.20580307900368713
2 0.32416633862977584 0.3849368279259438 0.07409223107413454 0.23134854978269387
2 0.2742380922869481 0.4875785422110305 0.07343156920259614 0.2625621850640935
2 0.18315429251731677 0.5122899902618658 0.06894690586078032 0.2749167261896915
3 0.33881972472248334 0.7784322748957406 0.07195223361743011 0.24377582034549286
3 0.8636549437453738 0.41718557306236886 0.06320012054378851 0.21018793398195648
3 0.18199175630556774 0.26219907846536467 0.05947845328771452 0.19757883982615507