2 0.43725685090926364 0.643899649886404 0.1107457710868753 0.2658819188298421
2 0.9239391286827685 0.5443894924129585 0.08614042062200898 0.2672015930725659
2 0.24981399405849883 0.4390865968583977 0.09902244166131845 0.2655182716438376
2 0.3830719929734723 0.32340414339358226 0.10241666852975718 0.24687736579963893
2 0.603545202815101 0.4083838928497677 0.11069120577166282 0.2575485854965088
2 0.8302198785878144 0.7102666796435227 0.11911579763040281 0.29113647186004527
2 0.154051419313875 0.29025317424052693 0.08948008217523525 0.24022735389503397
2 0.3718124687272224 0.2522071628742444 0.058740240421527576 0.19969853787808886
2 0.16865142644786602 0.20943955086373242 0.0951507682847696 0.21124251082136958
2 0.7198777587024044 0.6391218804024467 0.10954615548671331 0.26167888744457507
3 0.7169601570075608 0.7265491509652456 0.09183838938914984 0.24238341666556806