2 0.44667746545075737 0.6897019445897675 0.11591851383523356 0.3229024875027337
2 0.13505135557420747 0.5986983945759154 0.10185733895810693 0.32396714889695677
2 0.7810984919619047 0.4008402633743062 0.09478241870152335 0.31095781292740177
2 0.11537668018197593 0.31984829049472907 0.08992257609276152 0.25853492228103175
2 0.5444403065070446 0.28565379635186605 0.053621177474784634 0.26840335310499686
2 0.6221928147772767 0.39567610068675957 0.07128801681561865 0.2946766930288848
2 0.036292340407554885 0.5193707648163539 0.07003383867056427 0.26959180370062547
2 0.6707355049566728 0.35881986023067 0.09239683021516275 0.2982880342708834
2 0.5806090974842577 0.4091063385066275 0.05599994552760387 0.27898979842818183
3 0.03368128680102567 0.2590814321420761 0.06627812466894242 0.19642046904918123
3 0.5565224903201272 0.7525981257308667 0.04521023387064789 0.20530912780718252