2 0.33528722157092616 0.5114583333333333 0.0627198124267292 0.25
2 0.6594372801875733 0.46145833333333336 0.08616647127784291 0.20416666666666666
2 0.40386869871043374 0.421875 0.05803048065650645 0.240625
2 0.5099648300117233 0.36770833333333336 0.04689331770222743 0.20729166666666668
2 0.17702227432590856 0.471875 0.08675263774912075 0.17291666666666666
2 0.17819460726846426 0.46979166666666666 0.08440797186400938 0.20520833333333333
2 0.12133645955451348 0.5083333333333333 0.05627198124267292 0.23645833333333333
2 0.8053927315357562 0.6010416666666667 0.053341148886283704 0.23333333333333334
2 0.40855803048065653 0.36354166666666665 0.043962485345838215 0.18854166666666666
3 0.7133645955451349 0.3958333333333333 0.035169988276670575 0.20104166666666667
3 0.06330597889800703 0.38958333333333334 0.04279015240328253 0.18854166666666666
3 0.7819460726846424 0.5822916666666667 0.04572098475967175 0.246875