2 0.4501758499413834 0.6010416666666667 0.11078546307151231 0.28229166666666666
2 0.38686987104337633 0.315625 0.08851113716295428 0.25416666666666665
2 0.638335287221571 0.4552083333333333 0.07209847596717468 0.24895833333333334
2 0.3159437280187573 0.27395833333333336 0.08206330597889801 0.23333333333333334
2 0.10785463071512309 0.5739583333333333 0.06565064478311841 0.2791666666666667
2 0.17878077373974208 0.4822916666666667 0.0873388042203986 0.265625
2 0.7420867526377491 0.48020833333333335 0.05627198124267292 0.296875
2 0.1735052754982415 0.35 0.09613130128956623 0.20625
2 0.1570926143024619 0.2760416666666667 0.07971864009378664 0.21458333333333332
3 0.0984759671746776 0.19791666666666666 0.0779601406799531 0.18958333333333333
3 0.9624853458382181 0.5979166666666667 0.045134818288393906 0.2520833333333333