2 0.7177622119262574 0.6418829388393253 0.09687472854559678 0.22907115913430212
2 0.38973065210076624 0.7028035743156927 0.06873191749071883 0.22640602312751432
2 0.38000034541963335 0.4161634276469049 0.053341539699580456 0.18025754667939337
2 0.5892447245819693 0.4152822516973874 0.04512838866814916 0.1780045208996358
2 0.20470967958668884 0.5833604942711492 0.04992002694149538 0.20935148801187822
2 0.32455022641871906 0.666041488966663 0.06161607463288599 0.2012605724591509
2 0.21048910828367168 0.3793271573838159 0.05212828415577541 0.16773330490133276
2 0.5485468820227603 0.33736257702096356 0.0404936203662589 0.19457422045406017
2 0.8645493653532146 0.7199131610968995 0.05128333202321476 0.26770906312327225
2 0.2390722281152775 0.6955218391682398 0.04763674495825811 0.22805300445575702
3 0.3416130665778278 0.3278755698599356 0.040411775163760176 0.16957422045406018
3 0.27280086713779733 0.7930877298429667 0.0758545807820933 0.25363480712921127
3 0.9540452735363313 0.6644759904518681 0.040623208603548615 0.2341575537873936