2 0.9507620164126612 0.5989583333333334 0.04865181711606096 0.26666666666666666
2 0.4208675263774912 0.4322916666666667 0.07971864009378664 0.1875
2 0.6031652989449003 0.5395833333333333 0.06740914419695193 0.240625
2 0.16588511137162953 0.590625 0.045134818288393906 0.22395833333333334
2 0.3540445486518171 0.5125 0.05627198124267292 0.253125
2 0.5181711606096131 0.47708333333333336 0.07678780773739742 0.19583333333333333
2 0.47596717467760846 0.46979166666666666 0.04865181711606096 0.175
2 0.019343493552168817 0.7458333333333333 0.038100820633059786 0.26145833333333335
2 0.33411488862837047 0.7 0.08499413833528723 0.26145833333333335
2 0.6078546307151231 0.39791666666666664 0.070926143024619 0.19895833333333332
3 0.3118405627198124 0.8 0.05920281359906213 0.25729166666666664
3 0.8833528722157092 0.39375 0.04806565064478312 0.19895833333333332
3 0.1570926143024619 0.365625 0.04279015240328253 0.190625