2 0.48345580803595173 0.47704086986084915 0.10025056026072696 0.23305372318638148
2 0.38701169389550627 0.5346121466744677 0.07819452516910261 0.2478767664730332
2 0.7264995433947118 0.748967412731713 0.07612272280515837 0.26851603418741754
2 0.6373310832847989 0.46792568430674286 0.05106714937762161 0.23314501185512018
2 0.10030758346111784 0.4609361411626954 0.06409924350631768 0.24462903942600606
2 0.20915620563157503 0.36693222525329616 0.06164543221273944 0.23610164047372387
2 0.5456294033211152 0.39582230823913755 0.05894604375011082 0.20882424152144155
2 0.4890611929990104 0.7261932688131315 0.12241672095928118 0.3160503137569222
2 0.6761852191964574 0.7968298188529066 0.08253011456027107 0.3106678649014564
2 0.4831308223067086 0.6757566211704963 0.1067125247200731 0.27937222056708727
3 0.8152255406799793 0.4597580046801966 0.05521075410550981 0.19186647642635143
3 0.1464086167534976 0.3149144863511489 0.056655950569232866 0.21279684256915926
3 0.6620914078313669 0.8993324130109089 0.07833095692968631 0.20133517397818204