2 0.11931654588922005 0.4450969616026389 0.061882071541007014 0.28755969814258153
2 0.19232856913766772 0.5375738599710993 0.05947602175402157 0.26856701744478995
2 0.24324320693634127 0.5072955547941321 0.06066881599720193 0.27493835779368575
2 0.19639042102206644 0.3454218319088495 0.059312331349023986 0.21856701744478996
2 0.24940799012842255 0.4201698495418719 0.07572499254480358 0.2202657823293311
2 0.4255136977695841 0.48009379720750206 0.06651683984289718 0.27137839287149806
2 0.6105926439687649 0.594316025589747 0.06770963408607761 0.2777497332203938
2 0.680738628979468 0.7068879414971138 0.07019070864202019 0.31965908058485204
2 0.6261561611886195 0.33324226070520596 0.04998823127691111 0.23426296132029023
2 0.5854685492797228 0.26347016940877765 0.04643713028153606 0.22348227360693612
3 0.5770724189825596 0.7436682290410587 0.07475045217495335 0.280561108647102
3 0.8039112413069496 0.35965086451415906 0.0499677699762861 0.22801296132029023
3 0.018110558334332616 0.3378238982743442 0.032369134970867894 0.22202618942018665