2 0.7546880577307175 0.7458333333333333 0.07573365143529252 0.3104166666666667
2 0.67324621518987 0.4510416666666667 0.07203248427895723 0.2916666666666667
2 0.5955725585767341 0.48020833333333335 0.07744395974388 0.24583333333333332
2 0.6041208291566732 0.634375 0.08017742543395762 0.28541666666666665
2 0.2914062846164367 0.42604166666666665 0.062428726114583916 0.26875
2 0.24776527610501803 0.578125 0.0974554723578459 0.25416666666666665
2 0.199662997211133 0.69375 0.06347828017136077 0.25625
2 0.05462838750629102 0.7875 0.0891877523170667 0.24791666666666667
2 0.21250320366401335 0.56875 0.09650823403921797 0.27708333333333335
2 0.32733207807308073 0.32395833333333335 0.07592375329161773 0.21041666666666667
3 0.33353537856873805 0.8958333333333334 0.07415798906779793 0.15
3 0.8040022645800885 0.4552083333333333 0.05846153803906113 0.22291666666666668
3 0.09589863765648173 0.334375 0.05480129717798565 0.20833333333333334