2 0.8710433763188745 0.45 0.06740914419695193 0.221875
2 0.7913247362250879 0.690625 0.053341148886283704 0.27395833333333336
2 0.5756154747948418 0.6489583333333333 0.045134818288393906 0.26145833333333335
2 0.6107854630715123 0.48854166666666665 0.04630715123094959 0.22708333333333333
2 0.2514654161781946 0.39479166666666665 0.04220398593200469 0.2375
2 0.3528722157092614 0.2947916666666667 0.04044548651817116 0.21041666666666667
2 0.11899179366940212 0.553125 0.044548651817116064 0.26145833333333335
2 0.1336459554513482 0.6791666666666667 0.07678780773739742 0.26145833333333335
2 0.031652989449003514 0.7427083333333333 0.06330597889800703 0.26875
3 0.21688159437280188 0.81875 0.05920281359906213 0.2875
3 0.02637749120750293 0.34791666666666665 0.05216881594372802 0.19166666666666668
3 0.9507620164126612 0.353125 0.041031652989449004 0.20208333333333334