2 0.9361078546307151 0.46482451158508215 0.09378663540445487 0.2391534615819579
2 0.5621336459554513 0.45886560630980616 0.07737397420867527 0.2631349391384487
2 0.43786635404454866 0.42595227623923376 0.07737397420867527 0.2631349391384487
2 0.6635404454865181 0.4411142593076474 0.05861664712778429 0.2390542468220571
2 0.1951934349355217 0.4399701914158834 0.07268464243845252 0.2545105993926841
2 0.06623681125439625 0.5219312010910755 0.08558030480656506 0.2782275336935366
2 0.015826494724501757 0.5500595200247111 0.031652989449003514 0.3165476266172443
2 0.3030480656506448 0.2343187105966317 0.04572098475967175 0.1757539791878712
2 0.27549824150058616 0.32873670660299853 0.0492379835873388 0.17597223399719464
2 0.049824150058616644 0.4719080568679182 0.09964830011723329 0.2978505529308303
3 0.9683470105509965 0.3211571758329507 0.06330597889800703 0.20809525323448833
3 0.23036342321219228 0.7117459766559825 0.05744431418522861 0.20773149521894918
3 0.06623681125439625 0.2823478677577422 0.053927315357561546 0.20542990707629252