2 0.9610482389857735 0.6605888538104073 0.07790352202845287 0.294603193947772
2 0.8562757272456467 0.5727184579275968 0.09904972431892475 0.2727050497246147
2 0.7001440052892917 0.5307508280475918 0.07106378831442318 0.29387567791669394
2 0.41026360724830735 0.37531755788151705 0.05913583895681882 0.2618981618856158
2 0.5453755948787364 0.5180226164373611 0.07903821632265931 0.25896827247178206
2 0.29630858856635084 0.3318023190467264 0.07880631373300577 0.22355160580511538
2 0.45265816111629864 0.31755632472828543 0.07624338658704408 0.19007276926556643
2 0.5326355757900876 0.27253980954117024 0.05511411096343529 0.1845965737429592
2 0.7467709064126004 0.4034889346401246 0.07755213281763115 0.21097885420200743
2 0.7888589410497782 0.38839965901867235 0.07753849148882794 0.2088955208686741
3 0.3424877898427004 0.6730721708299359 0.07452622182687736 0.2857605993926841
3 0.23800528133378143 0.28653444802622324 0.048161961280920096 0.19666006412431233