2 0.23739742086752638 0.7916666666666666 0.06506447831184056 0.35
2 0.8511137162954279 0.5864583333333333 0.06506447831184056 0.30104166666666665
2 0.3798358733880422 0.6364583333333333 0.08147713950762016 0.3125
2 0.6143024618991794 0.48020833333333335 0.08264947245017586 0.25416666666666665
2 0.7532239155920282 0.54375 0.0615474794841735 0.29583333333333334
2 0.44079718640093785 0.44583333333333336 0.05158264947245018 0.26145833333333335
2 0.5474794841735052 0.428125 0.05451348182883939 0.234375
2 0.48300117233294254 0.484375 0.06389214536928488 0.24166666666666667
2 0.5064478311840562 0.3729166666666667 0.06037514654161782 0.19479166666666667
2 0.5105509964830012 0.27395833333333336 0.044548651817116064 0.19791666666666666
3 0.027549824150058615 0.3385416666666667 0.04689331770222743 0.209375
3 0.7473622508792497 0.3145833333333333 0.05041031652989449 0.19479166666666667
3 0.623094958968347 0.86875 0.07561547479484174 0.26145833333333335