2 0.7080890973036342 0.740625 0.06389214536928488 0.3260416666666667
2 0.32942555685814773 0.6010416666666667 0.05451348182883939 0.25416666666666665
2 0.22098475967174677 0.765625 0.06858147713950762 0.2791666666666667
2 0.567409144196952 0.5791666666666667 0.0955451348182884 0.246875
2 0.4894490035169988 0.4666666666666667 0.06037514654161782 0.23854166666666668
2 0.5609613130128956 0.271875 0.053341148886283704 0.18958333333333333
2 0.48827667057444313 0.35104166666666664 0.035169988276670575 0.21354166666666666
2 0.5234466588511137 0.39166666666666666 0.053341148886283704 0.19895833333333332
2 0.5697538100820633 0.4895833333333333 0.09320046893317702 0.228125
2 0.5228604923798359 0.5229166666666667 0.06096131301289566 0.221875
3 0.8903868698710434 0.8708333333333333 0.07620164126611957 0.25833333333333336
3 0.045134818288393906 0.571875 0.050996483001172335 0.24375
3 0.7262602579132473 0.2875 0.04337631887456037 0.18229166666666666