2 0.8482951270518321 0.35055499774210486 0.0773211808581013 0.24032103723773884
2 0.8128429527545021 0.44456466682080126 0.07740303344862035 0.24865437057107218
2 0.7427062763951298 0.29261853158758855 0.05331608349332604 0.30052819689410576
2 0.6026811440126011 0.3723871430750156 0.06835178027025156 0.2811142409163548
2 0.524668209982074 0.613199503243533 0.0757336514352924 0.3171860048240594
2 0.6673872130417497 0.747959633652686 0.09025183599381628 0.3643295326394688
2 0.09900903609621102 0.6424162196596661 0.05958701115870018 0.34274077792830415
2 0.26592190709465857 0.4329438858747538 0.059177748206104205 0.30107411126163747
2 0.21299892145245664 0.3012895989756992 0.05064400724613764 0.26697649781375976
2 0.22151813279245058 0.21291613598764852 0.05648520881128624 0.26543907884795814
3 0.5554825145774261 0.1134273910760312 0.053894985154617346 0.2268547821520624