2 0.23545113268182907 0.441700662597043 0.07599292915412498 0.2668584562035406
2 0.5299524115428664 0.4236707613469527 0.06347948277643947 0.28024077792830415
2 0.45091630000341376 0.4571368634120503 0.08648932335277942 0.2657577687317642
2 0.5295107447553966 0.27230154605976703 0.07285491397508749 0.19174927333003414
2 0.5858116433111415 0.3130032843383026 0.07503577300715883 0.1857176390770468
2 0.6256597370432962 0.3761215076160134 0.06808529494924347 0.2328700256291691
2 0.6002121008405863 0.4588956384767456 0.0726943394638448 0.27486424091635475
2 0.7441215826966658 0.41207822026537977 0.07727446666537424 0.2711343057437135
2 0.6704797841112472 0.33748837554926625 0.06803069266489661 0.23078669229583576
2 0.692643289280213 0.2863463847458062 0.0434663031555738 0.23057718528553603
3 0.4683262609739703 0.5160795612863814 0.06064339633220762 0.2612724121812915
3 0.25440432938907737 0.20081156414999016 0.07135496732645148 0.1791400904565278