2 0.11313012895662368 0.4395833333333333 0.04337631887456037 0.221875
2 0.1951934349355217 0.6510416666666666 0.07209847596717468 0.26666666666666666
2 0.22332942555685814 0.5333333333333333 0.05568581477139507 0.25833333333333336
2 0.4144196951934349 0.559375 0.05216881594372802 0.23958333333333334
2 0.8223915592028136 0.7072916666666667 0.07444314185228605 0.24895833333333334
2 0.6776084407971864 0.509375 0.04044548651817116 0.24479166666666666
2 0.5105509964830012 0.44375 0.06213364595545135 0.16770833333333332
2 0.5427901524032825 0.4041666666666667 0.07268464243845252 0.23125
2 0.4349355216881594 0.478125 0.056858147713950764 0.221875
2 0.3704572098475967 0.4395833333333333 0.04630715123094959 0.19270833333333334
3 0.5568581477139508 0.7697916666666667 0.070926143024619 0.26458333333333334
3 0.13071512309495897 0.2864583333333333 0.03985932004689332 0.20208333333333334
3 0.6916764361078547 0.2916666666666667 0.03048065650644783 0.18333333333333332