2 0.7561547479484173 0.8271094617486123 0.09026963657678781 0.32248373936120395
2 0.7825322391559203 0.3448671561506956 0.08792497069167643 0.20572009245138906
2 0.13481828839390386 0.7774513639810188 0.07971864009378664 0.307463994933704
2 0.6318874560375146 0.6448861755284269 0.06799531066822978 0.27572909371796306
2 0.4577960140679953 0.2981020591413433 0.059788980070339975 0.2149729962002778
2 0.593200468933177 0.42557766818314907 0.06565064478311841 0.23396544680814818
2 0.24677608440797186 0.6268738372580096 0.06916764361078546 0.26327758383953703
2 0.556271981242673 0.201133562686899 0.07971864009378664 0.22413066160037048
2 0.6441969519343493 0.39956198847162133 0.08440797186400938 0.22432462208666676
2 0.664126611957796 0.37955298720504727 0.08440797186400938 0.21182462208666675
3 0.37924970691676435 0.8636032209958802 0.06799531066822978 0.2653124270512966
3 0.24267291910902697 0.29962078849916707 0.05275498241500586 0.22093205547083344
3 0.9021101992966002 0.24564648188458466 0.05158264947245018 0.21671689868259267