2 0.4490035169988277 0.23020833333333332 0.08616647127784291 0.19270833333333334
2 0.3909730363423212 0.5802083333333333 0.14009378663540445 0.30416666666666664
2 0.6588511137162955 0.28958333333333336 0.07033997655334115 0.22083333333333333
2 0.8423212192262602 0.3333333333333333 0.08616647127784291 0.24166666666666667
2 0.24208675263774912 0.30104166666666665 0.09788980070339977 0.165625
2 0.5017584994138335 0.3885416666666667 0.08499413833528723 0.215625
2 0.3745603751465416 0.415625 0.10726846424384526 0.19583333333333333
2 0.24970691676436108 0.46041666666666664 0.06623681125439625 0.20729166666666668
2 0.4126611957796014 0.5708333333333333 0.056858147713950764 0.2791666666666667
3 0.35580304806565066 0.85625 0.08851113716295428 0.27395833333333336
3 0.8311840562719812 0.2125 0.07678780773739742 0.19270833333333334
3 0.041031652989449004 0.21875 0.07033997655334115 0.19895833333333332