2 0.25732708089097306 0.5833333333333334 0.10726846424384526 0.2552083333333333
2 0.4349355216881594 0.37395833333333334 0.0697538100820633 0.228125
2 0.604337631887456 0.6010416666666667 0.08675263774912075 0.25
2 0.746189917936694 0.46979166666666666 0.05158264947245018 0.22604166666666667
2 0.3505275498241501 0.5322916666666667 0.06330597889800703 0.2625
2 0.6588511137162955 0.7322916666666667 0.07327080890973037 0.2375
2 0.12954279015240328 0.684375 0.06740914419695193 0.284375
2 0.23974208675263775 0.5385416666666667 0.0914419695193435 0.19270833333333334
2 0.5257913247362251 0.259375 0.043962485345838215 0.20208333333333334
3 0.45427901524032827 0.7635416666666667 0.05216881594372802 0.23645833333333333
3 0.31652989449003516 0.30520833333333336 0.043962485345838215 0.1875
3 0.9214536928487691 0.3177083333333333 0.053341148886283704 0.18645833333333334