2 0.34114888628370454 0.678125 0.05803048065650645 0.24583333333333332
2 0.47596717467760846 0.4947916666666667 0.07678780773739742 0.20104166666666667
2 0.6735052754982415 0.546875 0.07502930832356389 0.19583333333333333
2 0.4155920281359906 0.44479166666666664 0.043962485345838215 0.18333333333333332
2 0.23153575615474795 0.7875 0.06506447831184056 0.23333333333333334
2 0.5087924970691676 0.4666666666666667 0.04220398593200469 0.18645833333333334
2 0.9618991793669402 0.503125 0.03575615474794842 0.23229166666666667
2 0.5211019929660023 0.4114583333333333 0.05041031652989449 0.18854166666666666
2 0.6248534583821805 0.715625 0.06447831184056271 0.33645833333333336
2 0.6553341148886284 0.740625 0.07620164126611957 0.30520833333333336
3 0.02403282532239156 0.740625 0.047479484173505275 0.23958333333333334
3 0.6951934349355217 0.396875 0.04689331770222743 0.18333333333333332
3 0.7555685814771395 0.8729166666666667 0.03458382180539273 0.19270833333333334