2 0.41041781854948034 0.607978010468069 0.10913787548814317 0.25551631160355204
2 0.30074033221380575 0.5491548424380264 0.1126139480205507 0.251531501363376
2 0.519417054249543 0.6761458690936967 0.10198109894703022 0.24265259875057055
2 0.5585819585593523 0.569782647047346 0.09797298457624812 0.19247074232407993
2 0.24133421842077468 0.3876693310455205 0.06257790167564965 0.1677355113925059
2 0.3478455462023175 0.47029928538682086 0.0839663787084693 0.19799331661811692
2 0.5296185417413382 0.47344520075550833 0.051863200011610135 0.15052327544636696
2 0.17330688174877115 0.5665360350132784 0.12082027861844044 0.2519558330251878
2 0.09932845876431325 0.3959594551770612 0.10753581644536173 0.21170569279472176
2 0.34989779449295444 0.3807765708623178 0.09320180021550607 0.18389493375542543
3 0.3564614439519736 0.846977449546205 0.09836178438121423 0.23205407565741326
3 0.04222905132496261 0.29816715747329764 0.08016289581398499 0.1686447935249595
3 0.7732050376837197 0.45269027025445013 0.06989838339780108 0.19726589091215405