2 0.773513199185307 0.4273840757659399 0.12238943460716438 0.3115145785805552
2 0.1971210435536019 0.49338619782831455 0.132421990399948 0.27258600967519214
2 0.34252880746252456 0.26334978670184356 0.10286808966700546 0.252017219597497
2 0.2675024397343496 0.5369741441100667 0.09984224517743923 0.2892989647881734
2 0.7152346908635927 0.18809506777867346 0.09207151601495381 0.23261245516952672
2 0.8509792449317702 0.11800254828903432 0.07459566728508543 0.23600509657806865
2 0.5301878581216364 0.6165838699503589 0.08790062493494868 0.2719047820904289
2 0.5887050822231602 0.24703028338253724 0.07121510021800208 0.25005292631358617
2 0.6461235803539666 0.3758662489015831 0.10905719060518448 0.2773809776130361
2 0.42979841560416837 0.1630653740005374 0.06919689035982819 0.18539684137714504
3 0.4813869462673965 0.6978008130824407 0.09640710540612228 0.29533070997885036
3 0.9529575875595937 0.04942449257396984 0.055973791766315194 0.09884898514793967
3 0.1346029381723591 0.24393515378525885 0.07282303459596205 0.1939484295198018