2 0.5609788769828059 0.38813862478994954 0.08661914658392622 0.26263726876028054
2 0.11237199228813362 0.48465266886580355 0.12184468776329312 0.35814521421635753
2 0.7776163644842518 0.5148871762102989 0.09302653833903865 0.3046070294710983
2 0.27348640293242177 0.5314991123422133 0.1099303538729192 0.34295569279472177
2 0.8740356427687381 0.6760169903211334 0.11211130164533034 0.33057693041238234
2 0.14132265267911953 0.19051666217971694 0.10453157694766196 0.2885465508927341
2 0.26688702651402907 0.38542330377355893 0.10638508849467251 0.2511677885103946
2 0.9249765728672139 0.5849645273140792 0.09438987574641136 0.3192509816132618
2 0.5433514830186011 0.24982027087074135 0.08841808542670332 0.22109183971127427
3 0.6824561791909863 0.8076815535308103 0.10055169033247398 0.3424707423240799
3 0.8289933861173637 0.4124066892743264 0.0629541969158787 0.24475822591700905