2 0.29073856975381007 0.475 0.05803048065650645 0.225
2 0.7168815943728019 0.6239583333333333 0.056858147713950764 0.2635416666666667
2 0.4742086752637749 0.6520833333333333 0.06389214536928488 0.2625
2 0.567409144196952 0.5739583333333333 0.056858147713950764 0.26145833333333335
2 0.12250879249706917 0.49583333333333335 0.050996483001172335 0.2635416666666667
2 0.64947245017585 0.5145833333333333 0.05216881594372802 0.24895833333333334
2 0.6037514654161782 0.7479166666666667 0.09613130128956623 0.2875
2 0.5205158264947245 0.24166666666666667 0.03341148886283705 0.265625
2 0.5357561547479485 0.2625 0.02579132473622509 0.271875
2 0.6277842907385698 0.47708333333333336 0.0492379835873388 0.21354166666666666
3 0.5826494724501758 0.8416666666666667 0.053341148886283704 0.240625
3 0.7063305978898007 0.34375 0.04220398593200469 0.171875
3 0.10023446658851114 0.34270833333333334 0.03927315357561548 0.19375