2 0.2557443494960331 0.6865202321713938 0.08757791020765016 0.26016286597280214
2 0.46261678103909143 0.7193326760119289 0.11239469457402501 0.32287237298310173
2 0.7726071593055559 0.5971152879509348 0.06654412157706369 0.27903090758302157
2 0.5597775769801372 0.5929235964095348 0.08973160395359771 0.2020478983864815
2 0.4488663267014028 0.4419262234264329 0.06051876645928754 0.22848499321548985
2 0.3153461584572767 0.5701589672834638 0.07937840004330199 0.2614819191915911
2 0.5137258011936996 0.6897071310094544 0.08764611454306576 0.28099619930613545
2 0.3616840016391634 0.5650966907869641 0.09463918959715065 0.2691512965471735
2 0.32900190835197707 0.5182895703287868 0.0722420958848444 0.22957682195055315
3 0.2231683637420378 0.42820018694313 0.05223741109244051 0.2048040464342788
3 0.3183273624386342 0.9132494406740693 0.061336436857681816 0.12026084275566262