2 0.6318874560375146 0.4479166666666667 0.06799531066822978 0.22395833333333334
2 0.7842907385697538 0.5427083333333333 0.07327080890973037 0.25729166666666664
2 0.556271981242673 0.26458333333333334 0.06565064478311841 0.19583333333333333
2 0.4091441969519343 0.5135416666666667 0.06389214536928488 0.24895833333333334
2 0.7784290738569754 0.34791666666666665 0.07737397420867527 0.19583333333333333
2 0.9009378663540446 0.4635416666666667 0.06096131301289566 0.23020833333333332
2 0.17995310668229778 0.621875 0.05861664712778429 0.2375
2 0.3540445486518171 0.6052083333333333 0.11019929660023446 0.25729166666666664
2 0.3493552168815944 0.4479166666666667 0.06740914419695193 0.20416666666666666
2 0.32004689331770225 0.6802083333333333 0.06037514654161782 0.259375
3 0.05568581477139507 0.5572916666666666 0.04279015240328253 0.25416666666666665
3 0.6617819460726846 0.24895833333333334 0.04220398593200469 0.18645833333333334