2 0.3024572969340388 0.3196058900368894 0.1137453546678466 0.24973115285128955
2 0.6434131145975894 0.5035563505679245 0.10348084225166287 0.27813381556362365
2 0.43198985551262725 0.32794449414286303 0.09130732357825022 0.2314515889476984
2 0.6980259454007491 0.5772529263345139 0.08348979278532681 0.2704406969832173
2 0.40703291758389576 0.7091980389338463 0.11781485848151839 0.3062358208360673
2 0.507902045948101 0.36362818914891404 0.0773211808581013 0.23876625034192145
2 0.4366029640208176 0.6186968281352517 0.08132929522888341 0.28902091832669896
2 0.6407981297471329 0.3565964612396653 0.07232490187343149 0.20717669302888464
2 0.3232143831541632 0.22638467594301773 0.08044937988080211 0.19943758499336564
2 0.5292014055804151 0.32561530838837566 0.07228397557817197 0.203010026362218
3 0.9663588142679072 0.7445243598442756 0.06728237146418568 0.2547538023825145
3 0.3208123216731497 0.7570828953093329 0.07768951751543765 0.2762662503419214
3 0.36175812822509223 0.2146026904422376 0.05807273823409515 0.18740802108977442