2 0.3969254764684889 0.4040086730234156 0.061367125729694424 0.24552901042922742
2 0.7060677140742619 0.48592118478301066 0.07798445535388096 0.25972777531376867
2 0.48243227225556234 0.730028820256111 0.080874903714744 0.29330378934489354
2 0.07413458783119856 0.7751203683170295 0.0791783545195879 0.33264444198043536
2 0.5919924732074098 0.8346487784921431 0.08651935481753241 0.3307024430157137
2 0.7235882202346737 0.9113064485724748 0.11998377285747858 0.17738710285505047
2 0.1543603884752184 0.7428678523908395 0.09222300768822156 0.27160052616718483
2 0.450645374946867 0.21822701327819513 0.062403013053312195 0.23731701744478992
2 0.6405527392208429 0.8745503872333613 0.1084651118603288 0.2508992255332773
2 0.9931464614449101 0.4359265983247312 0.013707077110179699 0.2662820982178746
3 0.4611050310187708 0.9038295785956709 0.06481590174789259 0.19234084280865815
3 0.17736437475402242 0.32512869795434907 0.06467945612895454 0.23339303147591484
3 0.9535977735264075 0.34307734927226363 0.049132125233120286 0.21306560694026946