2 0.6189917936694022 0.45416666666666666 0.053341148886283704 0.2864583333333333
2 0.7157092614302462 0.48020833333333335 0.045134818288393906 0.26145833333333335
2 0.26143024618991795 0.80625 0.07033997655334115 0.27395833333333336
2 0.4900351699882767 0.3645833333333333 0.044548651817116064 0.22395833333333334
2 0.48651817116060964 0.6833333333333333 0.06389214536928488 0.275
2 0.369284876905041 0.35520833333333335 0.07268464243845252 0.18020833333333333
2 0.39331770222743256 0.5385416666666667 0.06506447831184056 0.23020833333333332
2 0.4015240328253224 0.5583333333333333 0.06096131301289566 0.24479166666666666
2 0.36107854630715125 0.5958333333333333 0.06096131301289566 0.25
2 0.2801875732708089 0.5052083333333334 0.0914419695193435 0.246875
3 0.15181711606096132 0.3854166666666667 0.06447831184056271 0.17604166666666668
3 0.4824150058616647 0.8927083333333333 0.05803048065650645 0.21145833333333333