2 0.21439417301293262 0.5788562054423674 0.09739660304435259 0.24259994353217423
2 0.03482876950671037 0.5942583656006625 0.06965753901342074 0.2694045058537325
2 0.2541696212537497 0.4024569846519024 0.07765624610586648 0.2090726825384756
2 0.623635514000678 0.6110723712052124 0.11059946224296363 0.25314993546534176
2 0.3977853917034827 0.440543438856792 0.07968873017381804 0.23825146968391497
2 0.42764087481252944 0.6203881578269406 0.0797501695399176 0.24033480301724855
2 0.5340417104509868 0.5890889814040532 0.13640075695251164 0.17427416028922285
2 0.42893938874369647 0.39752603331475167 0.0630917508797392 0.23183178298109558
2 0.6005400438928474 0.4603155357897071 0.07937654835665788 0.26740601587180896
2 0.5493102658939298 0.5681041420860595 0.10912491745657096 0.20314993546534196
3 0.5230216314791646 0.7839351902251974 0.07611029198005115 0.23613177491426332
3 0.7062218643545045 0.35404666056375167 0.06451482627335521 0.20060602393864121
3 0.12083335512623071 0.41320765899261785 0.06414120509009555 0.2276772367932016