2 0.550527337308264 0.5959561990964842 0.09337811931456502 0.3129031717871643
2 0.5066669809848983 0.5156069500440167 0.09264084692136876 0.2879031717871642
2 0.38694040741563046 0.4585599081388744 0.07709332183764635 0.27590908058485214
2 0.34951791230299806 0.4578020169742088 0.08634910664589243 0.27271313670935177
2 0.11533359568905213 0.6412605787839034 0.1297154555471299 0.35612671558737147
2 0.7452865214575074 0.8579536924103285 0.09843608728138596 0.28409261517934303
2 0.6356111421993701 0.6276093708836484 0.07875716970899962 0.2926970876004146
2 0.7196687350831775 0.7235425251319064 0.06277956906257931 0.2661196630647692
2 0.6033769712657501 0.5848105183045764 0.08276568346546428 0.30972777531376866
3 0.6740980464823431 0.5059359567772305 0.0663015528769079 0.22702169112701906
3 0.6876196920109378 0.8884658626318346 0.08819727261554468 0.2230682747363308