2 0.7743259085580305 0.6677083333333333 0.10550996483001172 0.29270833333333335
2 0.563305978898007 0.5645833333333333 0.06565064478311841 0.2375
2 0.22801875732708088 0.6364583333333333 0.07737397420867527 0.25
2 0.6406799531066822 0.36875 0.04865181711606096 0.19895833333333332
2 0.42028135990621335 0.5822916666666667 0.06858147713950762 0.22916666666666666
2 0.34232121922626024 0.33645833333333336 0.04044548651817116 0.221875
2 0.18229777256740914 0.6625 0.047479484173505275 0.23020833333333332
2 0.43259085580304807 0.5625 0.0492379835873388 0.22291666666666668
2 0.3223915592028136 0.28958333333333336 0.06389214536928488 0.19791666666666666
2 0.8898007033997656 0.34270833333333334 0.043962485345838215 0.21041666666666667
3 0.3593200468933177 0.7270833333333333 0.049824150058616644 0.2520833333333333
3 0.1858147713950762 0.3385416666666667 0.03927315357561548 0.178125
3 0.8821805392731535 0.28020833333333334 0.045134818288393906 0.18541666666666667