2 0.23604027085024734 0.5677281290343914 0.12400397751456138 0.26803661428078107
2 0.3019333935711285 0.6423085594182052 0.09363252557680699 0.26968042790111135
2 0.37715380988990593 0.628806792945172 0.09775014953228783 0.2928881929962012
2 0.4246092252630353 0.5365293631137379 0.09398905659595934 0.32791672842497
2 0.33988809834948164 0.5331475751339708 0.09106945055430873 0.2611530289488291
2 0.5209107980892365 0.34354413730806216 0.07991782894349377 0.23736306699689205
2 0.540938436366638 0.2712067954278744 0.07803566630443072 0.21018270085408422
2 0.5829303909632984 0.47665196664415815 0.08049276910003286 0.30393270085408425
2 0.6596716772708425 0.24890648167095228 0.08098095731735601 0.23329343313969986
2 0.5789075998015271 0.1391776608817107 0.06424068241549609 0.2194349738070572
3 0.03910764367012428 0.42707758919259753 0.06345056546336736 0.23392127433091592
3 0.741991832962487 0.6786438569129942 0.09106945055430873 0.2611530289488291