2 0.23428996958820356 0.6890793609640876 0.11645422884822845 0.31848115285128953
2 0.6620279848773866 0.21800208684659517 0.07208867923636803 0.25492358103903295
2 0.6531306158347693 0.7140246487730201 0.10021212467612114 0.3277093689223276
2 0.07227199213315404 0.8655896449178369 0.09687822805370984 0.26712292359914236
2 0.3557726714924616 0.4383295361736876 0.10233957695124263 0.38612759158392007
2 0.3481399621842665 0.5097995394689648 0.09766279036260296 0.31503959026580924
2 0.6356389348690695 0.5776282100403894 0.07621968334925576 0.2926782490238106
2 0.39754223020448615 0.5521099656795418 0.1065980056415002 0.2886353715585495
2 0.396235213713 0.4364425210154123 0.08653189999911562 0.2788589196448098
2 0.3112114744937624 0.5124735533091294 0.07404557448781682 0.3029251370339589
3 0.2016126516163965 0.34207348218071554 0.06161845074441895 0.18757779974629282
3 0.9577691616348214 0.1799008647944834 0.08250323010043115 0.2473542516600323
3 0.3802652250895302 0.8589311962497999 0.08154811076786561 0.18902091832669896