2 0.5848872491755025 0.5515911250071397 0.11826317972034493 0.3182198051933786
2 0.44944187170907146 0.5682912500054921 0.14398630012115443 0.2981864956692552
2 0.8224146490936156 0.3254954518498482 0.10172093028727576 0.2781273657996389
2 0.7109202517470772 0.3664501001168913 0.09692929201392954 0.24673190692523714
2 0.2580242212624996 0.6742186991373661 0.10996818348641478 0.2908819188298421
2 0.4043995200867855 0.3624178073642431 0.08986801262442891 0.23818038528030114
2 0.5053838435515721 0.30929044156460417 0.09677242204247331 0.19881524025857047
2 0.45609811692944224 0.32540109307915654 0.08396542531040126 0.22549856168729884
2 0.45611175779652535 0.3212344264124899 0.09341911361980397 0.24870614610276906
2 0.22124880251338389 0.8076376720806467 0.08667839460675715 0.33807129112449985
3 0.2562414595179737 0.8607133971893 0.0899566782604694 0.26526371861363457
3 0.07593145251463417 0.4382249285723701 0.06280204844252477 0.2060939967524907
3 0.6962119173100955 0.20442284145869719 0.061622895066427485 0.20397429870055686