2 0.0914419695193435 0.5541666666666667 0.06037514654161782 0.265625
2 0.48417350527549824 0.715625 0.07854630715123095 0.30625
2 0.39331770222743256 0.2375 0.06096131301289566 0.19791666666666666
2 0.45193434935521687 0.3125 0.06389214536928488 0.19375
2 0.48827667057444313 0.3458333333333333 0.06447831184056271 0.184375
2 0.511137162954279 0.5052083333333334 0.05451348182883939 0.228125
2 0.5779601406799532 0.46041666666666664 0.07502930832356389 0.234375
2 0.61957796014068 0.434375 0.047479484173505275 0.23125
2 0.5574443141852286 0.3729166666666667 0.04630715123094959 0.259375
2 0.5814771395076201 0.32916666666666666 0.050996483001172335 0.165625
3 0.09613130128956623 0.7802083333333333 0.059788980070339975 0.2520833333333333
3 0.26553341148886284 0.23645833333333333 0.044548651817116064 0.20520833333333333
3 0.8534583821805393 0.5229166666666667 0.04220398593200469 0.23645833333333333