2 0.2900651380740059 0.37866196806702723 0.10702260690124062 0.22706055113515036
2 0.6348901623010454 0.426389809038781 0.09515115380868461 0.25804389157648394
2 0.413450563161222 0.33645205076381374 0.08551093022501546 0.21412419913005973
2 0.6956975704318128 0.47657235216417426 0.07508493254849696 0.25346511468278715
2 0.43818713160147643 0.7158732561001167 0.10886618359724248 0.28331055113515047
2 0.4898229059732677 0.3432360996710856 0.07061200506364386 0.2242257226819387
2 0.4548734622523272 0.6173270329938133 0.07335479222871959 0.27216663112666595
2 0.6132482525847982 0.28437163659023573 0.06600251634204979 0.19081966401442355
2 0.2974069454935965 0.2809634774029059 0.0739357244664579 0.1826560231275143
2 0.5041472270936198 0.2977300303415703 0.06710656866623511 0.18876057245915082
3 0.9695923113638727 0.5363752322299288 0.060815377272254584 0.2386151217907873
3 0.36285579472878515 0.7944695111924205 0.07066872325175605 0.2617014809038783
3 0.33282747836482185 0.25358997252278426 0.05262888964534422 0.17596967112242368