2 0.5541407051821803 0.3791151779007247 0.07563156846705756 0.2317693381573928
2 0.21777518260341255 0.5373702216201169 0.07879384471720736 0.20501355344457864
2 0.8668090907484691 0.6891645439505941 0.09057272704546064 0.2997461993061355
2 0.28746126690441554 0.49134509874990967 0.06758895598186798 0.24350505804284855
2 0.8521305832097953 0.4241902118232757 0.05005853454776615 0.24603398160692008
2 0.46911633989938745 0.6575367209427483 0.11570917933088455 0.252148222523275
2 0.4213264933711604 0.37275743404369377 0.08806336284918607 0.1975536830992958
2 0.44557613921279116 0.48806374415988774 0.055374472218210305 0.20491322930778513
2 0.4676058681507618 0.4152651191034404 0.06502599927982293 0.2266200256291692
3 0.9449914430392078 0.30734061435644816 0.08100207884173516 0.19481525252492454
3 0.22870965831374215 0.3730096834021527 0.046813419042803256 0.1770656158599074
3 0.4536698937075937 0.8087923239880711 0.07724048304348073 0.2652118543642326