2 0.2391559202813599 0.5479166666666667 0.05627198124267292 0.259375
2 0.37280187573270807 0.7 0.0873388042203986 0.34791666666666665
2 0.6219226260257913 0.64375 0.06916764361078546 0.28020833333333334
2 0.7397420867526378 0.5479166666666667 0.08382180539273154 0.21458333333333332
2 0.8786635404454866 0.6520833333333333 0.06916764361078546 0.27395833333333336
2 0.8434935521688159 0.4 0.038100820633059786 0.23541666666666666
2 0.61957796014068 0.41875 0.04044548651817116 0.23020833333333332
2 0.3939038686987104 0.478125 0.06096131301289566 0.19375
2 0.32415005861664714 0.42083333333333334 0.04572098475967175 0.284375
2 0.34876905041031653 0.43020833333333336 0.043962485345838215 0.23645833333333333
3 0.38159437280187575 0.8010416666666667 0.07209847596717468 0.23854166666666668
3 0.7930832356389215 0.31875 0.045134818288393906 0.2
3 0.19753810082063306 0.340625 0.041031652989449004 0.184375