2 0.12868906351981724 0.7924857730503702 0.0981152658235682 0.25194134675731494
2 0.2492590059274982 0.663557202255694 0.07820606710074623 0.2573670146905556
2 0.3984594203882791 0.38242320187657347 0.08155937552341577 0.20751248505527792
2 0.3606280068801111 0.3017074641610643 0.05324605362999848 0.15218205547083344
2 0.5305071566140205 0.3280097298661566 0.0968133446437228 0.21230952330240752
2 0.5386384624429531 0.3505869656818047 0.08868203881479024 0.23488675911805573
2 0.6823545738126221 0.49149768072819344 0.10281823846087394 0.2563019739102779
2 0.7358355415865078 0.44658304686323963 0.09570239560304136 0.2310110331808334
2 0.8167026431054547 0.45052889514129507 0.10745982719630597 0.24191260106324097
2 0.8359335995041877 0.4841038081353228 0.08994303739338615 0.262018582572963
3 0.3755810952979957 0.7468619357923605 0.07109022424291332 0.23207607396111124
3 0.948969024017823 0.15030633485833192 0.055768050787190555 0.20644570238064824
3 0.19336253934290817 0.3721589731520368 0.05216920675702477 0.181300232015926