2 0.8401003903294831 0.7620810616982833 0.10342232242075128 0.3258622088733034
2 0.7311199481016574 0.5434061569351231 0.07520281220199633 0.2771091536788262
2 0.6964253055566726 0.4954842180819026 0.08040924950261412 0.2522909772718286
2 0.5972700421694583 0.5621532505482083 0.09524167679413643 0.2818940205617006
2 0.3346096284108407 0.4785595514108422 0.0919141697907841 0.24432129112449985
2 0.3762370580154074 0.36571935877069167 0.07446406519241694 0.20422885173076005
2 0.2507653703886319 0.6146020562799094 0.10628409383625802 0.3009713030291048
2 0.19571062734746913 0.34942634307586123 0.10453682073716304 0.23430463636243815
2 0.22451307169570478 0.30683237608488306 0.11113400011772345 0.21785615800737404
2 0.17444321135752788 0.2990028766254023 0.09428452064717016 0.20068038528030113
3 0.6413080531397742 0.7651198815010599 0.09616991562803055 0.3173106872283673
3 0.0544123581146395 0.21828253084474786 0.06737546525273609 0.20192733008582403
3 0.6800061796772982 0.3166811986012405 0.05676986648538821 0.19951671428508652