2 0.33654486404490397 0.820605786495926 0.1390002116591237 0.3073401190763294
2 0.6446996856897608 0.2664645273906958 0.0703207562656614 0.2295903858559356
2 0.3649843126903924 0.5377382391879374 0.12103300153036152 0.2909366805095592
2 0.7366298434264273 0.1859239661456986 0.07021155169696769 0.22542371918926887
2 0.4445696794151097 0.6141047761608147 0.13698315948009268 0.3195974383785379
2 0.40030688150536453 0.6071967059110738 0.11116291743079541 0.27121595771839274
2 0.3275322547858985 0.38702977246480097 0.11604174102533314 0.23432265946287173
2 0.3740032128698882 0.388486828683417 0.0867623347745129 0.2770011437249143
2 0.36229272592996864 0.3677645619979271 0.06235851977643304 0.19344567709589408
2 0.4062648214196468 0.2514526147087618 0.08283420264334677 0.21634179636045606
3 0.5602483378561433 0.20626902198784963 0.06385846642506891 0.20606701744478997
3 0.8030916153833576 0.7482933241276168 0.09142274923166374 0.23177451213605996
3 0.04104305306729229 0.6913838631965319 0.05287388400909155 0.2776489402736028