2 0.7423632752191295 0.8549346614152084 0.11805259531827235 0.29013067716958335
2 0.08001480333385676 0.6734385946849083 0.1454527755187539 0.3737908302567258
2 0.6922177325991239 0.6340215903882348 0.1063838312079281 0.3146575182473927
2 0.6410315029964799 0.8654354445151483 0.10031754656310245 0.2691291109697033
2 0.5576790914456845 0.6739421192446 0.11089582570370993 0.287671152026302
2 0.6394286468621101 0.6277223770421748 0.10331699623076492 0.383334792913211
2 0.5873685508815498 0.5537390721408421 0.06625168458497199 0.27216663112666595
2 0.6326670651155816 0.5796723805961749 0.10503416099093163 0.28754994313599885
3 0.4621006746399033 0.8459005058879344 0.09896787634610596 0.2561787342456957
3 0.06414574195391558 0.30857648090387807 0.09884510438687756 0.23742873424569594
3 0.8088371670585509 0.5426957681942941 0.06239365253722603 0.22001057245915093