2 0.7215709261430246 0.4791666666666667 0.06330597889800703 0.221875
2 0.6447831184056272 0.7083333333333334 0.06623681125439625 0.34479166666666666
2 0.2842907385697538 0.5916666666666667 0.08147713950762016 0.30520833333333336
2 0.4794841735052755 0.42291666666666666 0.06506447831184056 0.20729166666666668
2 0.5199296600234466 0.6166666666666667 0.056858147713950764 0.2864583333333333
2 0.8511137162954279 0.49583333333333335 0.08382180539273154 0.19479166666666667
2 0.07737397420867527 0.684375 0.07033997655334115 0.26979166666666665
2 0.5627198124267292 0.3927083333333333 0.049824150058616644 0.190625
2 0.30656506447831183 0.5364583333333334 0.045134818288393906 0.28125
2 0.28311840562719814 0.48333333333333334 0.03575615474794842 0.22291666666666668
3 0.40855803048065653 0.7614583333333333 0.07327080890973037 0.284375
3 0.24794841735052756 0.3416666666666667 0.04689331770222743 0.16770833333333332