2 0.7092059633098347 0.540080749286804 0.09760711273471702 0.2420679632138402
2 0.7748673912045286 0.5704794331405357 0.10563034112735145 0.3031397271215449
2 0.22296068338710082 0.6020583084586001 0.1044364419616444 0.23022306045487823
2 0.20690344349025677 0.4460222448372562 0.0587836800114416 0.23013159505479783
2 0.34358707603298166 0.5115366229472744 0.061993676196498315 0.21170914367531685
2 0.4236440817233367 0.34550589703174445 0.0807510032773893 0.2134560696514182
2 0.33674872576448633 0.38072335444129984 0.055735219808489354 0.11543907884795815
2 0.36030399142059516 0.34931843886775327 0.06027556077819097 0.17826662746847716
2 0.43519685412522113 0.33399740163001446 0.05631511368897552 0.1508557455146248
2 0.3829660879628157 0.2992181147309599 0.07031488619017473 0.14799927333003424
3 0.9136541613484471 0.4417524883197755 0.050440903794614016 0.2210339816069201