2 0.9073856975381008 0.7697916666666667 0.04865181711606096 0.265625
2 0.6436107854630715 0.6791666666666667 0.06389214536928488 0.246875
2 0.7731535756154748 0.5447916666666667 0.07444314185228605 0.21770833333333334
2 0.7450175849941383 0.5145833333333333 0.045134818288393906 0.2125
2 0.5322391559202814 0.440625 0.035169988276670575 0.2
2 0.4320046893317702 0.465625 0.038686987104337635 0.21041666666666667
2 0.3950762016412661 0.6395833333333333 0.05803048065650645 0.23229166666666667
2 0.34642438452520513 0.7333333333333333 0.05158264947245018 0.25
2 0.2731535756154748 0.6458333333333334 0.0492379835873388 0.253125
2 0.24912075029308323 0.6322916666666667 0.045134818288393906 0.22916666666666666
3 0.47245017584994137 0.9010416666666666 0.04689331770222743 0.19791666666666666
3 0.23153575615474795 0.37395833333333334 0.053927315357561546 0.18854166666666666
3 0.8352872215709262 0.34791666666666665 0.03634232121922626 0.21041666666666667