2 0.2004997915966704 0.6373726780658331 0.18104973684658535 0.34453106762824104
2 0.5856064759742632 0.4243019774600917 0.1636695845633614 0.3500537158046299
2 0.4321506250724113 0.3805814482039345 0.1434899269269494 0.27015969731435213
2 0.38214366405602085 0.520336238857129 0.1565105881015446 0.3102279318634262
2 0.8596991835831262 0.38793104395097094 0.1522078151810282 0.3932703244673151
2 0.3018562011363437 0.4704600770025922 0.10693120142235364 0.2977746800906483
2 0.0853785092586353 0.5096633278879166 0.09335273287053673 0.2764079554200001
2 0.48583372403213665 0.2813546773075919 0.1018437483721664 0.24971254305925944
2 0.6840141625305702 0.41814547391453605 0.181266141131955 0.3154128910831485
3 0.8016271404575369 0.7293336277905081 0.13422469976272827 0.3446747960986111
3 0.856433823313193 0.14526219725400402 0.09383069719912963 0.29052439450800804