2 0.08766501259050337 0.43565762486739495 0.0476913084265906 0.24471967112242368
2 0.33682970488831 0.5961191261404886 0.08185947459924456 0.2975060160195144
2 0.6775769672196558 0.35367234383624996 0.06766871148482811 0.25971511468278713
2 0.2222953482487174 0.6693160328347297 0.08668521504029865 0.3392696497984232
2 0.45953930936155857 0.7112820727774597 0.08187311546632782 0.3016726826861808
2 0.5700080130866848 0.6267116789730972 0.07710875892714784 0.278659048907272
2 0.4219435916238714 0.3787487181201259 0.08169578419424711 0.24750601601951427
2 0.7749893375751459 0.49748148870152387 0.07588868294980117 0.26405147379587796
2 0.45690594749082103 0.26240858566733843 0.04872041226477345 0.20099391290048427
2 0.7299772870905002 0.4609147971568566 0.10512880217827758 0.24382418491405947
3 0.6852850153557146 0.6847405305007955 0.0723444023879676 0.25564541512836264
3 0.9751722033567193 0.40168159887552596 0.047759512762006205 0.265553004455757
3 0.2205887837130392 0.2954183039465479 0.03819669751593852 0.2091090702312723