2 0.7668807082694304 0.5988504193720084 0.07098293022218037 0.30557268979418095
2 0.6621542765770083 0.5614246042860679 0.06505987606651253 0.29920148090387805
2 0.16662444725096046 0.4299758470719412 0.08641336033172956 0.20591207468702943
2 0.2418379239031925 0.4471743732760632 0.06539321995624645 0.213809056015272
2 0.7486336285969554 0.4721185918205537 0.06333503813795212 0.2429272391258176
2 0.6960628145106177 0.4919594718332804 0.07051227782669468 0.2576560231275143
2 0.9278075001878213 0.6278209624443739 0.07542670422084546 0.28066965690642337
2 0.7023251460836767 0.29387311272018957 0.059470165800578734 0.207437847124969
2 0.7464470385643955 0.18981480426485675 0.04879639043179874 0.19471967112242367
3 0.22770823495046447 0.8590084541693358 0.06364198535239919 0.2741772391258176
3 0.5240107266932622 0.2256707420963694 0.04166007703831555 0.1841575537873935