2 0.6410335603752234 0.5820613423959088 0.09131173239020486 0.29609183971127423
2 0.4267906489380283 0.6379765604829247 0.1150449626205005 0.31188754922121237
2 0.3133720809725097 0.5395686806551311 0.11358605829876289 0.297243597079049
2 0.7648765732589536 0.4943251298510729 0.07642496171044523 0.2536977473386447
2 0.546299755254713 0.5984297992444917 0.11253654166157098 0.3034329782702187
2 0.5015929264053791 0.5329643618378772 0.07206314008785904 0.2701219387699905
2 0.5567539828581782 0.5332402778228559 0.07403935705687935 0.2514931763876509
2 0.5339195379041701 0.47602839245288203 0.07076799083993958 0.26381131996116014
2 0.2913545686054184 0.7628076038538115 0.0924021877958514 0.2919857918534378
2 0.8437504154053594 0.8353887397746799 0.11733379839453045 0.24956940564770302
3 0.2735593025832099 0.8127358381284286 0.09966692671928602 0.24449345684858295
3 0.3295223505852221 0.3760684703094321 0.06865406622292886 0.2158340344856633