2 0.37339918163717223 0.4428934227231275 0.08679125208758506 0.3153954054111125
2 0.6512869942818242 0.7066148130479981 0.11620878022017064 0.3198650840470999
2 0.8322453947118401 0.8005512914533844 0.11089313835085943 0.34063781498656903
2 0.16348090780792301 0.5148364743719703 0.10606568469887113 0.29060145355025047
2 0.7534133205347906 0.4098057811734524 0.0857538086849975 0.2758120720777792
2 0.6159516698627672 0.37790266433531217 0.06623204962325245 0.24645147775074736
2 0.21245872245916556 0.546613020690792 0.10723801764142683 0.2906135740290234
2 0.26367361459772476 0.5377524465308408 0.09420746573334622 0.3300514616170827
2 0.6221859404221326 0.25183069647171347 0.07885470056963152 0.2361681363505817
2 0.7787164570536926 0.3387300382646625 0.07615673600716513 0.2673817749142632
3 0.6749728987289033 0.876115588224117 0.09872975830873133 0.2342908511563863
3 0.3878847749349344 0.20322524603838435 0.07051024808997612 0.18609541347794475