2 0.17057444314185227 0.7041666666666667 0.044548651817116064 0.2760416666666667
2 0.31770222743259086 0.6114583333333333 0.05451348182883939 0.2552083333333333
2 0.5082063305978898 0.478125 0.05861664712778429 0.253125
2 0.5398593200468933 0.30104166666666665 0.03399765533411489 0.21770833333333334
2 0.6189917936694022 0.24479166666666666 0.05803048065650645 0.18333333333333332
2 0.7303634232121923 0.4510416666666667 0.053927315357561546 0.209375
2 0.9449003516998827 0.38229166666666664 0.08147713950762016 0.24791666666666667
2 0.7579132473622509 0.6489583333333333 0.08264947245017586 0.27708333333333335
2 0.664126611957796 0.5958333333333333 0.05216881594372802 0.22604166666666667
2 0.6963657678780774 0.55625 0.07033997655334115 0.2677083333333333
3 0.38686987104337633 0.79375 0.05041031652989449 0.23020833333333332
3 0.2913247362250879 0.25833333333333336 0.04044548651817116 0.17395833333333333