2 0.11650018137788906 0.7979166666666667 0.10321370823220677 0.36041666666666666
2 0.5298145298230507 0.7416666666666667 0.10964851570334905 0.38958333333333334
2 0.6227972812010409 0.7604166666666666 0.11324739206792538 0.39375
2 0.8149165732430441 0.425 0.15386965737282854 0.3729166666666667
2 0.7037887086812683 0.34791666666666665 0.08594133289888127 0.31666666666666665
2 0.7200748431597968 0.490625 0.0968607782979735 0.33541666666666664
2 0.5312399162001087 0.45625 0.09863230142472089 0.30625
2 0.5290924984859569 0.43645833333333334 0.0786617026328196 0.30416666666666664
2 0.8357971133944337 0.26458333333333334 0.08808130494171959 0.30625
3 0.4125589234010802 0.9791666666666666 0.0840544142905451 0.041666666666666664
3 0.0955414492539393 0.47708333333333336 0.08690897199916403 0.30625
3 0.9599443655970038 0.2708333333333333 0.08011126880599238 0.2833333333333333