2 0.18792978031665475 0.6014005822533932 0.12865730623189015 0.2706304209941161
2 0.23269668600710094 0.5333520562799093 0.10527885171619204 0.29073645995544034
2 0.2605939614544826 0.6053959697001651 0.10407923703947011 0.28236676190350657
2 0.350777951798704 0.8077860373419632 0.1019528250276888 0.34896069913297223
2 0.45139777288231364 0.6869685205682913 0.08773478017910624 0.30269098917643333
2 0.489659264516897 0.4576798495730767 0.07711557936068934 0.28153037337569614
2 0.46168394489708414 0.23044578517878786 0.08155937552341565 0.20667583225009795
2 0.5123462266547197 0.33094725325300145 0.06873191749071883 0.2271091536788263
2 0.7432851948745808 0.5060568879960786 0.07006112040473074 0.27506218506409347
2 0.8609405743831328 0.7315507180840995 0.0948438026033976 0.3258258441547028
3 0.25838151239683815 0.9231406677520989 0.08016878870752996 0.13997280086483077
3 0.3267769908671399 0.2617110611511733 0.05816045970709292 0.2205318712114222