2 0.46421393492770807 0.3298047353115734 0.09797885715273687 0.21027468009064829
2 0.6714584709120786 0.6004371405812028 0.10863216013886139 0.24196109118481482
2 0.5806367700317208 0.6146117916698602 0.09691565114684628 0.24355952330240763
2 0.2676746368076176 0.46399274240268473 0.13206517812289217 0.23876422694962993
2 0.5684360102582544 0.46926335955226767 0.10273639325837534 0.231301973910278
2 0.6611624590602926 0.320616728220462 0.0615751520316365 0.190021486321852
2 0.2148855522249039 0.45575813120685155 0.09448914005923612 0.21846254305925944
2 0.5924513936834952 0.2838700669992121 0.07918060747059653 0.19699883814546304
2 0.4117628526185987 0.6038860358431938 0.1028250588944157 0.25838530724361136
3 0.43901296850612526 0.6902707630469901 0.06742999631087343 0.18818060359638905
3 0.22088664501198765 0.3190331022048608 0.08379491447186205 0.17427613196509265