2 0.3798358733880422 0.6739583333333333 0.09788980070339977 0.26666666666666666
2 0.5345838218053928 0.615625 0.08030480656506447 0.2625
2 0.3481828839390387 0.4 0.053341148886283704 0.24479166666666666
2 0.43552168815943726 0.496875 0.053927315357561546 0.21145833333333333
2 0.4912075029308324 0.37395833333333334 0.06096131301289566 0.2
2 0.8669402110199297 0.5677083333333334 0.05158264947245018 0.228125
2 0.5568581477139508 0.4510416666666667 0.06389214536928488 0.22395833333333334
2 0.11957796014067995 0.5197916666666667 0.06565064478311841 0.22395833333333334
2 0.3499413833528722 0.34791666666666665 0.038100820633059786 0.178125
3 0.8475967174677609 0.7572916666666667 0.06916764361078546 0.23333333333333334
3 0.12133645955451348 0.3458333333333333 0.06623681125439625 0.18541666666666667