2 0.8271144830356998 0.5017604387190311 0.07727446666537424 0.27113430574371333
2 0.44906925871636066 0.40188279737867666 0.06707676885972781 0.23901084275566287
2 0.9631548581438101 0.6210593434384438 0.04464186843992723 0.32005133574536304
2 0.3606801686077371 0.4277798462249852 0.06661103327188216 0.1766200256291691
2 0.44212992009163166 0.8005135820914909 0.0644623238946803 0.3177407779283042
2 0.29404991504817524 0.38202911955501934 0.06410579287552796 0.25951662746847715
2 0.6411487472732209 0.5471363327330321 0.09317002233075854 0.29755368309929603
2 0.5927811678936321 0.6077536476732855 0.08602682010673098 0.2927319191915913
2 0.24452607755346553 0.3752110583457053 0.0796480498635575 0.31707682195055314
2 0.5981546443890875 0.5365927657194332 0.11244445494204468 0.2744097919489036
3 0.00610091030874382 0.44901735413844296 0.01220182061748764 0.22279862505644737
3 0.8269459145515159 0.2627776111899826 0.051807523293432 0.19186731494025341
3 0.7055499173184072 0.7894891022192321 0.07956453026613876 0.2692693381573927