2 0.674801097902922 0.6902643842935111 0.07479491124029447 0.30831350804381163
2 0.32372276360416097 0.48741724743983855 0.07542122133938321 0.28755292631358614
2 0.232854118070458 0.4712168724822476 0.09938498572089197 0.2640807099788501
2 0.14350625564396954 0.6202777395091175 0.06939574977356455 0.28093916829804705
2 0.08033031777323446 0.7978736529978413 0.08003026585398451 0.3294378477895762
2 0.5018338512752064 0.5242029188310107 0.06803069266489661 0.22885583496471373
2 0.5353127849080275 0.5418847890075509 0.0796737348348322 0.27117726605935083
2 0.5888562681042634 0.5978404636614839 0.08245521899471733 0.2879894359322331
2 0.5540171258754705 0.49808518162760046 0.06661426561367949 0.2641269984251648
3 0.41746755232835414 0.8851090214299103 0.0759896968123275 0.17527118112290954
3 0.7278114876228802 0.40930207177230665 0.058815835977491425 0.23452382213985126