2 0.8300117233294255 0.671875 0.05158264947245018 0.23125
2 0.7643610785463072 0.68125 0.053341148886283704 0.2375
2 0.7133645955451349 0.6229166666666667 0.07913247362250879 0.228125
2 0.7116060961313013 0.5177083333333333 0.06447831184056271 0.2
2 0.5779601406799532 0.496875 0.06506447831184056 0.20833333333333334
2 0.5504103165298945 0.43333333333333335 0.05861664712778429 0.234375
2 0.4114888628370457 0.49895833333333334 0.049824150058616644 0.24166666666666667
2 0.5363423212192263 0.8 0.09495896834701055 0.2833333333333333
2 0.2620164126611958 0.6833333333333333 0.06740914419695193 0.253125
2 0.1271981242672919 0.7895833333333333 0.05920281359906213 0.30416666666666664
3 0.7878077373974208 0.8697916666666666 0.06096131301289566 0.2604166666666667
3 0.6465416178194607 0.3854166666666667 0.04689331770222743 0.18333333333333332
3 0.019343493552168817 0.665625 0.038686987104337635 0.23333333333333334