2 0.41735052754982416 0.5552083333333333 0.0779601406799531 0.21979166666666666
2 0.8481828839390387 0.5760416666666667 0.05803048065650645 0.2552083333333333
2 0.25908558030480655 0.5854166666666667 0.049824150058616644 0.24270833333333333
2 0.5363423212192263 0.553125 0.05216881594372802 0.221875
2 0.13892145369284878 0.49375 0.05216881594372802 0.190625
2 0.39449003516998826 0.390625 0.03927315357561548 0.2
2 0.43259085580304807 0.46041666666666664 0.05803048065650645 0.215625
2 0.5076201641266119 0.5635416666666667 0.053927315357561546 0.23229166666666667
2 0.2473622508792497 0.5135416666666667 0.06506447831184056 0.22916666666666666
2 0.9835873388042204 0.6666666666666666 0.032825322391559206 0.28229166666666666
3 0.29191090269636577 0.7645833333333333 0.0492379835873388 0.26145833333333335
3 0.4091441969519343 0.3125 0.03985932004689332 0.15833333333333333