2 0.7153667130498559 0.7252283440786698 0.10220619357095799 0.2666005529308303
2 0.7085726438375927 0.45101538013445913 0.0994727278808805 0.22687171639128145
2 0.6056076783228326 0.3457276573307465 0.09690296737184137 0.20380954651839905
2 0.21118629740572004 0.387877033750082 0.13143266454433097 0.2600860096751922
2 0.3495374455295926 0.6962798439090337 0.1430536782317389 0.2503968590396037
2 0.2616840958546205 0.6981151403426149 0.11746698497181167 0.269629657104565
2 0.1988517361159274 0.6827645962430139 0.10487826981814619 0.3000793894703792
2 0.14289293981452908 0.17439156817449084 0.06987792025017119 0.19588625964691958
2 0.022056191895446123 0.45629960737995046 0.03776880802565491 0.2667658814265676
3 0.6466320665022952 0.287893672574407 0.06706260196957439 0.1478240897740373
3 0.114584039521498 0.7514484383510311 0.10200156209466005 0.24576721959749695