2 0.6196214229918403 0.4866800395447317 0.07010234712827453 0.2185846715042627
2 0.44835645732271295 0.6060483840150017 0.1103984854499416 0.23772489267659486
2 0.35441077669636173 0.34854505625013665 0.050445698526561326 0.22776456091809674
2 0.4427725656628119 0.37066809314988886 0.06189601653038472 0.21807541028250815
2 0.8196792228653635 0.4387766486126079 0.05949674836092676 0.2158465737429592
2 0.6030819531105861 0.7487666741492423 0.11050769001863478 0.2418915593432615
2 0.6003662975497864 0.6674802983476883 0.07519957986019886 0.1897817628531352
2 0.5404552704251158 0.6814419241209695 0.09251479491859789 0.26989420036020323
2 0.4798359428932841 0.3334491869175593 0.051261500449964796 0.169576730790979
2 0.3944162125979617 0.24495048976357162 0.054643609737663724 0.20930556733052796
3 0.40640464635386336 0.7916799865573559 0.07086677910912847 0.24775133817092937
3 0.06715391065510413 0.4856746162111797 0.07432917565244884 0.24588625964691957
3 0.7567650701016234 0.33815494105255584 0.04259266660602654 0.19607805129944988