2 0.6342040724171527 0.6976713733844836 0.1305563355636312 0.31639102489024845
2 0.9357243838263062 0.5311067034747013 0.07767745271127062 0.23562431060516195
2 0.7653142251173348 0.49058261905703415 0.09280290156870792 0.30064402056170075
2 0.6555646493694401 0.5023160535795098 0.08943489354156173 0.23807129112449985
2 0.45786050204591877 0.4470215400489534 0.07604912632558333 0.27930158116796094
2 0.30189180202968735 0.27590729275264814 0.057781904092558345 0.23708944372228752
2 0.8339298136615769 0.48637194968557435 0.06692178779986264 0.22279702813775787
2 0.5746009430028449 0.5808305211110074 0.08245657351411356 0.31281673809429644
2 0.4243062949733522 0.42099278355503317 0.06891279445604583 0.2728333928563584
2 0.2701517719988401 0.17486035389942772 0.0634389003769299 0.22477126731528982
3 0.18572026115014145 0.8229846645045896 0.08146734277681351 0.25240007142763
3 0.9610965749749107 0.30543395618059294 0.056404902721595984 0.224553079003687
3 0.062473773622027225 0.26355221103977416 0.06150357134863234 0.24969853787808885