2 0.43952517215197634 0.4583786688761854 0.09153195380035718 0.2341667284249701
2 0.0310442834666961 0.61460328343015 0.0620885669333922 0.25412676647303317
2 0.29295625319034224 0.4715494367271616 0.057152082475815186 0.21676944361687708
2 0.5828436390240821 0.6138608682157347 0.1237598834058998 0.30335624813797324
2 0.7977788583296344 0.5139577466294506 0.07621133829151172 0.2744749357589941
2 0.35896657445285807 0.697873585611148 0.07983754168787235 0.2789327008540842
2 0.6172187487174803 0.35116393052641787 0.09224178349686442 0.26125006175830345
2 0.6271626553890727 0.5519858373365829 0.11560815509235686 0.3047603518049852
2 0.6547992314783475 0.41249666474235624 0.07678304610625362 0.2516553019018019
2 0.6491575920738547 0.359953861599203 0.08926757517086709 0.19240302894882907
3 0.9534309767805031 0.3773851480644352 0.06797609038055002 0.22805940556881385
3 0.26784898629779746 0.7823314124645415 0.08518210087025568 0.3043208320919822
3 0.30640117074371936 0.3602594747752247 0.05505151069936532 0.18125574414073592