2 0.809495896834701 0.44895833333333335 0.06916764361078546 0.215625
2 0.776084407971864 0.5322916666666667 0.06916764361078546 0.22083333333333333
2 0.712778429073857 0.38645833333333335 0.04630715123094959 0.2708333333333333
2 0.5832356389214537 0.4479166666666667 0.06096131301289566 0.25416666666666665
2 0.5087924970691676 0.6625 0.06623681125439625 0.28541666666666665
2 0.6389214536928488 0.7979166666666667 0.07971864009378664 0.32708333333333334
2 0.11664712778429073 0.6520833333333333 0.05216881594372802 0.309375
2 0.27256740914419697 0.475 0.05158264947245018 0.271875
2 0.22450175849941384 0.3489583333333333 0.043962485345838215 0.240625
2 0.23329425556858147 0.26875 0.049824150058616644 0.23958333333333334
3 0.5416178194607268 0.2 0.04806565064478312 0.21666666666666667