2 0.3118405627198124 0.5770833333333333 0.06623681125439625 0.28229166666666666
2 0.5779601406799532 0.4510416666666667 0.06740914419695193 0.24166666666666667
2 0.4349355216881594 0.490625 0.0627198124267292 0.2875
2 0.5246189917936694 0.684375 0.08382180539273154 0.2760416666666667
2 0.37221570926143027 0.4625 0.0369284876905041 0.2864583333333333
2 0.37749120750293086 0.46145833333333336 0.05803048065650645 0.3260416666666667
2 0.9677608440797186 0.5427083333333333 0.06037514654161782 0.2552083333333333
2 0.5181711606096131 0.5625 0.06096131301289566 0.275
2 0.5715123094958968 0.31354166666666666 0.05216881594372802 0.24895833333333334
3 0.8100820633059789 0.896875 0.0627198124267292 0.20625
3 0.809495896834701 0.334375 0.0492379835873388 0.23020833333333332