2 0.38569753810082064 0.6479166666666667 0.11430246189917936 0.3260416666666667
2 0.5427901524032825 0.478125 0.07209847596717468 0.32083333333333336
2 0.5955451348182884 0.5572916666666666 0.08440797186400938 0.278125
2 0.861664712778429 0.7635416666666667 0.06565064478311841 0.28854166666666664
2 0.8317702227432591 0.4635416666666667 0.06037514654161782 0.30520833333333336
2 0.943728018757327 0.45729166666666665 0.05627198124267292 0.2833333333333333
2 0.08851113716295428 0.7677083333333333 0.07971864009378664 0.2760416666666667
2 0.42790152403282533 0.45 0.05158264947245018 0.271875
2 0.5844079718640094 0.384375 0.06389214536928488 0.25833333333333336
2 0.8692848769050411 0.3416666666666667 0.07033997655334115 0.284375
3 0.9097303634232122 0.8885416666666667 0.0738569753810082 0.21979166666666666
3 0.8089097303634232 0.3072916666666667 0.06096131301289566 0.259375
3 0.016412661195779603 0.6197916666666666 0.032825322391559206 0.28958333333333336