2 0.7903619412033287 0.6535708766621026 0.0636010590571394 0.27190217805917266
2 0.31813092644965796 0.5363942087628534 0.06121546687676864 0.2676142737748454
2 0.49544398288854136 0.3783430541049838 0.08089956912865778 0.24364479352495952
2 0.19291209817396965 0.6396948024988589 0.07869814527695493 0.25810688924063235
2 0.5392675242471286 0.27092213424934664 0.06304855407113508 0.21565217805917256
2 0.7054100604456304 0.474723335182207 0.0566284508446947 0.27778846520619105
2 0.6661676015914594 0.47362906527802007 0.07291833315469574 0.2661371285298145
2 0.41905817329375367 0.40103327667894945 0.09270475114473367 0.2525843149465953
2 0.6301147312028789 0.5056862722806758 0.0891263628741772 0.2461524585201045
2 0.43205615140001513 0.38994980311515015 0.07493558867773029 0.23292503281414162
3 0.6532253835996005 0.777269325153077 0.08130883208125352 0.28531146019162607
3 0.718760210107756 0.30849214709390455 0.04881685357942836 0.198258085686543
3 0.02383709413757939 0.5330413862057347 0.04767418827515878 0.27558389425519725