2 0.6525445422927786 0.644478952257823 0.07075792837051356 0.3276184665650002
2 0.46620830237031136 0.527067656284166 0.08650182487004246 0.2991306616003705
2 0.212355412092439 0.714818816363796 0.08525584384305715 0.34695034802388897
2 0.3726495666355715 0.515297620949305 0.06573421425216547 0.3128411727453705
2 0.2933658073959689 0.7166813313085181 0.08422681762112656 0.35315185790231496
2 0.9015657653238776 0.7321884483331469 0.06884318264727761 0.3462714863218518
2 0.9351872535753435 0.5608450977761097 0.06554313862466535 0.30450783941203713
2 0.3863841508421888 0.7816491018257402 0.061335485371427335 0.22316085916888895
3 0.4064640730026864 0.9153209950629162 0.0816990550049837 0.14074883814546316
3 0.9804465070592022 0.4241910620621282 0.03910698588159554 0.2519396048629631
3 0.2938992442680631 0.5352373708222218 0.07664547226084666 0.2779094072944446