2 0.055823395882116746 0.5741442544853752 0.10925964002468559 0.4392114910292496
2 0.7122752802449682 0.49633517865516047 0.10886405487927484 0.31837815769591615
2 0.5381876393055165 0.6928117601409378 0.10671718156686892 0.37857645861557027
2 0.9334885244403576 0.5455458736658829 0.0772997310663118 0.3425135534445786
2 0.19620666012974092 0.4704173096646149 0.09836762186460614 0.3340621785010259
2 0.5159436145345987 0.5250399766341384 0.09365782879375865 0.3273754470070005
2 0.6590189959646574 0.3481234079629456 0.09568875473595785 0.23176047942067987
2 0.20999160744843423 0.38264878184920553 0.06435632566340814 0.32672920850267545
2 0.23502625487484233 0.32821801673548606 0.06534450690034149 0.2705883913761819
2 0.7105845943532536 0.3381110281953335 0.13911963707885097 0.2524669124070809
3 0.8253925499611023 0.840074880901972 0.08612593948989043 0.17463701643262913
3 0.6211564996922555 0.24536725991514835 0.06293845711335615 0.25162002562916913