2 0.7794711920091545 0.660484321570629 0.1407442524164213 0.28328018091305557
2 0.3456421746644654 0.5553395507296919 0.07495548575153729 0.22727512287020726
2 0.6077308806083414 0.46488563244125886 0.08885967420916549 0.22233531735228323
2 0.10131672836850088 0.6182099540173003 0.09240559034990455 0.26838701643262913
2 0.5254106380351444 0.39978739031888916 0.08111584685732401 0.19459688677791173
2 0.7362233848725197 0.4946040818602891 0.10175533657727803 0.22353632896085288
2 0.8026111604943188 0.47259332277664384 0.06508540165197145 0.20765165988215653
2 0.053378824816970157 0.6835797143069603 0.10675764963394031 0.25127475953522427
2 0.5903129256648436 0.36719619025831773 0.10317176362849516 0.1883380280411989
3 0.6186334727162464 0.8993595737210417 0.08605250507800567 0.2012808525579165
3 0.25879963951588336 0.39375287803295095 0.09848243185827242 0.18790129654717352