2 0.32708089097303633 0.6385416666666667 0.05861664712778429 0.253125
2 0.46131301289566234 0.39895833333333336 0.050996483001172335 0.18854166666666666
2 0.9636576787807737 0.58125 0.05216881594372802 0.24583333333333332
2 0.6412661195779601 0.7145833333333333 0.10023446658851114 0.2760416666666667
2 0.6963657678780774 0.609375 0.07913247362250879 0.25833333333333336
2 0.7672919109026963 0.5364583333333334 0.05568581477139507 0.23229166666666667
2 0.7491207502930832 0.665625 0.04689331770222743 0.23854166666666668
2 0.5334114888628371 0.5322916666666667 0.05627198124267292 0.2625
2 0.5779601406799532 0.55625 0.043962485345838215 0.2625
2 0.5492379835873388 0.58125 0.06330597889800703 0.20104166666666667
3 0.5158264947245017 0.8729166666666667 0.0697538100820633 0.25104166666666666
3 0.38335287221570924 0.3541666666666667 0.06096131301289566 0.175