2 0.5457599713742614 0.6604166666666667 0.09204399689292306 0.3
2 0.6896103810812333 0.8041666666666667 0.08994488877936921 0.325
2 0.6990652678837111 0.5135416666666667 0.07880046101510406 0.26458333333333334
2 0.3674501542291751 0.290625 0.07516068330165804 0.2520833333333333
2 0.9700834113357008 0.6177083333333333 0.05983317732859848 0.28958333333333336
2 0.7413979662291519 0.40729166666666666 0.07285694371180633 0.25625
2 0.4026947302863786 0.23854166666666668 0.06195807371909856 0.22083333333333333
2 0.26926496916747233 0.4395833333333333 0.12351281801325834 0.28125
2 0.2707851756197346 0.475 0.11617187314347728 0.25
3 0.42154516861476227 0.8447916666666667 0.06736361565636424 0.29375
3 0.939333767146237 0.26875 0.062121778900137176 0.2375
3 0.3042524245969742 0.18229166666666666 0.06769695954609817 0.20833333333333334