2 0.4422652079009669 0.5990943900616768 0.061297319467287815 0.27716113307962614
2 0.2888853236109843 0.38888822073400087 0.05447388681590892 0.1788200197716635
2 0.19610168663955996 0.6980191871221729 0.055415191606879625 0.2746533531049967
2 0.5965774966904346 0.5352148920636305 0.05630104048261814 0.24557157576658947
2 0.12359691448361791 0.7938826047650291 0.06633452474721709 0.3129173570593295
2 0.7553731544914977 0.6718022853710097 0.11677123795239862 0.19998582083606706
2 0.33911576985836833 0.29141190585422017 0.04180331907172414 0.20080290382747906
2 0.6569995030549691 0.6542549151305711 0.11709864831447532 0.23331915416940063
2 0.7318109815645916 0.6221453874750297 0.09591480275795393 0.22345781292740174
2 0.6513497346284749 0.5725380238251456 0.0630485540711352 0.21691424506947782
3 0.5646261561192994 0.32441976821078067 0.04396381662816727 0.1822226824839974
3 0.6768591775432111 0.8758099005817765 0.06269474703377126 0.2483801988364469