2 0.6931657791153577 0.4063986455152658 0.10387811430430959 0.2645172195974971
2 0.5971789581055286 0.2778437737638904 0.09526244684960578 0.2390079583757424
2 0.2998570979294933 0.5747023115641509 0.07015335020807047 0.2790740897740373
2 0.7814471574867388 0.5302180693535086 0.09328046123499056 0.332539703566419
2 0.6962744274669799 0.6679297304517069 0.10590323236522728 0.316673304533938
2 0.5317698416063281 0.4758497425456972 0.09745812193419616 0.3015807099788501
2 0.8028192932398405 0.3662266614897985 0.07801856675861547 0.2587500176624585
2 0.515177602345308 0.3225560951163242 0.10370755728063703 0.2541005529308303
2 0.48799947950731365 0.5619840125986811 0.07842790361542921 0.2837500176624585
2 0.26943486750170775 0.831015150522498 0.08707768247486734 0.3113426122175464
3 0.43940608846991497 0.8194245014051992 0.09077778350778998 0.25121695196331095
3 0.28142284281281094 0.3089086641347779 0.06540834080996197 0.20385583496471374
3 0.8841527281569621 0.11012225300830693 0.06947112211338083 0.22024450601661386