2 0.46776084407971863 0.4583333333333333 0.04630715123094959 0.178125
2 0.24325908558030482 0.4875 0.06037514654161782 0.171875
2 0.6600234466588512 0.6 0.0492379835873388 0.21145833333333333
2 0.7737397420867527 0.6885416666666667 0.05861664712778429 0.22083333333333333
2 0.6441969519343493 0.365625 0.038100820633059786 0.1875
2 0.31652989449003516 0.5052083333333334 0.07913247362250879 0.159375
2 0.6025791324736225 0.41875 0.03341148886283705 0.18229166666666666
2 0.5257913247362251 0.31979166666666664 0.04044548651817116 0.15833333333333333
2 0.5662368112543963 0.378125 0.038100820633059786 0.159375
2 0.31477139507620167 0.4510416666666667 0.06858147713950762 0.15729166666666666
3 0.2813599062133646 0.725 0.070926143024619 0.22083333333333333
3 0.39566236811254396 0.32395833333333335 0.038686987104337635 0.15833333333333333
3 0.9601406799531067 0.5833333333333334 0.029308323563892145 0.203125