2 0.12224207199582574 0.5873938122311134 0.12558744376061615 0.32238647186004527
2 0.4251134883077931 0.5623867148321965 0.14145408211292854 0.3020622445871183
2 0.5311903993214028 0.336360864725191 0.0849347744197967 0.2461864361462304
2 0.44930212651028356 0.3992685146159887 0.09859486876876333 0.275753114717502
2 0.2745939845855156 0.49523912825025534 0.10751102906316036 0.30309100108103854
2 0.6055724742057473 0.5151562462196605 0.09987640628001232 0.2799561461027691
2 0.35571782541578084 0.4614981450261243 0.10192237577211553 0.31332584415470294
2 0.5536878959984916 0.57296992911948 0.08801818731448746 0.31913946753149747
2 0.30363091289857286 0.4599913750038445 0.10723801764142676 0.29267433441437185
2 0.5134352205279848 0.1422783100712332 0.0666945528693009 0.22064096536722358
3 0.6906036107086002 0.24294632576606362 0.06770307895881655 0.21442733008582404
3 0.577865221004691 0.7231388425397358 0.09802316095402143 0.2986334166655681