2 0.6576787807737398 0.740625 0.08616647127784291 0.278125
2 0.3810082063305979 0.471875 0.05216881594372802 0.22916666666666666
2 0.5756154747948418 0.521875 0.06506447831184056 0.259375
2 0.4208675263774912 0.5510416666666667 0.06330597889800703 0.2635416666666667
2 0.6324736225087925 0.4395833333333333 0.05861664712778429 0.240625
2 0.6201641266119577 0.6489583333333333 0.04630715123094959 0.26458333333333334
2 0.5855803048065651 0.49583333333333335 0.05568581477139507 0.2625
2 0.4654161781946073 0.4322916666666667 0.043962485345838215 0.21770833333333334
2 0.44021101992966 0.4739583333333333 0.06330597889800703 0.24895833333333334
2 0.37514654161781946 0.35625 0.04689331770222743 0.17395833333333333
3 0.44079718640093785 0.83125 0.0627198124267292 0.2375
3 0.6389214536928488 0.3572916666666667 0.04689331770222743 0.16458333333333333