2 0.39960742612848027 0.28025341721267805 0.11017365661165823 0.3575122207779084
2 0.20214394194900695 0.36448768993755426 0.07377677007721929 0.34805158116796103
2 0.03364298078523306 0.2781120898272535 0.06728596157046612 0.343775820345493
2 0.697898364032144 0.19185011202149627 0.08642688852687527 0.310951593072566
2 0.5262113312583202 0.5460631471925951 0.12201975799644327 0.37662586796391295
2 0.5455632881439205 0.18616085877288852 0.07238617587381321 0.31468188311602724
2 0.6164472751803576 0.4589062462196604 0.12039726120338372 0.30783950324531245
2 0.4811093842901617 0.8109503084474786 0.14999205267214202 0.3524986212103239
2 0.6238495887133768 0.4024380579080577 0.08883976105600248 0.32144098917643354
2 0.48394119201858726 0.11801797402871297 0.07080460306716306 0.23603594805742595
3 0.8542415265849478 0.13635795833827627 0.08753101482541513 0.27271591667655254
3 0.5471824995989202 0.8338957018465529 0.10159901013608336 0.3010076677477052