2 0.5304806565064478 0.7385416666666667 0.08616647127784291 0.29583333333333334
2 0.32590855803048063 0.39791666666666664 0.05627198124267292 0.22395833333333334
2 0.5023446658851114 0.465625 0.11723329425556858 0.23020833333333332
2 0.6781946072684643 0.5260416666666666 0.08909730363423213 0.215625
2 0.735052754982415 0.32395833333333335 0.047479484173505275 0.190625
2 0.41852286049237986 0.590625 0.07033997655334115 0.2625
2 0.7327080890973037 0.5416666666666666 0.05568581477139507 0.246875
2 0.5943728018757327 0.4427083333333333 0.06740914419695193 0.23020833333333332
2 0.40328253223915594 0.26979166666666665 0.04865181711606096 0.19270833333333334
2 0.567409144196952 0.38229166666666664 0.047479484173505275 0.21666666666666667
3 0.3212192262602579 0.78125 0.0668229777256741 0.23645833333333333
3 0.2309495896834701 0.30833333333333335 0.03985932004689332 0.196875
3 0.8939038686987104 0.28958333333333336 0.05803048065650645 0.25416666666666665