2 0.7141303310653738 0.51189488588764 0.10872082577490187 0.2690444245181484
2 0.4852317378114309 0.7712135572414822 0.09483698216985596 0.32471254305925945
2 0.8282077186576815 0.5853726727411124 0.09017493213379933 0.33285191590629637
2 0.9245568830072809 0.7018731077709736 0.07962393565079816 0.33241550481212984
2 0.5596479887428475 0.6034351015673157 0.0782742714361619 0.27820034802388893
2 0.8347271643939242 0.5637643684097697 0.06188889197454841 0.28585481965518533
2 0.36111488625173943 0.5410493592938431 0.11224464503611055 0.2712732282162039
2 0.36890215100011975 0.490322878417408 0.08990211479213692 0.24951858257296303
2 0.31487291995273153 0.34015142109754676 0.05694038372974637 0.20649419250222228
2 0.27507157359094153 0.3207944236306949 0.09202852680391808 0.18294889614944457
3 0.5840858482343687 0.8388526391811584 0.06070291816490974 0.2816396628669447
3 0.019106483486599418 0.26019933206675927 0.038212966973198835 0.23071835055703716
3 0.814453854103222 0.3097665462214364 0.05931233134902412 0.2149245060787038