2 0.8332411651972707 0.4397242640589931 0.07994351391476846 0.189827341990429
2 0.7004126278402245 0.44915671752380854 0.0810355596017026 0.23149400865709566
2 0.5377601906782374 0.7683330903611822 0.07932043615747718 0.30013491450129426
2 0.36659158709216616 0.6066465649304145 0.06470641800334175 0.2788652045447556
2 0.5000946590306051 0.4147951682838308 0.05442520060027684 0.19944398484788575
2 0.26552524375281694 0.6128941991307754 0.055408041718517674 0.23694398484788573
2 0.2611217658899651 0.6242252559490071 0.0646518157189951 0.2767818712114222
2 0.5345580499525657 0.35331338040464344 0.05960595292961993 0.21833944372228753
2 0.710774132498911 0.4119476352726121 0.07620810594971453 0.18138491450129426
2 0.6869195726860956 0.3820173095153359 0.05398838232550308 0.18277731818121906
3 0.3172363180816404 0.8334260703421976 0.0719555924542654 0.19790612229355914
3 0.21163331039192232 0.38603959848215236 0.05319826537337444 0.19732428679595201
3 0.8472449480797521 0.33069472888569734 0.05916913465484617 0.20167277705562087