2 0.771138528317239 0.42048300159140256 0.05012463994774232 0.2718514880118782
2 0.9579585320331025 0.4676581046574046 0.04549669207939382 0.2905045208996359
2 0.43831231081492766 0.21279645411630793 0.061622895066427485 0.20334390579248413
2 0.3553081758205904 0.32283883280291303 0.0687046357565526 0.2180726897941811
2 0.2817645495691974 0.4076872772650334 0.08286811713680274 0.2475302577975749
2 0.2989407085083355 0.35316910481648817 0.1356026382511839 0.2423711378103016
2 0.24869369157014184 0.48336604705073005 0.07351673533052355 0.2556696569064234
2 0.23010307429772242 0.6118667946106693 0.061943455442881094 0.30126057245915094
2 0.15183981513846642 0.5270326604073957 0.08408819311414935 0.2621378329089687
2 0.14992405493988012 0.7541402355187896 0.11804492584701487 0.2503408444727261
3 0.38659208023175573 0.7929933963505498 0.06526948213138425 0.24299996445999927
3 0.18011942567747252 0.30354631195630505 0.06409032875528708 0.24089238934860535
3 0.9592744848933279 0.24472931710170762 0.0418023619796458 0.23626512889878745