2 0.11899179366940212 0.7 0.070926143024619 0.27291666666666664
2 0.2749120750293083 0.5 0.053927315357561546 0.22395833333333334
2 0.47245017584994137 0.7229166666666667 0.0738569753810082 0.2760416666666667
2 0.7620164126611958 0.6770833333333334 0.08558030480656506 0.26458333333333334
2 0.5474794841735052 0.5739583333333333 0.08206330597889801 0.24479166666666666
2 0.6207502930832356 0.5385416666666667 0.06389214536928488 0.21458333333333332
2 0.5767878077373975 0.390625 0.06037514654161782 0.203125
2 0.7813599062133646 0.35 0.06799531066822978 0.21354166666666666
2 0.8218053927315357 0.45729166666666665 0.07444314185228605 0.21354166666666666
2 0.917936694021102 0.4427083333333333 0.06799531066822978 0.22604166666666667
3 0.39449003516998826 0.75 0.05275498241500586 0.2552083333333333
3 0.22860492379835873 0.29583333333333334 0.04279015240328253 0.2