2 0.17698837361270447 0.6867025614494792 0.15885033802705686 0.40163044514793145
2 0.6226642665799124 0.613995303684883 0.08918356852683733 0.29603122090244416
2 0.2564233393570396 0.6377299498543507 0.10768957059300371 0.3531905030348976
2 0.8552323859182629 0.8250705744691688 0.11372179232945463 0.34985885106166253
2 0.3067348458127457 0.4196850817272085 0.10115822296711872 0.24044802779957664
2 0.10055323872346612 0.34657679018191623 0.07543512104036265 0.243281080671978
2 0.5509427781348245 0.5259831751550685 0.09042412427886204 0.3002585063779409
2 0.5817133815815154 0.545267597517988 0.08615667454703625 0.25424331661811694
2 0.5927374272100154 0.5031654522729572 0.08139911996734461 0.24983417471612934
3 0.6605847334584929 0.8452513791671645 0.09559101571536742 0.30949724166567094
3 0.5403082652099946 0.41302853408884166 0.05134034549929361 0.20248537116203996