2 0.4222268919296918 0.6681723555143949 0.10540247686861656 0.34486676190350657
2 0.5939724360123273 0.40480433386726206 0.10054944915275585 0.3197213030291048
2 0.521676160777507 0.3723595703400008 0.13192961202569656 0.27903648376465034
2 0.6729889583400094 0.3895506190394593 0.08191489403109359 0.33788946753149746
2 0.6271183296307605 0.45478087932140804 0.10525242225178182 0.3219500952368398
2 0.8257473260883879 0.538009850098218 0.11506760831392794 0.38890767965231016
2 0.14514148895982645 0.8647440681801207 0.13648253050788783 0.2583486093057189
2 0.8505364238248392 0.47525002488146106 0.0771982796032644 0.333577341990429
2 0.8032338662585172 0.4112954361374429 0.08292353102801117 0.31292583225009796
3 0.8425403018216255 0.23859168559582528 0.08134195822136102 0.2503894675314975
3 0.6480927833094204 0.8834695324597152 0.08688987237166725 0.2026546244578332