2 0.2680874646341355 0.4184248305965223 0.09313349429093377 0.2592787306776136
2 0.7945792644674352 0.7645161665230658 0.15843028585968535 0.384945357010119
2 0.4675060154933155 0.5809140991333417 0.08874427175438021 0.30506358209585566
2 0.40887654837124293 0.4032126213825944 0.061275884909882956 0.22770147775074737
2 0.37799224066332987 0.7331240029859937 0.10289411503786736 0.3177090278411294
2 0.5591734776051683 0.45789510290490226 0.06866455711409893 0.281940867290051
2 0.530539578482517 0.5336458780810212 0.07684360505438255 0.27785904397479416
2 0.5102765272379083 0.4053027094631103 0.07890180303462777 0.2341332849323397
2 0.021544104150332158 0.55961134933607 0.043088208300664316 0.31505603200547344
2 0.7306265544530511 0.5940518132845073 0.0945377298231428 0.2947075178230532
3 0.6461925319332081 0.3285776247613715 0.06702841899223642 0.21109541347794475
3 0.5587766470681046 0.7870799502897282 0.08532276222833529 0.3196105539928704