2 0.7772567409144197 0.6791666666666667 0.05861664712778429 0.2760416666666667
2 0.6846424384525205 0.5510416666666667 0.08382180539273154 0.2520833333333333
2 0.2901524032825322 0.715625 0.06916764361078546 0.3104166666666667
2 0.42145369284876905 0.56875 0.0668229777256741 0.275
2 0.42262602579132474 0.340625 0.047479484173505275 0.20208333333333334
2 0.45603751465416176 0.275 0.03458382180539273 0.20625
2 0.33821805392731535 0.38229166666666664 0.08792497069167643 0.19791666666666666
2 0.2174677608440797 0.384375 0.05451348182883939 0.21770833333333334
2 0.1817116060961313 0.43333333333333335 0.10902696365767878 0.18020833333333333
2 0.1477139507620164 0.3875 0.06916764361078546 0.22083333333333333
3 0.5592028135990621 0.78125 0.06213364595545135 0.240625
3 0.06799531066822978 0.29583333333333334 0.05275498241500586 0.20416666666666666
3 0.7778429073856975 0.296875 0.041031652989449004 0.203125