2 0.6839149036164415 0.7316208732873845 0.07662965555271802 0.2611560158718087
2 0.645590762539056 0.4819663069324099 0.04958412033702796 0.2567105781933673
2 0.23324778845360328 0.7112751371361485 0.08212287134940531 0.24246661826567315
2 0.5674743124565981 0.504653379010189 0.05898883130330131 0.19848632916898942
2 0.31617451898193477 0.6051880690917856 0.05781649836074563 0.19847420869021662
2 0.5394704514416518 0.6310101781249491 0.09441934353332608 0.27175448972006794
2 0.27010555469039915 0.5879524344305924 0.07459760847261643 0.21739389539303602
2 0.4901096515489492 0.6252692382334077 0.07007203177621196 0.22567874681127809
2 0.5224660208854555 0.36238138291267735 0.051136058278875796 0.15674693962968575
2 0.5014421950444747 0.5157548527275203 0.10944008660165044 0.20109084308955413
3 0.38311660260108504 0.759735836332 0.05935728021939251 0.2172363291689893
3 0.30784908249056875 0.45003427791293 0.0611697421145944 0.19017723679320162
3 0.8101509419775126 0.35315580537394914 0.0443067544658146 0.16709088342371553