2 0.16705744431418523 0.54375 0.04806565064478312 0.25416666666666665
2 0.33704572098475966 0.7739583333333333 0.09261430246189918 0.25833333333333336
2 0.7708089097303634 0.696875 0.05861664712778429 0.23645833333333333
2 0.6236811254396248 0.5864583333333333 0.043962485345838215 0.25
2 0.4566236811254396 0.6427083333333333 0.05568581477139507 0.25416666666666665
2 0.38159437280187575 0.5052083333333334 0.06799531066822978 0.23125
2 0.31359906213364597 0.3614583333333333 0.038686987104337635 0.20833333333333334
2 0.20926143024618993 0.38125 0.04630715123094959 0.22083333333333333
2 0.4261430246189918 0.40520833333333334 0.05158264947245018 0.21770833333333334
2 0.43376318874560377 0.3260416666666667 0.044548651817116064 0.171875
3 0.5844079718640094 0.8708333333333333 0.0627198124267292 0.253125
3 0.6096131301289566 0.35104166666666664 0.0369284876905041 0.17604166666666668