2 0.49210188905740604 0.49360768325898097 0.079127711991365 0.25034393272601746
2 0.20425562420307317 0.4459523292266095 0.08976222807178498 0.2988426122175466
2 0.324434209471567 0.4156149990429464 0.07498440306460945 0.2708862596469194
2 0.3632175586589607 0.387208905275276 0.054672527050735754 0.2550661490607535
2 0.25958490795531586 0.5007572098092141 0.07471462398467325 0.3499074231073706
2 0.5391124921828204 0.2629363771502077 0.06276965307993211 0.2514087436158415
2 0.5544025742076949 0.3940640181671494 0.06855103053708912 0.2933664166949394
2 0.8002648784383086 0.39128618151450983 0.07959344757921091 0.3127711811229095
2 0.14996055151162063 0.4410019454377892 0.09439049287406616 0.11817462504240908
2 0.9813774755775247 0.3582074346359074 0.022611636640030502 0.28219577084040154
3 0.8450976811103446 0.8242524378986683 0.10017510267302049 0.2495701282486247
3 0.762332713170985 0.25324386342483696 0.06538733038677709 0.26197091348872376