2 0.8522860492379836 0.5666666666666667 0.05568581477139507 0.24791666666666667
2 0.5234466588511137 0.7229166666666667 0.05568581477139507 0.2625
2 0.6301289566236812 0.521875 0.06096131301289566 0.2625
2 0.46600234466588514 0.5854166666666667 0.08030480656506447 0.225
2 0.45310668229777257 0.42916666666666664 0.03458382180539273 0.20520833333333333
2 0.48651817116060964 0.390625 0.05158264947245018 0.190625
2 0.6189917936694022 0.37083333333333335 0.07151230949589683 0.2520833333333333
2 0.399179366940211 0.4395833333333333 0.04279015240328253 0.25625
2 0.21805392731535755 0.5041666666666667 0.12485345838218054 0.22708333333333333
2 0.010550996483001172 0.7020833333333333 0.021101992966002344 0.22916666666666666
3 0.570926143024619 0.7510416666666667 0.050996483001172335 0.20833333333333334
3 0.7098475967174678 0.321875 0.045134818288393906 0.20416666666666666