2 0.38535106760781535 0.5106411252387316 0.10573119624233444 0.28752570135793826
2 0.14618150415039705 0.5166281146297592 0.07301501925924202 0.29518026490557503
2 0.7629085305941119 0.6767451224804328 0.09635253270188895 0.28733176713345354
2 0.28175065732674204 0.411769097708488 0.06840656634690648 0.2117742062380599
2 0.8157034623388298 0.7620883340229788 0.0826938326729713 0.31829086579672655
2 0.5960723176922494 0.3948556345215824 0.07230557410420738 0.24101359823890836
2 0.24731396986260226 0.6697031714937604 0.13484851534140957 0.2735484124761198
2 0.49597526306278483 0.29695254832382373 0.054365857388354845 0.2135666382346661
2 0.18131252329581854 0.33990767817739603 0.06502599927982293 0.22211814757054474
2 0.10039475400659098 0.29888414841927385 0.07808537976063576 0.23488480712921125
2 0.2628412949122832 0.6027334826013363 0.13094950758410848 0.24430902047527117
3 0.5525147167350785 0.7675306131975821 0.07936685811165829 0.24324238224060507
3 0.0991542051837435 0.3041167235306678 0.07803080705640235 0.2307181404625446
3 0.7916472714581735 0.4064322575854634 0.06268133339471156 0.22206966401442355