2 0.14126611957796015 0.6139605176921253 0.06916764361078546 0.30696510824759665
2 0.23446658851113716 0.6086740957545647 0.08089097303634232 0.2737529797019915
2 0.17878077373974208 0.5674733730128556 0.04689331770222743 0.3088181524842464
2 0.22743259085580306 0.5481847062152612 0.07268464243845252 0.2736681363505816
2 0.27139507620164127 0.49030589083590864 0.07620164126611957 0.2945378311202335
2 0.3886283704572098 0.48735127204652434 0.08675263774912075 0.26756358209585557
2 0.5568581477139508 0.3995072274170912 0.08206330597889801 0.2237651001807644
2 0.5744431418522861 0.3278140345986836 0.05158264947245018 0.235949967732671
2 0.5685814771395076 0.3652534322048195 0.04337631887456037 0.2379484577145945
2 0.5246189917936694 0.26792391425083856 0.07854630715123095 0.21539540541111252
3 0.6735052754982415 0.7163382150549872 0.06799531066822978 0.2819529877688237
3 0.8288393903868698 0.31377751182571967 0.06565064478311841 0.24234541347794475
3 0.1365767878077374 0.31912036911036723 0.05861664712778429 0.22143935727197453