2 0.8991793669402111 0.7351085899139829 0.11488862837045721 0.3401686985809261
2 0.6037514654161782 0.39059741261064906 0.05509964830011723 0.360612369047315
2 0.13130128956623682 0.5856392269496298 0.059788980070339975 0.2941396628669445
2 0.2391559202813599 0.3213503181344448 0.04689331770222743 0.22902293819629638
2 0.317116060961313 0.3641582445524542 0.05627198124267292 0.2502441925022223
2 0.3616647127784291 0.49308420250560236 0.07854630715123095 0.2449155048121297
2 0.5023446658851114 0.2947363504278248 0.05275498241500586 0.21676538880416676
2 0.5181711606096131 0.35268263373574155 0.04689331770222743 0.2102729381962964
2 0.552168815943728 0.4145055139280564 0.08558030480656506 0.24728977887490752
2 0.5398593200468933 0.3952463676515286 0.06330597889800703 0.2776184665650001
3 0.6365767878077374 0.8023718026813899 0.07151230949589683 0.27379123074935213
3 0.021101992966002344 0.26962282218833333 0.03634232121922626 0.23066986043546295
3 0.7250879249706916 0.32165780686023254 0.04806565064478312 0.2061547616512037