2 0.8438995066948504 0.6980243748553464 0.06607434731053093 0.2470840344856633
2 0.768087053966878 0.5450955095436323 0.05084766038611023 0.2483793233042036
2 0.6007226797546219 0.5833323292853227 0.06259827246927353 0.25315217805917267
2 0.537975174003029 0.6738695324173201 0.06738309354111814 0.2679779866278269
2 0.11892153368909893 0.46463768945167844 0.06128952623868618 0.23225822591700904
2 0.22203226731878667 0.47830547796207307 0.06124860225227678 0.22600822591700903
2 0.3282925052329715 0.3691778374234615 0.08205048598460989 0.18126603114261997
2 0.3695355988188693 0.3390078290658532 0.0877620960805537 0.1586524585201045
2 0.4394936181657223 0.40097829092900106 0.0681871106059889 0.2117886054366571
2 0.40191757802432615 0.40841348904643326 0.07290372503381781 0.2161977473386448
3 0.6991705429371783 0.7718182613692266 0.06148050484193019 0.2614248925836757
3 0.8441194106247306 0.30623647057101927 0.05409183263771449 0.20689451306402754
3 0.10918901693428658 0.3390921201722063 0.04107339831037343 0.18747770616689483