2 0.03017805613700653 0.6270700452282639 0.06035611227401306 0.2666400904565279
2 0.17480815901060284 0.5440066787268153 0.11859957225833019 0.2940332549369543
2 0.337587527233242 0.3484934742937636 0.058727752933177134 0.19274077792830416
2 0.6427609877536015 0.48329479571567036 0.05262149124981107 0.2629190140205994
2 0.176077954582493 0.3574391625199757 0.060336667509600185 0.22618329413514385
2 0.20863139365134806 0.2916371001046468 0.0647531357586558 0.20578669229583588
2 0.4392506065140286 0.6072236748059139 0.06311791502857891 0.2597349932154899
2 0.4692664148360294 0.735171612390585 0.08351144303800974 0.2970077687317641
2 0.8647397388806823 0.6072191331186274 0.061127971720984796 0.2865999608018105
2 0.17316125550139363 0.31127828056612333 0.05425671197988807 0.20897071310094545
3 0.2508704279207499 0.830597780791913 0.07931326560588788 0.33407103723773873