2 0.2508260898303641 0.7065556053712959 0.05750861349496761 0.27291840856101857
2 0.7546546275366768 0.7408646963062026 0.05254627030301113 0.2623077814080555
2 0.7735243915280584 0.6464358346041654 0.06980365073526636 0.2505351332316669
2 0.6631147666449307 0.435611356639999 0.06317755404163385 0.22112601595712972
2 0.5124378338716556 0.5771135335642121 0.055273152178549674 0.27698809498453725
2 0.5219000170095198 0.528857436046527 0.05562645085590469 0.24578658510611126
2 0.39696627137171797 0.49240345744907343 0.06753927210577626 0.208819976443426
2 0.2861952669567417 0.474093352331944 0.04469323838247641 0.23076684067861114
2 0.2538581327825056 0.5461874288262033 0.04859245320057044 0.24549564437666666
2 0.5250814081581654 0.385131681107314 0.055488328974139085 0.19583507522768523
3 0.1710641606485217 0.39873403115601824 0.05693367333842837 0.206300232015926
3 0.9771667218807851 0.33833798430129486 0.031142348602203152 0.2052334493412964
3 0.8190221186376472 0.7871075828313877 0.070185866725693 0.2651184665650002