2 0.6799531066822978 0.553125 0.07268464243845252 0.3125
2 0.39976553341148885 0.46041666666666664 0.0779601406799531 0.28229166666666666
2 0.38042203985932005 0.759375 0.07971864009378664 0.29270833333333335
2 0.5146541617819461 0.47708333333333336 0.06506447831184056 0.29583333333333334
2 0.5685814771395076 0.63125 0.06389214536928488 0.30416666666666664
2 0.09085580304806565 0.39166666666666666 0.07678780773739742 0.2833333333333333
2 0.7790152403282532 0.7885416666666667 0.0697538100820633 0.23645833333333333
2 0.5785463071512309 0.55625 0.08382180539273154 0.30520833333333336
2 0.5949589683470106 0.534375 0.06623681125439625 0.271875
2 0.038100820633059786 0.753125 0.07444314185228605 0.2375
3 0.5339976553341149 0.8541666666666666 0.0627198124267292 0.10729166666666666
3 0.6582649472450176 0.32708333333333334 0.049824150058616644 0.22708333333333333