2 0.17016080645578482 0.5766901866776849 0.0761514605397868 0.28629123074935187
2 0.6943784960534396 0.3871855436968045 0.07416045388360357 0.23624274062777792
2 0.6469762557309714 0.5371630405303695 0.08353911742404878 0.23663066160037047
2 0.9117170702501418 0.621068674903656 0.08499688678606392 0.18256097517685202
2 0.03893225021980104 0.6582112370822222 0.06149102616704916 0.3210775258355556
2 0.39822974450919846 0.28373156421189755 0.05268323546552185 0.2124532517727778
2 0.43558011423809956 0.23632230192740675 0.054993789945898715 0.21046689868259266
2 0.7900555659698818 0.3196434420002766 0.05988779014452826 0.22316085916888895
2 0.7453436161006539 0.5622807820456008 0.060582563420801316 0.19404268262379626
2 0.7868016616492839 0.5866252944571748 0.07970257077218831 0.28852003444740765
3 0.4210814265389966 0.8196080160863419 0.07594679211137993 0.27379123074935213
3 0.2079195266607308 0.2676286305735645 0.054686787303288374 0.19171689868259267