2 0.6055288628774493 0.6852745386305084 0.11360795011783006 0.32965505167111125
2 0.44947938409355015 0.5521646365273142 0.0724194271569251 0.2800412307493521
2 0.4877033633436548 0.33394628597027703 0.10050767474347057 0.2666216603337965
2 0.14537493287055625 0.5293311564091201 0.12165741074426384 0.28207781585546315
2 0.8546469845803552 0.3177272112509247 0.08535601212628714 0.29307462208666674
2 0.15711151234989945 0.7038220101325924 0.10651256856062184 0.31061411094166685
2 0.5322175221797664 0.5216627496230084 0.07712239979423083 0.284401857902315
2 0.7466862463320412 0.5336223907082859 0.06777783842149335 0.29443060359638906
2 0.4867663353582832 0.26211977609185116 0.0851172969523322 0.22015795542000008
3 0.27437510774310825 0.8687404195810643 0.11684531117029294 0.24438385536916674
3 0.5490841330193569 0.20329979964842512 0.0604914847251213 0.21705632953361118