2 0.44079718640093785 0.459375 0.05803048065650645 0.19583333333333333
2 0.070926143024619 0.459375 0.06037514654161782 0.19583333333333333
2 0.2584994138335287 0.478125 0.045134818288393906 0.196875
2 0.32708089097303633 0.46770833333333334 0.044548651817116064 0.19270833333333334
2 0.6834701055099648 0.6333333333333333 0.07502930832356389 0.175
2 0.5211019929660023 0.3458333333333333 0.03751465416178194 0.16354166666666667
2 0.4642438452520516 0.3020833333333333 0.03985932004689332 0.14583333333333334
2 0.6711606096131302 0.7010416666666667 0.06096131301289566 0.234375
2 0.5146541617819461 0.6708333333333333 0.06037514654161782 0.21666666666666667
2 0.5199296600234466 0.60625 0.07268464243845252 0.16145833333333334
3 0.23036342321219228 0.7895833333333333 0.059788980070339975 0.225
3 0.3745603751465416 0.3072916666666667 0.038686987104337635 0.16041666666666668
3 0.9490035169988277 0.5697916666666667 0.045134818288393906 0.18020833333333333