2 0.7727399389294074 0.55176626418861 0.1085890122976835 0.3355171306985187
2 0.46201328307348827 0.31027976431356413 0.08668089079963674 0.21385946529842598
2 0.5542182486785737 0.2814490447092121 0.11415621954943467 0.2462247380946298
2 0.7374199734714466 0.32911716413777664 0.12046133252376148 0.2735505220358335
2 0.24231947057162934 0.7206800244440273 0.12158700887999958 0.3423005220358334
2 0.5400659612368381 0.5634748866543974 0.10773622717932137 0.2834337973651853
2 0.9771718569548912 0.325281218850369 0.045656286090217706 0.2957865851061113
2 0.6031384465117264 0.2241798812089806 0.08150145418154803 0.25528368135722235
2 0.663605144155972 0.19145006155379532 0.09047078086517964 0.2306716023298149
2 0.5333971816112464 0.1561832199877307 0.07715323645867013 0.2759230542042594
3 0.5687567553754945 0.7394914373131011 0.09373645467812217 0.28701858257296303
3 0.4281538354283189 0.2126549093235179 0.07195223361742997 0.24447909371796303