2 0.18874560375146543 0.45 0.041617819460726846 0.20833333333333334
2 0.5105509964830012 0.5489583333333333 0.09320046893317702 0.20729166666666668
2 0.7930832356389215 0.590625 0.07268464243845252 0.2760416666666667
2 0.4114888628370457 0.384375 0.044548651817116064 0.203125
2 0.5603751465416178 0.46145833333333336 0.050996483001172335 0.20729166666666668
2 0.7086752637749121 0.7385416666666667 0.05451348182883939 0.26979166666666665
2 0.6483001172332943 0.6010416666666667 0.06037514654161782 0.24166666666666667
2 0.5896834701055099 0.59375 0.07561547479484174 0.22916666666666666
2 0.7033997655334114 0.6114583333333333 0.08089097303634232 0.15104166666666666
2 0.6318874560375146 0.5760416666666667 0.05509964830011723 0.25729166666666664
3 0.23388042203985931 0.83125 0.05509964830011723 0.27395833333333336
3 0.94021101992966 0.65625 0.05803048065650645 0.26145833333333335
3 0.2637749120750293 0.3854166666666667 0.049824150058616644 0.20208333333333334