2 0.7456037514654161 0.7512529610298883 0.09378663540445487 0.33207584415470304
2 0.6893317702227433 0.5870074545370666 0.09730363423212192 0.24051827164383752
2 0.6951934349355217 0.46114761146340216 0.06447831184056271 0.27283339285635816
2 0.5621336459554513 0.3882702159022507 0.07033997655334115 0.25426521644936056
2 0.5726846424384525 0.4094308317029881 0.07620164126611957 0.23778037337569605
2 0.52989449003517 0.4414368528074049 0.08440797186400938 0.24636825973923268
2 0.4320046893317702 0.38735873213760036 0.05861664712778429 0.24140156926335596
2 0.358147713950762 0.6788177548657719 0.07737397420867527 0.30031673809429643
2 0.14595545134818289 0.43161074079908973 0.07502930832356389 0.24816067532376232
3 0.45955451348182885 0.7871716363580444 0.07737397420867527 0.31490007142762977
3 0.7420867526377491 0.31156053354075364 0.05627198124267292 0.19341217315948842