2 0.3838310841902124 0.48044964405352136 0.10662169549728694 0.346130977613036
2 0.1856117216420164 0.6427810407802947 0.13145212073074478 0.4122420946116333
2 0.5441887320926002 0.5726023835626389 0.11515540690517177 0.44664023883479065
2 0.7284772896275529 0.811216757676267 0.10645118465874773 0.29404764427970254
2 0.8180516327963978 0.7723179267051864 0.11487576912996772 0.361223572168124
2 0.2869192340734337 0.42707665130991546 0.09944446873757985 0.3019444679943893
2 0.2637253220766547 0.6848180591736255 0.08552652296482609 0.3469047820904289
2 0.11106627328660686 0.6161507675776405 0.09861315747210249 0.406038383057948
2 0.949641227534964 0.49110757728422966 0.100717544930072 0.32716272280371256
3 0.17318929777844908 0.4299668901447061 0.07597734858584153 0.29423943593223295
3 0.4607219800573269 0.865340498986401 0.07806965842991483 0.21730160580511512