2 0.42555685814771393 0.3145833333333333 0.05920281359906213 0.22916666666666666
2 0.15943728018757328 0.31979166666666664 0.05158264947245018 0.253125
2 0.5556858147713951 0.4895833333333333 0.06799531066822978 0.284375
2 0.3452520515826495 0.171875 0.053341148886283704 0.21354166666666666
2 0.5363423212192263 0.35625 0.06037514654161782 0.2375
2 0.01817116060961313 0.46041666666666664 0.03634232121922626 0.2708333333333333
2 0.847010550996483 0.659375 0.0697538100820633 0.2708333333333333
2 0.016412661195779603 0.28125 0.032825322391559206 0.16770833333333332
2 0.5451348182883939 0.2833333333333333 0.06565064478311841 0.184375
3 0.05568581477139507 0.84375 0.07444314185228605 0.30625
3 0.9003516998827668 0.60625 0.0627198124267292 0.24583333333333332