2 0.16838310983392032 0.8469262340793465 0.11298779348007292 0.2838299856621774
2 0.2585940326391729 0.8675311913450746 0.08238970943055465 0.2251541654253155
2 0.4060034174428846 0.40930335263656076 0.0824334888891954 0.3291267664730332
2 0.49320090966677516 0.4592690421879045 0.07449188200323541 0.288961236282853
2 0.4407176063801251 0.37523940116180104 0.07691019597277661 0.24133566804460974
2 0.5394582972667326 0.40657494568980385 0.0818383722773745 0.25214046594917433
2 0.5447039268824442 0.25434606314225877 0.07253335682135871 0.20354456961618628
2 0.8623713249969374 0.25508498870327173 0.07978031983351346 0.2644464003302254
2 0.9511899940863879 0.46398903061198027 0.07937228940095854 0.2976827008540842
3 0.8902794681845272 0.8495569906335945 0.07636683771606531 0.06454343313969986
3 0.7379696765059526 0.19468268238844463 0.06152656099892746 0.2338242415214415