2 0.4454865181711606 0.5239583333333333 0.05627198124267292 0.228125
2 0.5943728018757327 0.47291666666666665 0.070926143024619 0.17604166666666668
2 0.22977725674091443 0.434375 0.053341148886283704 0.178125
2 0.6471277842907386 0.46770833333333334 0.04865181711606096 0.20104166666666667
2 0.8188745603751465 0.6614583333333334 0.049824150058616644 0.24166666666666667
2 0.3874560375146542 0.5614583333333333 0.0697538100820633 0.24583333333333332
2 0.34876905041031653 0.465625 0.06037514654161782 0.165625
2 0.40504103165298944 0.5447916666666667 0.043962485345838215 0.2125
2 0.8692848769050411 0.6958333333333333 0.05627198124267292 0.16875
2 0.369284876905041 0.5208333333333334 0.0492379835873388 0.215625
3 0.6371629542790153 0.8041666666666667 0.053341148886283704 0.25416666666666665
3 0.7966002344665886 0.39375 0.041617819460726846 0.15833333333333333
3 0.205158264947245 0.39166666666666666 0.04337631887456037 0.17395833333333333