2 0.8695907970363294 0.6018228757550477 0.10360362113744144 0.2875034837887038
2 0.7549272632897999 0.5741541771741215 0.0858753849656977 0.27219279863175955
2 0.7442855139247937 0.40385336423092705 0.06193761057146893 0.2212229962002778
2 0.5865892367672528 0.4588140212733342 0.10549809777469729 0.24176713069851866
2 0.3948207164950641 0.4602608863959728 0.06308948036639472 0.21918815298851868
2 0.3502136419988872 0.5240675068369449 0.09354967372521267 0.21836556281611125
2 0.331373131045148 0.7108644000741208 0.08023881487684703 0.2948670146905556
2 0.20305383170437485 0.7003463984284262 0.08248116502380934 0.2845473282670374
2 0.050636019552163125 0.8149245060787038 0.09909845769588692 0.3060595233024074
2 0.4051848820847389 0.8319951355106485 0.10302471947615 0.336009728978703
3 0.38371455246140024 0.8745532789998618 0.0827326563230242 0.19084581838861112
3 0.20456513786515132 0.4867804867009725 0.05829783285802292 0.2085775258355556
3 0.8422132741596245 0.34433637765490865 0.07246814390683995 0.21957607396111126