2 0.3071512309495897 0.6958333333333333 0.08440797186400938 0.30520833333333336
2 0.07209847596717468 0.515625 0.056858147713950764 0.2989583333333333
2 0.7936694021101993 0.6114583333333333 0.05627198124267292 0.31979166666666664
2 0.3106682297772567 0.4552083333333333 0.05861664712778429 0.2677083333333333
2 0.3898007033997655 0.45 0.06096131301289566 0.246875
2 0.5967174677608441 0.3885416666666667 0.08147713950762016 0.25729166666666664
2 0.5169988276670574 0.49895833333333334 0.05568581477139507 0.2708333333333333
2 0.4331770222743259 0.434375 0.03985932004689332 0.2552083333333333
2 0.5580304806565064 0.4114583333333333 0.06330597889800703 0.23645833333333333
2 0.664126611957796 0.4822916666666667 0.06858147713950762 0.26666666666666666
3 0.5509964830011723 0.7229166666666667 0.07327080890973037 0.2947916666666667
3 0.04865181711606096 0.27395833333333336 0.06330597889800703 0.23854166666666668
3 0.6588511137162955 0.30833333333333335 0.041617819460726846 0.19583333333333333