2 0.27667057444314186 0.4666666666666667 0.0984759671746776 0.22708333333333333
2 0.40093786635404455 0.3697916666666667 0.041617819460726846 0.19479166666666667
2 0.6899179366940211 0.4239583333333333 0.045134818288393906 0.21354166666666666
2 0.8323563892145369 0.665625 0.08089097303634232 0.26458333333333334
2 0.757327080890973 0.475 0.053341148886283704 0.22708333333333333
2 0.31770222743259086 0.7427083333333333 0.08909730363423213 0.33541666666666664
2 0.23739742086752638 0.7541666666666667 0.059788980070339975 0.30625
2 0.4284876905041032 0.534375 0.07913247362250879 0.23854166666666668
2 0.4372801875732708 0.46145833333333336 0.03399765533411489 0.21041666666666667
2 0.35345838218053927 0.5989583333333334 0.041031652989449004 0.24583333333333332
3 0.08792497069167643 0.7572916666666667 0.04865181711606096 0.2989583333333333
3 0.8534583821805393 0.38125 0.04279015240328253 0.25104166666666666
3 0.16002344665885113 0.41458333333333336 0.04220398593200469 0.19895833333333332