2 0.8615154514634773 0.47614176616559983 0.05347127679510803 0.21072649781375977
2 0.16532318746383234 0.6856320420617983 0.0775474780871077 0.28155097241038
2 0.7645811907361452 0.503483329561154 0.0681109799205179 0.1892292085026754
2 0.4579775988009213 0.5403932338289879 0.055189632581130924 0.23166901402059945
2 0.5344618616326143 0.44672141112399877 0.06039606988174871 0.20721492838813116
2 0.4892612147451351 0.5069374295170787 0.05837901770271766 0.21949656264111847
2 0.29619726889913534 0.5700084810782738 0.08654392563712615 0.2678411020650974
2 0.33417442630696564 0.5465281825706495 0.08567028908757876 0.2345077687317641
2 0.3717420665821956 0.5074228840630253 0.08316181634942722 0.2280394029847514
2 0.49983628002851216 0.4195967744589817 0.07233780844469245 0.2166400904565278
3 0.3526266791928059 0.782049602742466 0.06527812581808365 0.2596258103419835
3 0.27957257636801136 0.35959624377996363 0.044336707363324054 0.1745455510325487
3 0.9255553288583677 0.4207976737486213 0.04477352563809789 0.19121221769921537