2 0.6243230278191255 0.5734763322435074 0.11012505345787074 0.33879858549650876
2 0.3941638267998835 0.44968218073115185 0.1135738479501222 0.31807434631897685
2 0.889658646735283 0.5212962743398434 0.08414957701602345 0.28174856168729884
2 0.6825611408853531 0.45966956817353005 0.09943082787049687 0.2947213030291048
2 0.8682061830684836 0.7716470113531014 0.12535856127755315 0.3371879935049814
2 0.45453176209466295 0.27032314609837543 0.08297724407346777 0.2817121969686983
2 0.626735116413059 0.23608542639930874 0.07714968152839707 0.2919470400423628
2 0.16143527640195518 0.4362137840889619 0.09609798074845201 0.35086220887330344
2 0.21920658058388215 0.35884717099301766 0.09594793121053755 0.3050288755399701
3 0.21972191412956713 0.6952873219670508 0.12323214926577186 0.40378193073444707
3 0.13163549080977352 0.10615618181658411 0.07335304492552594 0.20642127921989478
3 0.9548284509537212 0.3764576985814687 0.06881376269321755 0.2521091536788262