2 0.3130128956623681 0.6677083333333333 0.07327080890973037 0.2708333333333333
2 0.2637749120750293 0.5010416666666667 0.05568581477139507 0.23020833333333332
2 0.7116060961313013 0.7177083333333333 0.06096131301289566 0.31354166666666666
2 0.6143024618991794 0.740625 0.12368112543962485 0.3125
2 0.1447831184056272 0.546875 0.05568581477139507 0.259375
2 0.0955451348182884 0.515625 0.0955451348182884 0.25833333333333336
2 0.3563892145369285 0.8229166666666666 0.04630715123094959 0.15729166666666666
2 0.6418522860492379 0.5625 0.047479484173505275 0.2552083333333333
2 0.021688159437280186 0.784375 0.04279015240328253 0.2375
2 0.6957796014067995 0.6739583333333333 0.04865181711606096 0.303125
3 0.3323563892145369 0.425 0.03751465416178194 0.22604166666666667
3 0.31887456037514655 0.8625 0.05803048065650645 0.0875