2 0.14302461899179367 0.503125 0.07151230949589683 0.2916666666666667
2 0.2508792497069168 0.36875 0.0779601406799531 0.24270833333333333
2 0.4718640093786635 0.3802083333333333 0.06447831184056271 0.275
2 0.5756154747948418 0.49166666666666664 0.08909730363423213 0.2916666666666667
2 0.6371629542790153 0.4479166666666667 0.04044548651817116 0.31875
2 0.720398593200469 0.459375 0.14009378663540445 0.32708333333333334
2 0.7192262602579133 0.4895833333333333 0.10668229777256741 0.33958333333333335
2 0.7362250879249707 0.4583333333333333 0.059788980070339975 0.2375
2 0.7151230949589683 0.6104166666666667 0.06565064478311841 0.3177083333333333
3 0.21395076201641267 0.9177083333333333 0.0668229777256741 0.16458333333333333
3 0.2620164126611958 0.30104166666666665 0.04865181711606096 0.234375