2 0.16495663589172618 0.44203804531880736 0.09865507445747473 0.3240478805472056
2 0.28924484628787495 0.6846128205384597 0.08817373661066896 0.37700114372491433
2 0.5558271790038715 0.6151000692144624 0.11257976304751774 0.31925396473395506
2 0.2089917980779198 0.7765436873368892 0.12212761248614318 0.2765960278740174
2 0.5857853435028854 0.4104172200490554 0.12363432777682415 0.2913007015562465
2 0.6739651165218743 0.8184051356740734 0.08176472419294482 0.30151578232933124
2 0.5154841857158763 0.47831880963865114 0.08401385226430613 0.29759179636045613
2 0.6838612591414767 0.5918071637363232 0.11061724841740689 0.3356779507028302
2 0.6314257247617014 0.4955398375126686 0.08357994265419628 0.3806824489959978
3 0.05113687598957439 0.8447804209337479 0.09961444204320995 0.2638738945783305
3 0.9609090241473102 0.7833681772968669 0.05255193844280274 0.3026489402736028
3 0.2725057294044702 0.2871516661960855 0.05961181527569151 0.2534983227158733