2 0.31813686534410146 0.5699293751856328 0.09332711782130829 0.2601757084659383
2 0.11018245158939764 0.6812150969127868 0.11277921817847217 0.23142115202630176
2 0.6648609935403564 0.3448860001590836 0.06247123586278122 0.23662875556969637
2 0.5356485343237224 0.32659440457241834 0.07861100582068485 0.22030147379587792
2 0.23560051021970474 0.6109165422766641 0.11222089052113716 0.26889691024824125
2 0.6897044579155766 0.5380428063865378 0.07467212495462099 0.26603784001696906
2 0.8295406469454647 0.6325700028643546 0.0972875649105236 0.28733176713345354
2 0.1814559812521531 0.6681105120411497 0.07991978438217846 0.22865904890727176
2 0.5461160143648948 0.21434894324205458 0.06529346141417523 0.2658439057924842
2 0.5796576762558782 0.2587777130277512 0.07740456147339479 0.21819389868448405
3 0.7036665948720261 0.7465943157224165 0.09383878889232557 0.2914257084659383
3 0.0797627589208582 0.43379465690642344 0.05606378867425093 0.20317421334606003
3 0.8321589797576906 0.25566848286647564 0.07161111957008512 0.22223935646084775