2 0.2599109526551254 0.5552505108257633 0.07290587385077517 0.2875621850640935
2 0.14294954172226101 0.6276006179672081 0.08332043857319278 0.2774728008648308
2 0.5843217019145758 0.391083546543972 0.061536286804272665 0.2247349025966893
2 0.64428657297598 0.5100077321507815 0.08790062493494881 0.26928492640589935
2 0.7653219024587467 0.6187076190570342 0.07467752634143554 0.24388491450129426
2 0.19272205967203318 0.36158087824915697 0.05821029244142256 0.23920914177422123
2 0.14008888564308955 0.44338925920091027 0.06480770846288925 0.2060939967524907
2 0.6198049931413571 0.4108077559599915 0.04847788652192286 0.30138185930681727
2 0.9091933785646213 0.46014082143971263 0.08173881034888646 0.2461864361462304
2 0.6614905383831443 0.44908195942370843 0.0648349948150059 0.20817733008582404
3 0.2408646683808515 0.8015747678602028 0.06404467080208426 0.23730763203389033
3 0.27313650174479603 0.3059830773843261 0.05169375527784302 0.18902731818121907
3 0.9350119896529631 0.45725746429716935 0.058374010554122856 0.25170914177422127