2 0.5390088695152969 0.585898898117174 0.138123172555523 0.2888696141013291
2 0.14183923748878569 0.3004855136587091 0.09474685368096271 0.2884211563867346
2 0.7036155657638085 0.7720131868210742 0.11278217427229827 0.3115196302349936
2 0.2714917953861004 0.5945937622903036 0.12049723964873323 0.28660447358640345
2 0.5546437189579781 0.2974602555200764 0.07986008300120301 0.24660904397479405
2 0.08994207673407442 0.6739832687986752 0.13575245924458398 0.3471665859983439
2 0.18633576960670786 0.5124468468611146 0.12942557673617844 0.2637847707499193
2 0.3008671299918133 0.3229672321051465 0.0932470105907704 0.27174236924129513
2 0.25453764174692345 0.41313165391177914 0.09058972590064937 0.3154560078049767
2 0.5402165880322451 0.19624890215059015 0.06295615658396857 0.22143935727197447
3 0.056065370075610285 0.7569832889657558 0.06895552894473762 0.2881545058537325
3 0.2567725398871234 0.12038695914212737 0.06291521781551407 0.21935602393864118