2 0.3971799760319167 0.634404934988008 0.1027711793451971 0.29455407565741326
2 0.4694406824808453 0.4585897124140422 0.10528503112848822 0.2509859320839039
2 0.5507098173239536 0.573278252222416 0.10877615077860063 0.3011071697015645
2 0.0914887149461757 0.3300407551686378 0.0905223919440147 0.271031220902444
2 0.6642459819890153 0.5851368705036311 0.08339285647493058 0.266500841382796
2 0.6095414245326756 0.579622311780904 0.09760415850622377 0.2734782670887588
2 0.14079333896554996 0.7655100250728246 0.12358655886994913 0.2831452142163575
2 0.27207376228250923 0.3738910774176108 0.0845174205106111 0.26447812685829286
2 0.23171087398931078 0.4051794023933359 0.10162472558019607 0.24455407565741313
3 0.445463552725829 0.8717756817990375 0.08425668624691557 0.20203874566712302
3 0.6939792650224739 0.4229925677853025 0.08671877967509752 0.2583493644759533