2 0.5381078689130899 0.38969312902614395 0.07927166769222327 0.1930178063368473
2 0.7405803539278787 0.3958406085706377 0.05767956987835494 0.23307157576658935
2 0.7749424516024972 0.40687804005365824 0.053433686369680586 0.25981535178688603
2 0.880733342331184 0.5251098885204795 0.07995389578691298 0.23468447300351394
2 0.9375501196688397 0.7738206434510017 0.09542045869169513 0.32111981160929065
2 0.5972352007311226 0.6403174386334811 0.07953201374851601 0.28043291700858813
2 0.4048657534170026 0.7322793991397288 0.06360945740060239 0.23766268907455176
2 0.47842298512696096 0.4949368174416405 0.05275145827499088 0.21814868512021934
2 0.33668459209274065 0.855825646186373 0.06340478897219545 0.225162689074552
3 0.34988648141422496 0.44285875488094745 0.04999745553306563 0.1929789064637009
3 0.9714509376903042 0.4196999662394479 0.044067568010818174 0.18838779315573823
3 0.569166446538486 0.9243068918653315 0.06439754384951062 0.07125069039266284