2 0.264947245017585 0.5416666666666666 0.09788980070339977 0.23125
2 0.324736225087925 0.6322916666666667 0.06799531066822978 0.24270833333333333
2 0.39683470105509966 0.6416666666666667 0.0697538100820633 0.2625
2 0.4466588511137163 0.5666666666666667 0.0627198124267292 0.2989583333333333
2 0.365767878077374 0.5375 0.06623681125439625 0.23333333333333334
2 0.5468933177022274 0.40625 0.056858147713950764 0.21354166666666666
2 0.5685814771395076 0.34270833333333334 0.05861664712778429 0.18541666666666667
2 0.6008206330597889 0.5541666666666667 0.05216881594372802 0.2791666666666667
2 0.6840562719812426 0.3541666666666667 0.05920281359906213 0.20833333333333334
2 0.6107854630715123 0.22604166666666667 0.043962485345838215 0.20104166666666667
3 0.08147713950762016 0.34791666666666665 0.041031652989449004 0.215625
3 0.7444314185228605 0.7958333333333333 0.06565064478311841 0.234375