2 0.5345838218053928 0.55625 0.0779601406799531 0.2125
2 0.10199296600234467 0.43125 0.044548651817116064 0.19895833333333332
2 0.27784290738569756 0.6697916666666667 0.04865181711606096 0.24479166666666666
2 0.8118405627198124 0.709375 0.06506447831184056 0.23854166666666668
2 0.7080890973036342 0.55625 0.041617819460726846 0.2125
2 0.5603751465416178 0.409375 0.06096131301289566 0.175
2 0.4413833528722157 0.459375 0.053341148886283704 0.19583333333333333
2 0.4284876905041032 0.4 0.04279015240328253 0.18645833333333334
2 0.5468933177022274 0.2864583333333333 0.038686987104337635 0.19479166666666667
2 0.5621336459554513 0.3260416666666667 0.019343493552168817 0.18541666666666667
3 0.7924970691676436 0.49270833333333336 0.041617819460726846 0.16770833333333332
3 0.23681125439624853 0.8229166666666666 0.04279015240328253 0.246875
3 0.34583821805392734 0.29791666666666666 0.03575615474794842 0.16875