2 0.45653111948842007 0.2848875029462217 0.06030938115748352 0.2217203216326818
2 0.5436141340583304 0.5829414383731688 0.07380534327216379 0.26822046186314785
2 0.827671958436629 0.4904104516566659 0.0701246263317965 0.2555386054366572
2 0.6830535383421652 0.5849467432906342 0.0889365261169208 0.2606751730446078
2 0.3299367256623163 0.6374731963572347 0.1007144282467111 0.26544802779957666
2 0.39011841724295965 0.402204945367401 0.04635053125528207 0.22932622926005225
2 0.6224868972364989 0.5224801840402918 0.08664643293604275 0.26472060209361375
2 0.8953802723084019 0.4272899853065684 0.0466233947764492 0.25015956259338556
2 0.677736620473258 0.5367876013886466 0.06767081503821823 0.2470840344856633
2 0.39080351664126645 0.7228564222742436 0.13149523462644275 0.28994078349582963
3 0.4132561840370461 0.8270725608331879 0.08457463057209864 0.28543269780928665
3 0.18731846135688437 0.39275955810643587 0.06352623011186671 0.1989855113925059
3 0.8559287772455648 0.3221948740195856 0.04495990749579283 0.2125989437845554