2 0.15767878077373973 0.6760416666666667 0.06858147713950762 0.3145833333333333
2 0.26670574443141853 0.63125 0.04630715123094959 0.321875
2 0.4718640093786635 0.521875 0.05158264947245018 0.3260416666666667
2 0.55978898007034 0.578125 0.05509964830011723 0.30625
2 0.5896834701055099 0.7375 0.06037514654161782 0.3177083333333333
2 0.5550996483001173 0.45416666666666666 0.05568581477139507 0.25416666666666665
2 0.6705744431418523 0.5125 0.056858147713950764 0.32916666666666666
2 0.6547479484173505 0.621875 0.08206330597889801 0.3125
3 0.3481828839390387 0.8552083333333333 0.053927315357561546 0.28958333333333336
3 0.7924970691676436 0.61875 0.06447831184056271 0.275
3 0.28487690504103164 0.3229166666666667 0.05158264947245018 0.234375