2 0.433087575011692 0.4168681627866961 0.06379705011299978 0.15458402372599617
2 0.6595179529501818 0.5603775811381824 0.04520341343710639 0.2032257944738492
2 0.24968830242732 0.7401262055757255 0.05009053778003445 0.2639820184535528
2 0.8095629287302263 0.5754100818220251 0.04406518266225871 0.2135575718122567
2 0.5036893566297899 0.7001714118105066 0.05936007438381484 0.23132779974629283
2 0.5196526508384197 0.4804416397445427 0.051024155548635326 0.19115024111514506
2 0.2835635807709835 0.6008788847644458 0.03822397925010476 0.21938312517096062
2 0.5683215190383345 0.4787562135339657 0.05458207697755188 0.20390490909992268
2 0.47456859498829074 0.6407575119373602 0.046457591582160805 0.22831068380210837
2 0.4843739264383809 0.33201918189930407 0.03572926382707893 0.17338001318110893
3 0.42413401612770396 0.823608048819678 0.05236699932973022 0.24331846377673755
3 0.2925610816596949 0.3598064433955935 0.03566105949166332 0.1525466798477756
3 0.8551990488839253 0.425553320960004 0.03927354438891223 0.1819680144992199