2 0.4527722477136788 0.580798782803842 0.18143491403949835 0.3530098713262966
2 0.2916600898172875 0.2840502337908329 0.10128635378383644 0.33096254305925943
2 0.6513254639233907 0.3098372565891657 0.08322367057675069 0.30940185790231495
2 0.4232778614505636 0.1395889237599071 0.09076123647838992 0.2791778475198142
2 0.5660675731202479 0.634501309526851 0.13758090609618767 0.33038240349472237
2 0.5728169520584491 0.5706202120091658 0.16566912781064908 0.32946283307916696
2 0.5524354821438067 0.5005627206210177 0.11685707493695115 0.44816260106324085
2 0.9741295547470151 0.19003426760921152 0.05174089050596981 0.32286991843944446
3 0.8733949976204117 0.11086251671962902 0.07738788504152692 0.22172503343925803
3 0.2064678682021059 0.7651097570932405 0.09721801780298923 0.3578519159062964
3 0.03396379726009154 0.25300290374888884 0.0626730147639285 0.2814941925022223