2 0.6031652989449003 0.5364583333333334 0.06447831184056271 0.25104166666666666
2 0.6705744431418523 0.37604166666666666 0.045134818288393906 0.21145833333333333
2 0.9572098475967175 0.4125 0.04806565064478312 0.2552083333333333
2 0.39976553341148885 0.7864583333333334 0.10785463071512309 0.296875
2 0.3733880422039859 0.6666666666666666 0.07209847596717468 0.3125
2 0.4806565064478312 0.515625 0.05216881594372802 0.271875
2 0.3939038686987104 0.4239583333333333 0.0738569753810082 0.25416666666666665
2 0.3440797186400938 0.5197916666666667 0.05451348182883939 0.25729166666666664
2 0.2661195779601407 0.49270833333333336 0.049824150058616644 0.24479166666666666
2 0.22157092614302462 0.496875 0.05041031652989449 0.24895833333333334
3 0.9683470105509965 0.8979166666666667 0.06330597889800703 0.203125
3 0.03341148886283705 0.6291666666666667 0.06623681125439625 0.26979166666666665