2 0.3034737444922322 0.46956574851472405 0.09425883567589546 0.24348480002121112
2 0.42453719262501216 0.46165810587732875 0.07599292915412498 0.2618469315722417
2 0.5020396785716129 0.6246315503394492 0.07994674625656567 0.27858632357309004
2 0.6158410228862797 0.3396405743687205 0.10434732891284819 0.27076206757902926
2 0.7710531776021295 0.7405511006258704 0.08305584412253139 0.3078014737958782
2 0.4445472267856325 0.800430069435571 0.07007666215699983 0.25964238934860523
2 0.6854792505976071 0.5378488721620531 0.09597719146191835 0.26434237513260517
2 0.7060368368910409 0.5622193157224165 0.058163840907127985 0.2968757297899387
2 0.591344078146941 0.32143528458514503 0.05914344968357161 0.2448408800127267
2 0.7531228787593806 0.615248078400113 0.062416354402576965 0.2803060302355144
3 0.6098494040277816 0.8869710596222998 0.07304763814119968 0.22605788075540023
3 0.8219660541243309 0.3137109148630819 0.055324522121099055 0.18854239645660548
3 0.34143159473083046 0.28607557341393564 0.04681949513020083 0.22168179556545412