2 0.9091441969519344 0.7229166666666667 0.07033997655334115 0.3
2 0.7543962485345839 0.5697916666666667 0.0627198124267292 0.28020833333333334
2 0.5445486518171161 0.38645833333333335 0.06213364595545135 0.21145833333333333
2 0.49413833528722156 0.33229166666666665 0.06330597889800703 0.22708333333333333
2 0.15826494724501758 0.5104166666666666 0.047479484173505275 0.2552083333333333
2 0.3528722157092614 0.453125 0.050996483001172335 0.24166666666666667
2 0.3364595545134818 0.628125 0.06389214536928488 0.2875
2 0.39800703399765536 0.6875 0.07327080890973037 0.31666666666666665
2 0.5328253223915592 0.6135416666666667 0.06447831184056271 0.2677083333333333
2 0.488862837045721 0.5 0.059788980070339975 0.26666666666666666
3 0.6781946072684643 0.7697916666666667 0.05568581477139507 0.24270833333333333
3 0.028722157092614303 0.37083333333333335 0.05158264947245018 0.215625
3 0.7286049237983587 0.29583333333333334 0.043962485345838215 0.20729166666666668