2 0.7966171112676317 0.4458437314170715 0.07693208570209685 0.2911371285298145
2 0.7075655818161574 0.503636379697 0.10023543783258533 0.2860995047064193
2 0.518081554732246 0.4300020557765054 0.10164661530951645 0.2965767901819163
2 0.5690481691076295 0.579630327352214 0.09020989932520991 0.3084706020936139
2 0.6203820004251185 0.8220578604745012 0.1251410430675052 0.2998724996918545
2 0.4132064965244616 0.7190941759487117 0.09387020487350194 0.3149024585201045
2 0.296372282560905 0.6145878431429935 0.0912866944540154 0.3043645542357775
2 0.04562836067814473 0.8382194101346528 0.05944262937751169 0.29439451306402753
2 0.3546555185846384 0.8785569728167144 0.09133845280912473 0.20448579185343807
3 0.6196266480556609 0.8658987886877466 0.08210309598930433 0.21025084138279576
3 0.581226326628542 0.266130117006515 0.07588116975084588 0.24530379519648118