2 0.48817895708162223 0.26258570933417863 0.09924169972929539 0.3256196622941862
2 0.47302211690041707 0.49399505427608165 0.09256150911132523 0.24174041459332116
2 0.31878278040998287 0.39700345168233775 0.06224455778591574 0.25556832654882317
2 0.671710756233647 0.6565747829064982 0.09177797597373565 0.2812145650531482
2 0.8255566906737869 0.49550600935067457 0.06919670285073054 0.2478900904565278
2 0.5842241077345116 0.3816485308331527 0.1076176690358809 0.2244097919489036
2 0.11057683774822707 0.5475242288562061 0.07777137010595679 0.28615437057107207
2 0.6189686679571141 0.30244056083480236 0.06864419786472609 0.19164009045652777
2 0.5652327857382071 0.22835089778618028 0.04922611653202437 0.24186731494025343
2 0.5898854390171498 0.28225346600579404 0.05835922230091233 0.21774077792830415
3 0.7609572354289449 0.752334368313177 0.05870709581061879 0.2531574445949708
3 0.6980777116681645 0.23783364164321116 0.05457620255405785 0.1903298959744518
3 0.0979821890669043 0.39883442333828206 0.0606015724478747 0.20754247700865017