2 0.9608634022678593 0.685010440296998 0.07827319546428152 0.3383241925565519
2 0.8343033187461627 0.4550573315256901 0.07456433785423601 0.2631908672900509
2 0.5185588637856886 0.3457874391186476 0.06519065930045177 0.22352269060530788
2 0.6050615688468304 0.614767033707535 0.06807830950713753 0.32143935727197454
2 0.4548925359341568 0.5131631537935245 0.11461296098608968 0.23028175071376644
2 0.45099113618682607 0.3808714871268578 0.0628459934153404 0.22349844964776225
2 0.2905483937016811 0.5273660810611062 0.07319273185339673 0.37564238537495964
2 0.2537627246900222 0.37353272756069217 0.061791554218322726 0.2672242086902166
2 0.2887691445781206 0.4471516874883864 0.08103042625468838 0.36322722872636937
3 0.6189103511525694 0.8855397646470043 0.08962533299582194 0.21752722065953708
3 0.6663342539138049 0.3463435921266052 0.06679306780570549 0.23811814441741402