2 0.9528419063498743 0.5852135373926491 0.08949336572208404 0.278943808973069
2 0.5921405506054146 0.44856233784757205 0.0881777260589034 0.27260891964480993
2 0.722157040378334 0.5622685123981167 0.09166884570901579 0.32277869830132816
2 0.5623535144927293 0.7626946850210697 0.10456450807712833 0.32371248091217925
2 0.3579735151243051 0.4529977588352801 0.11270118003882273 0.2702249288715862
2 0.296315563513487 0.5294567825612764 0.10358325076207277 0.33196092491725343
2 0.42476565298011576 0.3187801771371917 0.08052273261419372 0.24501625034192145
2 0.262441319894794 0.43487379442427443 0.09076123647838992 0.2831953649679949
2 0.6951993668719048 0.4108412989633005 0.08052273261419372 0.24501625034192145
2 0.38333691442277196 0.38125363761865216 0.10420823599968261 0.25713070357377177
3 0.7223799793557404 0.36713728841841325 0.0654993591660246 0.2023309117361445
3 0.5145247136582042 0.827718370141289 0.09066569866463972 0.27902869830132837