2 0.5876295935220179 0.5566246080181045 0.08782546314837528 0.27211695160527044
2 0.8478569732854095 0.49045657168352375 0.09963231217135075 0.32101626413349416
2 0.35614843965161674 0.5371443238339366 0.10006589810432717 0.2483179632138402
2 0.0595015968736227 0.35156986356077247 0.10685580165099982 0.28428054424803856
2 0.21708886407700245 0.4743153361969421 0.13281093324026502 0.292932567465178
2 0.4049945971046886 0.6383320473374369 0.10688148662227441 0.2406397271215449
2 0.6815173526406728 0.3461134855994764 0.06527812581808365 0.2596258103419835
2 0.5183865111683073 0.7257877536538722 0.2091699166758299 0.1275495190704485
2 0.25902944873111344 0.3566438768269361 0.11702458214357397 0.27067985677626233
3 0.7468710040832339 0.809414639677348 0.1258861401536243 0.29644413689080645
3 0.966932199670678 0.36277417156238106 0.06613560065864409 0.23155097241038014