2 0.3505485205453645 0.8494727052929169 0.09279340974469631 0.3010545894141662
2 0.3729900376279852 0.8433201210096529 0.07783969493272258 0.3133597579806941
2 0.3138180638987864 0.7198999692231024 0.06379757879960915 0.27945934929046296
2 0.22669421975932555 0.7069124551658337 0.13516658157488087 0.27616724670648174
2 0.3573207604569602 0.5882395450840747 0.07446999227391518 0.23411091717287036
2 0.5333796777488993 0.4328675929554638 0.05494836268302343 0.2000017418943519
2 0.6714910547489896 0.5251204958168992 0.09468626573861176 0.2474352492396297
2 0.8258827310888944 0.598236348652918 0.10994848372115618 0.300100464031852
2 0.9186821250059423 0.4404632645592143 0.07410973074823489 0.269479093717963
3 0.21758626410316143 0.8935595233024076 0.09650547364809792 0.21288095339518473
3 0.9508715172952314 0.392789919447594 0.07080968672562289 0.22771544680814818
3 0.17576340594611425 0.5484076645126392 0.06406230251153903 0.2399245060787038