2 0.2514654161781946 0.534375 0.04865181711606096 0.209375
2 0.46893317702227433 0.43125 0.04220398593200469 0.184375
2 0.5228604923798359 0.48541666666666666 0.045134818288393906 0.19583333333333333
2 0.1570926143024619 0.5072916666666667 0.049824150058616644 0.240625
2 0.6002344665885111 0.5802083333333333 0.07209847596717468 0.19583333333333333
2 0.6658851113716295 0.490625 0.05216881594372802 0.175
2 0.7092614302461899 0.778125 0.06037514654161782 0.25729166666666664
2 0.6436107854630715 0.6010416666666667 0.044548651817116064 0.221875
2 0.686400937866354 0.684375 0.05803048065650645 0.246875
2 0.6776084407971864 0.48125 0.03048065650644783 0.20625
3 0.6430246189917936 0.8125 0.05451348182883939 0.19895833333333332
3 0.7514654161781946 0.446875 0.04279015240328253 0.1875