2 0.3780564589121013 0.5955312117507413 0.11546458236029718 0.31710656154953704
2 0.10844569817871585 0.4521595523043983 0.08833720656881608 0.3034912887533334
2 0.39606145091285677 0.3599457006057413 0.08236639644757084 0.2949155048121297
2 0.6043975956832358 0.5216049620027786 0.1075584016356913 0.33968379736518534
2 0.6875362620745866 0.3834538291502325 0.10960291764751848 0.3168641109416669
2 0.8254647045105643 0.5817627715253716 0.10243248823160093 0.30615650354555585
2 0.04638418889740822 0.8115310685156945 0.06941714157368781 0.37693786296861115
2 0.1433140662844081 0.29639532446731504 0.09291739293057201 0.2953519159062964
2 0.6280474318775303 0.40389749961662136 0.09095473597509468 0.32442160232981493
3 0.031887864037384535 0.2876220962511111 0.05940991173609494 0.24191085916888894
3 0.39596594868044827 0.3526540339390747 0.07465023998931876 0.24254123074935188
3 0.1455291617981768 0.9090858011649076 0.09621512074284236 0.18182839767018494
3 0.9809444834427512 0.5102809181810201 0.038111033114497664 0.31632897770999996
3 0.3539827040615347 0.5914121642584728 0.0601193568911296 0.29607752583555563