2 0.7543962485345839 0.5322916666666667 0.0984759671746776 0.2791666666666667
2 0.18933177022274325 0.4395833333333333 0.111957796014068 0.2375
2 0.3493552168815944 0.2552083333333333 0.08264947245017586 0.22604166666666667
2 0.2543962485345838 0.5010416666666667 0.07737397420867527 0.2635416666666667
2 0.7180539273153576 0.284375 0.07327080890973037 0.209375
2 0.8552168815943728 0.25104166666666666 0.05568581477139507 0.22083333333333333
2 0.5029308323563892 0.65 0.06740914419695193 0.25
2 0.5896834701055099 0.30625 0.05158264947245018 0.23229166666666667
2 0.6354044548651817 0.4479166666666667 0.0873388042203986 0.24895833333333334
2 0.44196951934349354 0.18125 0.05451348182883939 0.16770833333333332
3 0.44958968347010553 0.715625 0.07268464243845252 0.2708333333333333
3 0.9718640093786636 0.16145833333333334 0.05627198124267292 0.19270833333333334
3 0.1488862837045721 0.18020833333333333 0.05744431418522861 0.175