2 0.3930543339094888 0.4507783944757192 0.09222631937662354 0.2424197813841687
2 0.23945825713406918 0.45226461633905984 0.05700176763162048 0.22466217315948853
2 0.5484153397189866 0.6264482353829128 0.12528353650859592 0.3142713268383147
2 0.7697001984665622 0.5416363181724316 0.07595006685167514 0.283577341990429
2 0.31604447126869367 0.6952896877666898 0.07948070654642546 0.28785310281289705
2 0.575096731032386 0.3553732591921228 0.09231498501266376 0.26950311471750205
2 0.5925824380710718 0.5653119123304298 0.11707720591070613 0.31401677380811155
2 0.6165031170533243 0.4212475400357722 0.07704737502527387 0.2606970400423628
2 0.6090568739820222 0.3678861693648693 0.09091075732969489 0.1986334166655683
3 0.9284050636750109 0.4121705551834928 0.06875919922488508 0.23544248701215953
3 0.22432968440768755 0.7757865730491876 0.08425188351914692 0.31299856168729884
3 0.2492120445193008 0.3379722007545301 0.05570666688531658 0.18712580844088803