2 0.49824150058616645 0.5645833333333333 0.07268464243845252 0.2875
2 0.6365767878077374 0.3104166666666667 0.07678780773739742 0.24583333333333332
2 0.5509964830011723 0.75 0.070926143024619 0.2833333333333333
2 0.32825322391559203 0.5510416666666667 0.05451348182883939 0.284375
2 0.4396248534583822 0.578125 0.07737397420867527 0.265625
2 0.4091441969519343 0.4354166666666667 0.0873388042203986 0.19895833333333332
2 0.3798358733880422 0.690625 0.08206330597889801 0.26666666666666666
2 0.4232121922626026 0.8197916666666667 0.09320046893317702 0.14479166666666668
2 0.6594372801875733 0.48020833333333335 0.10492379835873387 0.25
3 0.8429073856975381 0.3375 0.05627198124267292 0.234375
3 0.05451348182883939 0.7739583333333333 0.05920281359906213 0.24166666666666667