2 0.1267309462716521 0.6440524323141364 0.08223680985733038 0.2812100998063665
2 0.30623277602264015 0.5895260463217337 0.07593832686977826 0.26405826909232744
2 0.04975679217018494 0.396749400882605 0.07694685295929378 0.25790530190180194
2 0.28581968941301417 0.41583598924963916 0.07724554935230207 0.22466900137794307
2 0.9403829945187462 0.5339062963960419 0.07640406245762392 0.32646123628285295
2 0.8616070519153896 0.598886377178377 0.08714455076494007 0.2899315643775978
2 0.823196308574583 0.7022825255099837 0.0996869144556976 0.32215189247234266
2 0.6695853111031211 0.48950865950376765 0.07010557947007172 0.30930940556881387
2 0.6167484252615953 0.49075013593011907 0.07828299275488963 0.2642523347112764
2 0.7081357924965921 0.4810982434577766 0.07223183621779648 0.3011701378544295
3 0.5885273857534937 0.7812096366190906 0.08561568680323203 0.23159823104426447
3 0.7855016858507738 0.25025058065175537 0.06072368358782903 0.21914387537863375