2 0.1981242672919109 0.3489583333333333 0.06037514654161782 0.22708333333333333
2 0.406799531066823 0.671875 0.09437280187573271 0.2604166666666667
2 0.4396248534583822 0.43020833333333336 0.07268464243845252 0.19791666666666666
2 0.6055099648300117 0.4010416666666667 0.05803048065650645 0.221875
2 0.5720984759671747 0.28229166666666666 0.05451348182883939 0.16875
2 0.7467760844079718 0.6 0.07209847596717468 0.26875
2 0.6781946072684643 0.6604166666666667 0.0697538100820633 0.25833333333333336
2 0.5978898007033998 0.5947916666666667 0.06506447831184056 0.22708333333333333
2 0.5076201641266119 0.5875 0.07502930832356389 0.2520833333333333
2 0.541031652989449 0.540625 0.05744431418522861 0.2375
3 0.3347010550996483 0.8322916666666667 0.070926143024619 0.27708333333333335
3 0.3528722157092614 0.28125 0.032825322391559206 0.171875