2 0.5453772102922936 0.48114117011753665 0.09918831463456666 0.23058225861515022
2 0.6201125940150937 0.6044373518109974 0.07148738456258949 0.2033505039972373
2 0.41037709629342134 0.4662097601356975 0.07734406428870666 0.24332196856846858
2 0.6884151015138219 0.6092261155281445 0.06815470383322167 0.20930940556881386
2 0.4697766904574361 0.3683586879002169 0.06285097840200192 0.18808794099758258
2 0.29062478802776515 0.3904963744164785 0.09943407209896553 0.23891559194848366
2 0.45623672450835795 0.5866749123279498 0.07796344293636492 0.22466900137794307
2 0.4973505665736335 0.6657644962819587 0.08208985043836745 0.2852797336635587
2 0.4546442859764273 0.49282787951847523 0.06926559740967751 0.20732310504495502
3 0.49055734139603685 0.7143603926149465 0.07907433651282103 0.22268270085408423
3 0.6376353390242482 0.3617746628120334 0.05680499559092453 0.1813527769502103