2 0.6960171441408639 0.5367808409263336 0.08276581063367933 0.2230771577560392
2 0.3958218666741772 0.35044870810122786 0.05582261425552317 0.22653632973143586
2 0.8630814088885906 0.5519885073106516 0.07823334883491254 0.2705084630271228
2 0.21580396587323453 0.35161463121238945 0.05943509915277214 0.25606701744479
2 0.21380636047214943 0.6035766241968271 0.0946869326319415 0.28470722791166403
2 0.24229321260757974 0.6784244627447741 0.06063471382949413 0.2645216911270192
2 0.3267701704335983 0.30787296084970905 0.04175461894485507 0.2250802455446864
2 0.292827078567816 0.28768742406506426 0.07216707111588716 0.20740176128264368
2 0.20538937806106466 0.3088559014056606 0.0570495106664114 0.2433243367469983
2 0.32218655538326985 0.2750959327874592 0.10834570193011585 0.16116331209841353
3 0.2995874772548939 0.7302034731740015 0.07344853099510781 0.2408564349648728
3 0.10241505125532814 0.23984461736949694 0.05459571784463493 0.20974832271587343
3 0.9781068367431761 0.34298585799465864 0.03821033838302177 0.2163828911646656