2 0.2144899670794931 0.33713162121471746 0.07692460722152551 0.2231970400423627
2 0.3639832693692646 0.5179299686191267 0.10546300342181424 0.3469864599554403
2 0.5596980766574192 0.4920653939461842 0.07823334883491254 0.26490007142763
2 0.48736088551628975 0.42138515747344546 0.0864260385657191 0.2609879577911665
2 0.324760878231914 0.35558833766627485 0.07681548028486042 0.1898637067090295
2 0.32126434070487164 0.3619474318220763 0.08401998877873373 0.2421652283539655
2 0.9774161259918943 0.6499165227391558 0.04516774801621139 0.30770458874401807
2 0.7526828635653641 0.34856521537710944 0.08168214332716386 0.24417583225009795
2 0.7478162005230606 0.2945440075848446 0.06521491866305178 0.22700005952302493
3 0.8538828123133034 0.8194325476294042 0.09245139368349524 0.3111697813841687
3 0.026596135894129815 0.24503330952412336 0.04059592686938239 0.22623640043241539
3 0.9462132851566342 0.3717317034747013 0.07226255718546915 0.23138491450129425