2 0.3083235638921454 0.5625 0.045134818288393906 0.25625
2 0.35580304806565066 0.49166666666666664 0.0873388042203986 0.240625
2 0.6213364595545134 0.35520833333333335 0.04865181711606096 0.19375
2 0.6441969519343493 0.46458333333333335 0.05861664712778429 0.18645833333333334
2 0.6635404454865181 0.54375 0.049824150058616644 0.234375
2 0.7561547479484173 0.5895833333333333 0.06623681125439625 0.22916666666666666
2 0.902696365767878 0.609375 0.1025791324736225 0.20625
2 0.7502930832356389 0.49375 0.04630715123094959 0.22708333333333333
2 0.7444314185228605 0.33125 0.04630715123094959 0.178125
3 0.5644783118405627 0.8802083333333334 0.05275498241500586 0.23958333333333334
3 0.2813599062133646 0.2625 0.0246189917936694 0.16875
3 0.9882766705744431 0.3 0.023446658851113716 0.18229166666666666