2 0.8341148886283705 0.521875 0.06213364595545135 0.25729166666666664
2 0.705158264947245 0.496875 0.06213364595545135 0.23333333333333334
2 0.3604923798358734 0.7041666666666667 0.05568581477139507 0.2625
2 0.4630715123094959 0.671875 0.08909730363423213 0.33125
2 0.5087924970691676 0.5270833333333333 0.04630715123094959 0.24479166666666666
2 0.46658851113716293 0.5802083333333333 0.08558030480656506 0.22708333333333333
2 0.46483001172332944 0.5364583333333334 0.05861664712778429 0.221875
2 0.36635404454865184 0.5958333333333333 0.053927315357561546 0.28541666666666665
2 0.36107854630715125 0.4114583333333333 0.05451348182883939 0.20625
2 0.1477139507620164 0.4114583333333333 0.04279015240328253 0.196875
3 0.6998827667057445 0.7802083333333333 0.06623681125439625 0.3125
3 0.7362250879249707 0.353125 0.038686987104337635 0.196875
3 0.16295427901524032 0.35833333333333334 0.03751465416178194 0.20729166666666668