2 0.14009378663540445 0.45625 0.04806565064478312 0.28020833333333334
2 0.376905041031653 0.6416666666666667 0.05627198124267292 0.30104166666666665
2 0.39683470105509966 0.4822916666666667 0.05568581477139507 0.27291666666666664
2 0.5281359906213364 0.440625 0.05803048065650645 0.25729166666666664
2 0.5756154747948418 0.290625 0.06858147713950762 0.21145833333333333
2 0.634232121922626 0.38125 0.05275498241500586 0.22708333333333333
3 0.4284876905041032 0.8927083333333333 0.070926143024619 0.21458333333333332
2 0.5978898007033998 0.5385416666666667 0.059788980070339975 0.246875
2 0.5873388042203986 0.5458333333333333 0.053927315357561546 0.265625
2 0.723915592028136 0.4583333333333333 0.09964830011723329 0.321875
2 0.6910902696365768 0.44166666666666665 0.0697538100820633 0.28854166666666664
3 0.2936694021101993 0.30625 0.050996483001172335 0.21979166666666666