2 0.6154747948417351 0.7364583333333333 0.06740914419695193 0.25833333333333336
2 0.5310668229777257 0.5385416666666667 0.05920281359906213 0.21666666666666667
2 0.9736225087924971 0.44895833333333335 0.0492379835873388 0.19583333333333333
2 0.49648300117233296 0.44479166666666664 0.05216881594372802 0.2375
2 0.5967174677608441 0.46041666666666664 0.06740914419695193 0.22083333333333333
2 0.46483001172332944 0.4427083333333333 0.04572098475967175 0.2375
2 0.6477139507620164 0.4197916666666667 0.044548651817116064 0.21145833333333333
2 0.6553341148886284 0.296875 0.041031652989449004 0.16979166666666667
2 0.6078546307151231 0.45208333333333334 0.047479484173505275 0.20208333333333334
2 0.6090269636576788 0.375 0.04044548651817116 0.18020833333333333
3 0.2825322391559203 0.5583333333333333 0.038100820633059786 0.19895833333333332
3 0.854630715123095 0.31666666666666665 0.03985932004689332 0.16875
3 0.9150058616647128 0.7145833333333333 0.04279015240328253 0.07916666666666666