2 0.7582301225838074 0.7415102691492206 0.07702094232882335 0.3057181404625446
2 0.6642601505750251 0.592432186505462 0.10267585377701703 0.28541812624654433
2 0.231436981515066 0.7263652817207905 0.09017578994419574 0.34556813335454445
2 0.38065788844257276 0.5826736967961256 0.08522727292671314 0.3058878329089687
2 0.3928185617243452 0.3366221874602468 0.06124860225227678 0.22415299734775687
2 0.43252823782166144 0.2691434212285503 0.04720788959921473 0.2280287626776964
2 0.2999859980015957 0.371870621260367 0.10463856245564025 0.22713327646933218
2 0.17053869715081443 0.3599660044027292 0.0695777048093949 0.24307268979418098
2 0.12919329359889306 0.40873113330151667 0.12680375773377311 0.21092720358581687
2 0.09495732567798058 0.3563212657543041 0.08485895704902824 0.24963783290896882
3 0.5179560240078469 0.8277177127626119 0.0791337056242813 0.2703499573519991
3 0.02474735241552682 0.24841289332696997 0.044849582385300284 0.225896945788242
3 0.777929933353888 0.32865876336734196 0.05421460459694267 0.22400754667939335