2 0.7703438725492838 0.39552540065613867 0.04812103729451083 0.19089557313036754
2 0.08628595789901129 0.7044955896067537 0.05781345139742858 0.23949135442310782
2 0.5443556198775845 0.5167266496303744 0.05902670832639359 0.245826243751367
2 0.29231126855977113 0.4078079993905193 0.04577637140939933 0.19072579447384921
2 0.3377257340886296 0.36836790519516477 0.05275580374952083 0.1829017971100709
2 0.4608812577020757 0.5471578406573054 0.06839173053803613 0.244422025044107
2 0.04877771373437344 0.7903632424332561 0.06612891262574355 0.2567522463875887
2 0.496992086998906 0.4955802985025439 0.07858805247215545 0.19101936233177313
2 0.4442575665771048 0.4886352787308805 0.059926214692886476 0.20424446641295937
2 0.46328089956965723 0.4493685079830275 0.053982702007288996 0.1913200197716634
3 0.49553205414971174 0.8081227431666735 0.06603342332412153 0.24216891305425559
3 0.47689955236433657 0.3398856239272119 0.04442670119240272 0.1635575718122567