2 0.7473622508792497 0.7333333333333333 0.13071512309495897 0.321875
2 0.8528722157092614 0.6708333333333333 0.1283704572098476 0.321875
2 0.28604923798358733 0.3572916666666667 0.09378663540445487 0.20729166666666668
2 0.7245017584994138 0.446875 0.09378663540445487 0.275
2 0.17819460726846426 0.43125 0.06740914419695193 0.2375
2 0.9536928487690504 0.5385416666666667 0.08968347010550996 0.27395833333333336
2 0.11313012895662368 0.753125 0.12250879249706917 0.296875
2 0.029894490035169988 0.6 0.059788980070339975 0.175
2 0.5838218053927315 0.5 0.11664712778429073 0.271875
2 0.5603751465416178 0.4895833333333333 0.0697538100820633 0.23333333333333334
3 0.08968347010550996 0.878125 0.1488862837045721 0.24375
3 0.3704572098475967 0.328125 0.06330597889800703 0.18541666666666667