2 0.6723821241683728 0.4323596699809447 0.05780099715967179 0.21081054204530053
2 0.8322150564616384 0.3889548745590826 0.0723874331605575 0.2515582690923274
2 0.1988117375839517 0.6911100096516136 0.06150900045215587 0.22568497380705707
2 0.10571943386077857 0.7799770851953601 0.07148796373916907 0.2722945696161863
2 0.27959699590644765 0.3795460272977022 0.06469856305442234 0.20097607223548053
2 0.2944402017562847 0.5427223848936557 0.09109018753721515 0.24894412737725227
2 0.4138144944545524 0.4589637378034002 0.07454109458085212 0.23716900137794308
2 0.42049425963160064 0.44072172401795723 0.06603461410967838 0.21357310504495503
2 0.34336733288967025 0.29414643865748435 0.056383087048065765 0.19196350923582592
2 0.2877882130305846 0.5141379150838359 0.07576800022764112 0.24143270085408422
3 0.801514148741331 0.5871169953198034 0.06538072185734017 0.2530594055688141
3 0.4814302466893055 0.25878675021090003 0.04814947009805917 0.18920094623617126