2 0.7631887456037515 0.5489583333333333 0.06740914419695193 0.29270833333333335
2 0.20574443141852286 0.7416666666666667 0.053341148886283704 0.3302083333333333
2 0.6764361078546307 0.3802083333333333 0.0779601406799531 0.24583333333333332
2 0.43141852286049237 0.6041666666666666 0.07209847596717468 0.31354166666666666
2 0.0627198124267292 0.846875 0.09378663540445487 0.3
2 0.39800703399765536 0.484375 0.05509964830011723 0.3125
2 0.2936694021101993 0.5291666666666667 0.05041031652989449 0.29791666666666666
2 0.4466588511137163 0.46458333333333335 0.08616647127784291 0.3302083333333333
2 0.4642438452520516 0.59375 0.053927315357561546 0.30104166666666665
3 0.35580304806565066 0.41770833333333335 0.05627198124267292 0.2552083333333333
3 0.518757327080891 0.9114583333333334 0.07737397420867527 0.17708333333333334