2 0.27727165710458496 0.36622412048753705 0.09446028230178072 0.2802911601867269
2 0.5670444553878251 0.442402565761553 0.08298258548695128 0.2918208320919822
2 0.48617395173571015 0.45013949628195865 0.10387988461068084 0.283150755995856
2 0.5823089634371639 0.292981890548032 0.08482109480798103 0.20669526385373896
2 0.6339474430206954 0.3513094797406295 0.08704294438772862 0.20063932947268792
2 0.6659428339599622 0.4258699600276265 0.08442659846606197 0.2461815643775978
2 0.6333370967533029 0.49951724483571963 0.09110703854793208 0.28833339509163686
2 0.778931544856708 0.4989435097942179 0.09575543154970005 0.28663819299620136
2 0.7147918992469827 0.40200291536303184 0.08438565969760747 0.24409823104426445
2 0.7409367815566721 0.35810449407845213 0.05964385159857456 0.23581054204530041
3 0.49799405004080294 0.5138495343300217 0.07788386603218284 0.27059936752075087
3 0.32028881551654215 0.1352109583704874 0.08340312925469794 0.1940982310442644