2 0.8899530124969021 0.48356215993846247 0.09937559750883476 0.24859950470641934
2 0.8721620084181723 0.4168540369508282 0.11105115802751646 0.2471223594613884
2 0.8406483362415595 0.31027864907357183 0.09688363545486402 0.34419036280443177
2 0.669477805243812 0.6770379968343087 0.1127449594974632 0.37206174065255815
2 0.48630126859152323 0.546051387438317 0.09626263966548847 0.3171070294710984
2 0.5908389262470225 0.45533057499900426 0.10774712455667003 0.30729655089273417
2 0.4934596492063536 0.3615248404162415 0.10595379582473881 0.2801525987505705
2 0.5053849991240708 0.3265739617323542 0.08602413580129215 0.27912207900045644
2 0.31354735601450506 0.4967199472162747 0.0821946443548201 0.3163796037651354
2 0.17039835406321507 0.6882782760626582 0.107699355649795 0.30521321755940084
3 0.4462240224955007 0.7874229756321427 0.10339217513457265 0.3216374089907466
3 0.33180408081728247 0.2367084497235571 0.06987619831744249 0.23875070115232996