2 0.5855635955293021 0.46456933982473836 0.09041107948420418 0.252030254296254
2 0.782936073646404 0.35222148735400965 0.0768752881634453 0.2780949156904772
2 0.3920616738133316 0.5349109683157637 0.10906048160235829 0.3074702608868087
2 0.3743110569714651 0.4381403075805961 0.07990102176965765 0.2533495836752548
2 0.4566144175194901 0.5041579439307121 0.0988221039243669 0.2630411462607351
2 0.4662591830548903 0.5170204959713053 0.08532725137206265 0.29118914098829146
2 0.4951357819202965 0.40331259543910336 0.07270326904050525 0.2445069143723663
2 0.4249725841536875 0.3875301771371918 0.06566927138517113 0.24399757840281117
2 0.5494036311384085 0.3868652416750511 0.05273267024860409 0.24098046245862673
2 0.5593740391917322 0.3266837930565888 0.06271052397324128 0.21257779974629282
3 0.6880645608779029 0.30380430028141137 0.06404661198961525 0.22099602240788532
3 0.5546810218571604 0.8047857983290323 0.10696144832797434 0.3198004822302901
3 0.02663619722622105 0.6385646613942231 0.033376152983521354 0.26870401054488724