2 0.2966002344665885 0.5803830595274186 0.09261430246189918 0.28620614610276907
2 0.4536928487690504 0.2505101872349579 0.09378663540445487 0.25290917748803626
2 0.8686987104337632 0.6240954101837308 0.0914419695193435 0.325753114717502
2 0.34876905041031653 0.29543149621636516 0.06330597889800703 0.29154702813775785
2 0.6559202813599062 0.15569560660971302 0.07620164126611957 0.22944704004236283
2 0.6008206330597889 0.23240474838393432 0.0492379835873388 0.2786106515145524
2 0.723915592028136 0.5535864529308867 0.09964830011723329 0.30309100108103854
2 0.7801875732708089 0.508090946438065 0.07502930832356389 0.30024400865709566
2 0.11254396248534584 0.6808839870143565 0.07971864009378664 0.31288946753149743
2 0.7432590855803048 0.4790281017406459 0.09378663540445487 0.257075844154703
3 0.7508792497069168 0.8277500644030764 0.05509964830011723 0.24962580844088791