2 0.14224079296015515 0.5536642701970867 0.09199768938820291 0.29656969561549573
2 0.4004736600555451 0.36390666694586266 0.07697253793056834 0.21425233471127642
2 0.1949491670637555 0.707291512270908 0.11659099621059762 0.3422603518049852
2 0.9114148665019146 0.4629759302532341 0.10691040393534644 0.2853311221386638
2 0.71048827859154 0.3184983385779342 0.055269919836752474 0.18958907747406914
2 0.26228933720137704 0.3472800548685881 0.0658498336328254 0.23619867328319824
2 0.5964411371157607 0.42979978881134273 0.09346871872376696 0.2634304279011114
2 0.3039762176029866 0.31888390653698145 0.05134502004738355 0.218367612902838
2 0.5927507212912136 0.3251251359301191 0.11173462524553732 0.24623295285270289
2 0.6205735568630059 0.3124281982408022 0.09668378881662812 0.20756855913900918
3 0.8520980867030152 0.22674310091713812 0.08087175274866257 0.22912676647303312
3 0.28108672102852633 0.7458959012983929 0.0739212746907472 0.2763642034733785