2 0.05702258906969134 0.5777118543642324 0.07758483676644388 0.29185845620354034
2 0.4718308604063703 0.7625780649760808 0.09880472347798416 0.33746456505314815
2 0.38051089665205773 0.25165534825709085 0.07543445895295459 0.2189417895368738
2 0.4415743386874258 0.33359289009309967 0.07765624610586655 0.2149934886172198
2 0.47989518208849596 0.3695421830222285 0.07858282158402344 0.20676933815739282
2 0.5030853037388069 0.539870905319714 0.06938349115521567 0.2516200256291692
2 0.5743750979733626 0.49428395296000766 0.0919035745281725 0.2620278335591228
2 0.6192591738106963 0.4671283107164952 0.062410932865981116 0.2530482617214645
2 0.5536317712306356 0.4004336288232142 0.06216019041492093 0.284189078847958
2 0.5790777019733201 0.3547552110634274 0.06272809966980253 0.18451662746847716
3 0.05933572550867172 0.8181686506856164 0.07598242826119032 0.2771659399967007
3 0.24489140400552706 0.2463363930337757 0.058095222279017956 0.22563737976761214
3 0.8666313946632689 0.5695509294400113 0.05673358625150192 0.25875234735393277