2 0.1797803580668782 0.4806902497347899 0.0815252733557079 0.19542268268618082
2 0.20545914564966744 0.44578193061745686 0.06055286862699528 0.23456966401442353
2 0.2778372593920463 0.529707727933397 0.06861597012051224 0.19098935646084764
2 0.29128459525043215 0.33983349326333656 0.04983818173899652 0.18435148801187823
2 0.3962019639889212 0.5147593083492771 0.08857973231166677 0.20181813335454446
2 0.4592010233775578 0.4197002523340051 0.05922366571298363 0.18662875556969638
2 0.6608013668958864 0.403030666507583 0.04976997740358092 0.16351815467854489
2 0.7768695394557376 0.5818928513686147 0.06043692125678882 0.19915299734775688
2 0.9413917365589445 0.6993323357734649 0.06755958454816315 0.22638178134945383
2 0.6411100312330977 0.29718065584558284 0.05684489766016426 0.1761636053469085
3 0.27671988073111997 0.7255774239338212 0.054704844781299965 0.2386151217907873
3 0.47808754788244173 0.279716929662672 0.03455011045098175 0.16945301156375717
3 0.9831857148518617 0.5557270566518897 0.03362857029627672 0.21114392000848453