2 0.6371069095868744 0.6751651960272981 0.11023791093869878 0.3209127228037126
2 0.2971704998735363 0.6753934517936752 0.08311044640687784 0.3129894359322331
2 0.5465288795916862 0.4449866447843936 0.08359863462420085 0.24230160580511537
2 0.6456841429789003 0.3751883402504554 0.07991782894349377 0.23583335099579195
2 0.1346996474444752 0.8607605552365377 0.09308650273333978 0.2470502852966445
2 0.9938766370617789 0.7221856109212209 0.012246725876442295 0.3558399535381464
2 0.4676341222757965 0.6157770086050479 0.12602426203538988 0.34269182697744754
2 0.40608664279162293 0.6195964677682078 0.09756065770797312 0.3284457885028601
2 0.42774265257403365 0.48261564163472326 0.08984251532740632 0.2572486971539876
2 0.4385232845091603 0.423518416468758 0.07640083011582671 0.23561509618646853
3 0.8522331500060879 0.3707173914368146 0.06800500769362193 0.27253308336160603
3 0.025475111107988085 0.6807771145797993 0.021792602374829835 0.25094577084040137