2 0.29470043270001633 0.6396488636671129 0.08963794156492227 0.30272918581828917
2 0.24957717726776643 0.4642941442896117 0.06810622249869416 0.25679505953816484
2 0.7146471174341668 0.6898376784135213 0.07719246844466512 0.3472277753137687
2 0.610166243513302 0.7152203027985807 0.144056372465599 0.35831084186749584
2 0.12202094791695306 0.5139179054781392 0.06958550265569682 0.2881663998870605
2 0.07081686667565414 0.48071521416288765 0.11180995173533129 0.29461798578064263
2 0.3340643391576368 0.8051936181224268 0.055605293463204954 0.17641498938254
2 0.6471676835028395 0.5251217589983734 0.06133824576254734 0.2831503507781233
2 0.003892904494160141 0.7659386245732918 0.007785808988320282 0.2556227508534164
2 0.699887673150243 0.6424567696158333 0.06534636013332944 0.33351437182481075
3 0.32533292733218816 0.3825700286269472 0.04928750597491378 0.24860361395583191
3 0.29265411793703655 0.8479821970004464 0.06544007977916319 0.10459038585593561