2 0.5883596086031871 0.5994809586019236 0.09237199848874261 0.20552912183619346
2 0.5093743637111918 0.6393255162572594 0.0935443314312983 0.20560187343930114
2 0.46174765080717295 0.5916237854662805 0.07488933856461086 0.21068784778957622
2 0.26730917729659404 0.697146225279056 0.08702200484698153 0.23641536382065428
2 0.3219051891864931 0.5267527204980053 0.07685877899764286 0.18791668432912528
2 0.13826452665285585 0.5049504279449667 0.07833811458280895 0.2067394359322331
2 0.18768110192466622 0.37585983181504357 0.06134555950654312 0.1703042468220571
2 0.3454963283173439 0.39397825576637696 0.06476022412000665 0.1642725016313804
2 0.5205168128754935 0.31846903870076876 0.05062400599986952 0.15923281572742015
2 0.6016061817494511 0.3713691901803203 0.06972244712810521 0.1812301747104783
3 0.8263198676488324 0.6485881582312547 0.06661478515725204 0.206011919901155
3 0.38019502951852324 0.3316138463278318 0.04555944877756755 0.13602514264832224