2 0.10641464919187607 0.40346791463972237 0.060635563790650084 0.31075783941203716
2 0.35879239173085165 0.6327160259605098 0.06900559033417757 0.33609727026305575
2 0.3857159467577379 0.4608661419684728 0.06880097040213046 0.30484727026305575
2 0.5301516219461423 0.43037209358875084 0.07103650565681674 0.288277583839537
2 0.5863084732285035 0.27119279596939905 0.08127375157734545 0.24079732826703715
2 0.6477600527437974 0.3779294390794917 0.06495657968318785 0.2547017998983334
3 0.4074497975095417 0.8946769734665512 0.08352292816083481 0.21064605306689757
2 0.6026926197649043 0.5448610595204638 0.07212699062655337 0.27582607396111125
2 0.5915077121598142 0.5516920700321768 0.06640173920180634 0.2964169566865742
2 0.7427186104235505 0.4714647173211122 0.1184072698671542 0.36313385536916687
2 0.7076850354349115 0.4491766803405566 0.08416407061458268 0.32422764184351865
3 0.2774123841938834 0.2563323156012967 0.06255734848286387 0.2462714863218519