2 0.305978898007034 0.434375 0.0697538100820633 0.20833333333333334
2 0.17174677608440797 0.38229166666666664 0.045134818288393906 0.21354166666666666
2 0.4566236811254396 0.540625 0.08030480656506447 0.24583333333333332
2 0.6066822977725674 0.7760416666666666 0.0615474794841735 0.26666666666666666
2 0.5427901524032825 0.39375 0.04044548651817116 0.20104166666666667
2 0.4056271981242673 0.540625 0.07268464243845252 0.20520833333333333
2 0.563305978898007 0.5354166666666667 0.11313012895662368 0.18333333333333332
2 0.5750293083235639 0.5541666666666667 0.09320046893317702 0.22083333333333333
2 0.5656506447831184 0.6739583333333333 0.045134818288393906 0.25
2 0.5328253223915592 0.325 0.0369284876905041 0.165625
3 0.46131301289566234 0.80625 0.06037514654161782 0.24479166666666666
3 0.9724501758499414 0.6083333333333333 0.05451348182883939 0.2552083333333333
3 0.276084407971864 0.31145833333333334 0.03985932004689332 0.16041666666666668