2 0.6565454692748489 0.7993012834241378 0.1042073947583174 0.29981742266252265
2 0.5003349061238732 0.6517783377403463 0.06393868702687824 0.2756849738070571
2 0.609445614948174 0.5669068398072609 0.07105456221912164 0.28043383733057065
2 0.7360371033599608 0.578428049897171 0.0983717774713667 0.24109595809129136
2 0.6826922440617895 0.42481214170906273 0.0655464550798075 0.23837903942600605
2 0.20602537506102758 0.600291252824182 0.09529021375407307 0.2034018924723424
2 0.4329090278021198 0.4677828527671404 0.050060494215856025 0.224617612902838
2 0.05266750198895785 0.6719064383782883 0.1053350039779157 0.25039961951936957
2 0.9747929492578014 0.4990703440776819 0.03866467493793573 0.2403139514747598
3 0.7672379235737895 0.3650348045150839 0.06808092346456487 0.1886701378544295
3 0.020359492244681223 0.7438499048798425 0.040718984489362446 0.2626998097596849