2 0.34943379850911455 0.4818532459074565 0.06762963657555167 0.3214999596658386
2 0.6664049819555194 0.7025572306902866 0.0980898299343696 0.31973175878059884
2 0.8645672087788614 0.7640565966837326 0.09130139005059314 0.3446590359079617
2 0.13778084255489645 0.5986364461380573 0.08961747841729245 0.29256358209585565
2 0.7423247414001499 0.37465576503978776 0.06839270656551134 0.2798454134779448
2 0.5962976690352627 0.3688730979803376 0.05054169150798864 0.2525802729630191
2 0.19194348411020065 0.6220372374478409 0.09078981135984814 0.29257570257462834
2 0.2450902330940013 0.6016940889970106 0.07361408017410878 0.3340605620597027
2 0.58972276091927 0.2366359734681487 0.06446644478524828 0.23814238537495966
2 0.7614768018136644 0.2952830502339831 0.06012498652473213 0.27351057012653496
3 0.7073765767844081 0.8750678613180637 0.08437564166106505 0.2362651001807644
3 0.3405201580356676 0.23087824187404038 0.06045833041446618 0.1881060239386412