2 0.8493552168815943 0.5864583333333333 0.06096131301289566 0.31979166666666664
2 0.5451348182883939 0.4427083333333333 0.08030480656506447 0.2625
2 0.3141852286049238 0.6895833333333333 0.07033997655334115 0.2989583333333333
2 0.1447831184056272 0.8447916666666667 0.08147713950762016 0.30416666666666664
2 0.40504103165298944 0.5822916666666667 0.0697538100820633 0.2989583333333333
2 0.6189917936694022 0.346875 0.07209847596717468 0.240625
2 0.43376318874560377 0.5416666666666666 0.06330597889800703 0.28229166666666666
2 0.41324736225087927 0.40520833333333334 0.08616647127784291 0.30625
2 0.39566236811254396 0.38333333333333336 0.0738569753810082 0.32083333333333336
3 0.28839390386869873 0.38229166666666664 0.05216881594372802 0.221875
3 0.4466588511137163 0.9114583333333334 0.07444314185228605 0.17604166666666668