2 0.8625583806114631 0.6329922356939773 0.08092119998384802 0.2764360289984398
2 0.19479002084454888 0.49262526281440017 0.10619506422831847 0.3282187048918827
2 0.6893244983366943 0.5318868556172818 0.09234437953612094 0.25436825561436505
2 0.7118020015884331 0.4113966243879684 0.07729505574771406 0.26784802768032895
2 0.4017486949322655 0.5704355190382461 0.09038172258064361 0.28336514362451337
2 0.4426156496105512 0.4652961698875818 0.10199590659773357 0.27588070357377176
2 0.3420269505437543 0.4903049854512054 0.08978142283407589 0.2375318102911798
2 0.6311293193690246 0.4339206547045192 0.08143866047560253 0.22652091832669896
2 0.3541347393951026 0.7427933154892615 0.08024002137939315 0.31385113967018063
2 0.22771035536928508 0.45270591695901335 0.07391448868063057 0.278010026362218
3 0.3575971655185362 0.7383719808378172 0.0642902479711346 0.2585809117361445
3 0.8429517459203335 0.2559283522972172 0.05924619362339488 0.23115802108977443
3 0.2743010727020712 0.20222312050799784 0.06170000491697289 0.23966113307962608