2 0.07441095388710335 0.7281192558592641 0.09212368173986885 0.24240302894882906
2 0.2601637728605278 0.5853166073910657 0.07654195039479278 0.2307249357589941
2 0.3420574712566787 0.35815044720433875 0.053721379539271245 0.21221464571231236
2 0.49064641366407347 0.6236868762102094 0.08266517515079472 0.27486306699689206
2 0.4063257070085905 0.256737727326223 0.05166139855789987 0.1850342795695046
2 0.6692575798210687 0.3885155092418382 0.07185261862457017 0.23033680452109617
2 0.8815239042571472 0.35527905432222073 0.05267404540319796 0.25160391342669686
2 0.6381439601407204 0.6407244416925664 0.10053485419287 0.2493322586151502
2 0.5956552893049757 0.6713979889764554 0.10666964137913013 0.25815075599585596
2 0.555232927647321 0.6037182219510426 0.08686498016216614 0.2959874987586488
3 0.2938761963093131 0.7172657871542037 0.07336635465897791 0.24085050399723731
3 0.06918225234822527 0.47891834050224463 0.06364628802668021 0.22965757485477478
3 0.7578890285385553 0.2234612178172134 0.056965255893456614 0.20417241080740248