2 0.726218304534829 0.6692263711713733 0.0739474240638427 0.25457682195055326
2 0.6814709547690723 0.8047699381849722 0.08969933100781156 0.3080795326394688
2 0.2997287376884598 0.4856246223415608 0.13953667940407183 0.25444106286690793
2 0.5255912955052553 0.36799147595135745 0.051366150940837865 0.2212523473539328
2 0.20029826738516804 0.5138986695302754 0.08637243403646996 0.20786116689245623
2 0.38921484112765814 0.45433918739470897 0.0773211808581013 0.24032103723773884
2 0.19518780560703491 0.3174102389559041 0.047603594341613154 0.19592479873341376
2 0.13997427871262472 0.5030674182113658 0.06720584400298305 0.16444757424968823
2 0.2721554836269428 0.4257125667107421 0.0698369939549116 0.19383260666336746
2 0.5299779781071886 0.2797773579052098 0.04661542972772571 0.2145656158599074
3 0.5637567765442034 0.841642248981241 0.07340944869781078 0.31671550203751814
3 0.7745351422796567 0.349471578468034 0.04639033510379795 0.19164894919324074