2 0.5482382205911099 0.42318829715288714 0.07159497880323072 0.19821763907704681
2 0.3939055113677404 0.32186625358221715 0.05860382713349617 0.18243329413514384
2 0.3743518092208952 0.5602898786386646 0.08018326660760855 0.25731525252492465
2 0.2286069771346462 0.42689896351669704 0.051760808081406075 0.21094486356077244
2 0.75229318057433 0.5938829933696244 0.10815556128330717 0.2349356414890766
2 0.7506971451043617 0.3501329933696244 0.07175867474886856 0.2232176390770468
2 0.640560466485514 0.6386849577894795 0.07215427328415955 0.28363430574371334
2 0.6595625161503464 0.49516218227320513 0.08721726426294293 0.25797034976596256
2 0.7142725652450591 0.25137973767823435 0.042204807266519526 0.18298806723938846
2 0.6379894866733782 0.3356145492262327 0.049252446250657125 0.18572649781375977
3 0.8426928204420052 0.6949055035463897 0.0756303481254172 0.2777118543642326
3 0.11643091985972784 0.4039925946032188 0.05508682830582908 0.1821057455146248
3 0.9830188399948326 0.2659056015418636 0.033962320010334716 0.1698329699983504