2 0.34545298517951095 0.4494767358893801 0.08281023274304149 0.26122873874444585
2 0.6714826951965699 0.5460890620723758 0.06722879044247272 0.2402378391870658
2 0.5476759072495826 0.5192488328222952 0.07088223488907783 0.24860753395671759
2 0.445369666013836 0.5036427080482506 0.06036534981081117 0.25058178298109546
2 0.4898887169470016 0.43340258366698947 0.0737852284315242 0.21114389539303602
2 0.8434619785233275 0.49431947217154365 0.06602234609518252 0.23814238537495966
2 0.15323429073591954 0.6993387393990849 0.0924276761166285 0.2759090359079617
2 0.2760744005495269 0.4272812377096964 0.055403126802712456 0.23386663439933766
2 0.23624644345659157 0.6047463661243737 0.05950001951086582 0.26931966250232264
2 0.4193593655976133 0.33831465977818476 0.07886233083540939 0.16328783112023354
3 0.6802338218894424 0.7990807368058749 0.061925453387029296 0.2026893572719743
3 0.5769358121571496 0.34293445538323997 0.05572267462690601 0.18179542154477701