2 0.7092614302461899 0.596875 0.06506447831184056 0.24479166666666666
2 0.27784290738569756 0.6354166666666666 0.11547479484173505 0.23229166666666667
2 0.42907385697538103 0.4114583333333333 0.06096131301289566 0.16979166666666667
2 0.5263774912075029 0.46041666666666664 0.043962485345838215 0.19270833333333334
2 0.32590855803048063 0.5729166666666666 0.049824150058616644 0.24583333333333332
2 0.6465416178194607 0.37604166666666666 0.03985932004689332 0.17395833333333333
2 0.2696365767878077 0.46979166666666666 0.07678780773739742 0.13645833333333332
2 0.5123094958968347 0.43854166666666666 0.04279015240328253 0.17916666666666667
2 0.2444314185228605 0.6072916666666667 0.05041031652989449 0.209375
2 0.41617819460726846 0.3385416666666667 0.04806565064478312 0.14791666666666667
3 0.9056271981242673 0.815625 0.05568581477139507 0.2520833333333333
3 0.0123094958968347 0.578125 0.02403282532239156 0.20416666666666666
3 0.6154747948417351 0.34270833333333334 0.03399765533411489 0.159375