2 0.24208675263774912 0.7427083333333333 0.08909730363423213 0.25833333333333336
2 0.44196951934349354 0.434375 0.06623681125439625 0.23333333333333334
2 0.399179366940211 0.6708333333333333 0.053341148886283704 0.271875
2 0.6189917936694022 0.4427083333333333 0.03458382180539273 0.24270833333333333
2 0.7971864009378663 0.7885416666666667 0.09906213364595545 0.3072916666666667
2 0.5392731535756154 0.4875 0.047479484173505275 0.2635416666666667
2 0.38159437280187575 0.534375 0.038100820633059786 0.24895833333333334
2 0.4906213364595545 0.453125 0.06096131301289566 0.26458333333333334
2 0.5228604923798359 0.45208333333333334 0.050996483001172335 0.23333333333333334
3 0.6518171160609613 0.8427083333333333 0.05920281359906213 0.2760416666666667
3 0.4618991793669402 0.28854166666666664 0.04044548651817116 0.1875