2 0.7866354044548651 0.5895833333333333 0.0738569753810082 0.26875
2 0.6588511137162955 0.5135416666666667 0.059788980070339975 0.22395833333333334
2 0.563305978898007 0.4354166666666667 0.05509964830011723 0.22291666666666668
2 0.7250879249706916 0.415625 0.045134818288393906 0.21458333333333332
2 0.6137162954279015 0.33125 0.06740914419695193 0.16666666666666666
2 0.5545134818288394 0.35520833333333335 0.04220398593200469 0.18125
2 0.4683470105509965 0.3489583333333333 0.038686987104337635 0.19479166666666667
2 0.5 0.31354166666666666 0.04337631887456037 0.17083333333333334
2 0.3645955451348183 0.5520833333333334 0.04630715123094959 0.22708333333333333
2 0.27667057444314186 0.70625 0.08206330597889801 0.22395833333333334
3 0.40093786635404455 0.734375 0.05041031652989449 0.22291666666666668
3 0.9103165298944901 0.321875 0.04806565064478312 0.196875
3 0.2485345838218054 0.321875 0.03458382180539273 0.18645833333333334