2 0.4526204289519867 0.3780313879357862 0.07606716990246194 0.17409802768032884
2 0.7001746644945163 0.4643712956680232 0.059164334567044494 0.22490802108977437
2 0.2782332480022669 0.7712277884927753 0.06701692278588002 0.2879173570593295
2 0.8588347737459948 0.43828545835556987 0.05807386068083919 0.2310731317615152
2 0.5431112969410972 0.6571662443112729 0.07358705245522998 0.25301002636221787
2 0.5476344601024621 0.42015613034425486 0.0648349948150059 0.210749134397737
2 0.3055223815095222 0.6149388886196291 0.051149008433971715 0.23889712912529337
2 0.5990670346382704 0.4049626665675172 0.06851571175537333 0.22350380238251452
2 0.5089494333950505 0.6022939234999931 0.06063681738288411 0.24790957708470007
2 0.5017210005802789 0.2743811468206411 0.04817675645017596 0.19081068380210836
3 0.4670884872614306 0.8107280513071756 0.06788910585515177 0.265085579720922
3 0.3009801840805525 0.35773211128122157 0.04673155998645314 0.16989246114051587
3 0.8976562322139899 0.26656433186649825 0.05063056774375424 0.19931379579196004