2 0.4217348517862699 0.6520345081370789 0.10730478829377674 0.31071925337656175
2 0.4840569641165471 0.5084471353777393 0.09940540491033388 0.3412900237102405
2 0.3935592661520029 0.479508844778678 0.09485931517351973 0.3554852258056759
2 0.825950092724081 0.76221115605891 0.11131883619221619 0.24235738461445966
2 0.3427324218595262 0.5857160725146766 0.10171507802784295 0.21866445547199712
2 0.7735736785402265 0.7280359658185948 0.08690447587484466 0.2611530289488291
2 0.7869588209699547 0.4386210038666577 0.0779760015822547 0.30621009980636654
2 0.8181880178463897 0.5984040852013723 0.07384510832569377 0.24341900137794306
2 0.39789049283870415 0.5155790468741134 0.08990989601176679 0.20936079404391908
3 0.44661423517063986 0.9216292371144287 0.07348270519601463 0.08726603418741756
3 0.27915152175084595 0.44005972677384336 0.07672181604917991 0.2977797336635587