2 0.6950367951454459 0.5364779689252444 0.06900686355034916 0.2855793557412187
2 0.5867273249622462 0.4587013418019047 0.08060519416942336 0.24692980501873632
2 0.7945895495134317 0.2932939287228619 0.07391259960594154 0.2568371357158478
2 0.38970132877939145 0.488630193613578 0.08605717517197911 0.2348542516600323
2 0.9738771936574124 0.6436777495093544 0.052245612685175094 0.3280100263622179
2 0.979198941619946 0.31170619021915136 0.04160211676010797 0.2307335744484784
2 0.4493080448735471 0.5145940605339518 0.08281329881779374 0.24293291700858813
2 0.48328890354386417 0.45783826935538 0.07411744146105262 0.26308713571584785
2 0.9690691912774256 0.28568397348905783 0.061861617445148634 0.26882779974629273
3 0.4741759403170027 0.8072404992665824 0.08107159606775806 0.2968449156904773
3 0.37727316227279273 0.3245561962497998 0.06061881595786438 0.20807157576658936