2 0.7895662368112544 0.6322916666666667 0.11488862837045721 0.2375
2 0.38335287221570924 0.5083333333333333 0.05568581477139507 0.2
2 0.6318874560375146 0.43854166666666666 0.0697538100820633 0.19166666666666668
2 0.15181711606096132 0.553125 0.0697538100820633 0.234375
2 0.5556858147713951 0.3729166666666667 0.06389214536928488 0.16770833333333332
2 0.7520515826494725 0.4739583333333333 0.08147713950762016 0.190625
2 0.8153575615474795 0.45729166666666665 0.047479484173505275 0.184375
2 0.10433763188745604 0.6114583333333333 0.08675263774912075 0.215625
2 0.6178194607268465 0.34479166666666666 0.08499413833528723 0.15729166666666666
3 0.6336459554513482 0.88125 0.06506447831184056 0.2375
3 0.3048065650644783 0.35208333333333336 0.08089097303634232 0.15625