2 0.2672919109026964 0.346875 0.038100820633059786 0.23229166666666667
2 0.26787807737397423 0.3802083333333333 0.050996483001172335 0.23020833333333332
2 0.4449003516998828 0.35208333333333336 0.0492379835873388 0.25625
2 0.48417350527549824 0.5760416666666667 0.05861664712778429 0.30520833333333336
2 0.5715123094958968 0.7166666666666667 0.09261430246189918 0.30416666666666664
2 0.8458382180539273 0.471875 0.0779601406799531 0.275
2 0.64947245017585 0.45729166666666665 0.1025791324736225 0.2375
2 0.6371629542790153 0.34375 0.06740914419695193 0.19895833333333332
2 0.7028135990621337 0.32916666666666666 0.05216881594372802 0.23541666666666666
2 0.48182883939038684 0.2708333333333333 0.04689331770222743 0.23333333333333334
3 0.28077373974208675 0.7354166666666667 0.070926143024619 0.23229166666666667
3 0.2174677608440797 0.3 0.045134818288393906 0.24375
3 0.8575615474794842 0.29583333333333334 0.04689331770222743 0.184375