2 0.18640093786635403 0.41770833333333335 0.0779601406799531 0.18229166666666666
2 0.22332942555685814 0.40520833333333334 0.06799531066822978 0.15208333333333332
2 0.305978898007034 0.41041666666666665 0.0873388042203986 0.20625
2 0.19577960140679954 0.5572916666666666 0.05451348182883939 0.24791666666666667
2 0.39273153575615477 0.5208333333333334 0.07033997655334115 0.2
2 0.44314185228604924 0.41354166666666664 0.06330597889800703 0.2
2 0.5545134818288394 0.6270833333333333 0.05920281359906213 0.22395833333333334
2 0.5281359906213364 0.7479166666666667 0.053927315357561546 0.2635416666666667
2 0.764947245017585 0.63125 0.056858147713950764 0.24270833333333333
2 0.8856975381008206 0.7510416666666667 0.05861664712778429 0.271875
3 0.3733880422039859 0.334375 0.03341148886283705 0.16041666666666668
3 0.194021101992966 0.8072916666666666 0.043962485345838215 0.20625
3 0.9114888628370457 0.5635416666666667 0.03634232121922626 0.221875