2 0.12225202865067926 0.43790237770424395 0.07061912710874814 0.3145000595230249
2 0.37656455686617935 0.6800230627661406 0.0804481171021939 0.3377076439384953
2 0.4024954320325696 0.5090571807311518 0.07870264140127424 0.3085046125532282
2 0.5461601799770095 0.4864467077856743 0.07950652542773873 0.2897909772718285
2 0.6016859500864737 0.3309732770490303 0.08915686900473949 0.24428492640589922
2 0.6635832767322241 0.44011954436432005 0.07303077918814195 0.25835915367882634
3 0.42762060523785905 0.9192509274869377 0.0865107403978193 0.16149814502612447
2 0.6205512269776401 0.6053498046462688 0.08047416452802163 0.27941067532376235
2 0.6089507138574469 0.6112361574602644 0.07619422044234472 0.3000985497826939
2 0.7598392619568669 0.5388802375449899 0.13025924344789683 0.368401628786381
2 0.7242394166114235 0.5159142959869762 0.09431141857058908 0.32772735389503393
3 0.29293252912555545 0.2995343560571111 0.06935002528665647 0.2499167261896916