2 0.4493070072411211 0.4899040292277019 0.1424095551388012 0.43607265425418035
2 0.26018620765108125 0.6053258932739422 0.09843811965241996 0.35811661691066565
2 0.5390432069458148 0.6693843794292785 0.09908499461935015 0.3352241920220595
2 0.846257141115174 0.5890383375769789 0.07456154063943081 0.33888178134945385
2 0.2868582911963031 0.41301681948866975 0.1127967178525728 0.26887266847018054
2 0.6014227050880357 0.19286926830049148 0.07865575579783267 0.2619196569064234
2 0.6550703624207729 0.3074397509548557 0.06764895997540168 0.2929272391258175
2 0.9820815947576138 0.6829437197645564 0.03583681048477235 0.34057724623381774
2 0.13449382743039592 0.341131887969456 0.07978031983351336 0.25986056535115076
2 0.6527704472383764 0.693086714513098 0.07884683142533307 0.27025299023975674
3 0.8797174223649289 0.25798154201152484 0.06762707024608118 0.24086814757054473
3 0.018602052015562857 0.2997575822193941 0.0292744654898688 0.2546515022278785
3 0.7076402011446615 0.7586503802780077 0.0804490845297639 0.28902723201781744