2 0.620822969923591 0.2771570807883473 0.08963667244270926 0.28605599613935445
2 0.3976229402545063 0.5451566669458626 0.08707505175254311 0.3274315643775978
2 0.1379800386241681 0.3867807157442866 0.09052239194401472 0.2736530289488289
2 0.8730168880496142 0.5307613462992252 0.12169370287603354 0.3573288491856909
2 0.29101030111813425 0.4999170187508478 0.10420823599968261 0.25815075599585596
2 0.19070418116931057 0.5113383239609156 0.10093008170639077 0.2682763242340993
2 0.22879804638594453 0.6360671756293089 0.15260427954435674 0.37860170223202727
2 0.7113622909046173 0.1303448031491654 0.06368015125653871 0.22568497380705713
2 0.8544944160548641 0.4200079368697658 0.10793820018417016 0.3187614882814716
2 0.7668659801890554 0.08195892321790851 0.06808286958551127 0.16391784643581703
3 0.6301091138544463 0.6631530722414928 0.10750828002229475 0.3000114882814716
3 0.05569977784021524 0.35200337855030767 0.08243747833742969 0.22723749875864882