2 0.1165442036478009 0.821636263529458 0.12176158340941115 0.34533950324531254
2 0.3232929647816834 0.6787231926445443 0.08286996482877558 0.3233061341981641
2 0.8555073595081771 0.5403022456813381 0.10282008799985214 0.3260076677477052
2 0.719755031133289 0.5090857040130238 0.12836585496451955 0.3018076915569151
2 0.48584984789964214 0.3944291006552137 0.08974025730307121 0.30685765584310026
2 0.4201071189521896 0.3870905248968391 0.08822005085080907 0.2714046244578331
2 0.3817739388852158 0.30492086255872025 0.05996128134369378 0.25803187121142224
2 0.48841101231636597 0.17761697511414523 0.07372232943991494 0.22721824783462766
2 0.7616741684799759 0.23999551137287317 0.09276614058762309 0.2569667499989015
2 0.8724523667415021 0.17612419643916344 0.10422344909399267 0.23024706385157276
3 0.4258661637276487 0.7943276444856051 0.08229699669514122 0.26497280086483077
3 0.16671223336913685 0.3178437884219034 0.06553646198965503 0.22904702813775776
3 0.9608948496515806 0.11208934199701957 0.05504685494954328 0.22417868399403915