2 0.7485345838218054 0.703125 0.05744431418522861 0.2625
2 0.541031652989449 0.5489583333333333 0.031066822977725676 0.24270833333333333
2 0.5949589683470106 0.4427083333333333 0.04572098475967175 0.1875
2 0.5134818288393904 0.43854166666666666 0.041617819460726846 0.19166666666666668
2 0.488862837045721 0.390625 0.0492379835873388 0.19270833333333334
2 0.32590855803048063 0.3020833333333333 0.031066822977725676 0.190625
2 0.3898007033997655 0.615625 0.04689331770222743 0.24895833333333334
2 0.30246189917936694 0.65625 0.06799531066822978 0.23125
2 0.20281359906213364 0.5333333333333333 0.04689331770222743 0.2125
2 0.06506447831184056 0.5458333333333333 0.05509964830011723 0.21770833333333334
3 0.6201641266119577 0.759375 0.05803048065650645 0.22916666666666666
3 0.2174677608440797 0.37604166666666666 0.04044548651817116 0.18125