2 0.4434616936389692 0.4179068511654279 0.1006245976758063 0.22486113466105592
2 0.3711262559925524 0.6278704577014155 0.07596467958687737 0.21916668432912517
2 0.5783938606271661 0.6167891581181641 0.08926960490758593 0.26163361862997786
2 0.15812703034092535 0.7114682901342405 0.07880046101510393 0.26931218753534075
2 0.3340911545177416 0.495443200473294 0.05710503676783747 0.20758599201273356
2 0.6253208398146668 0.5634855980440303 0.08801541937451093 0.25322753369353657
2 0.6469872048219882 0.3836906301061865 0.05480129717798562 0.2116071554731846
2 0.20925815928319086 0.4897784880756458 0.07600560588213703 0.22333335099579182
2 0.3955699797490394 0.43263236877134115 0.07584190070109854 0.20666668432912527
2 0.6312455294518342 0.3317031925991183 0.05332201702098286 0.1802844038700769
3 0.34999489958743446 0.8024934681074799 0.06923762914599033 0.24998017471047831
3 0.9051021168967084 0.4798679403216836 0.04784915211317081 0.2195039791878711
3 0.4265272221786299 0.3637633287219186 0.04867361154601991 0.18416006412431235