2 0.839390386869871 0.7496838249170585 0.07620164126611957 0.2708904659491743
2 0.8118405627198124 0.7057368872277417 0.07971864009378664 0.26076489771093114
2 0.6694021101992966 0.7012390675432594 0.05744431418522861 0.2860046076642495
2 0.5609613130128956 0.6255968660002037 0.08206330597889801 0.2588756299965468
2 0.5287221570926143 0.8591126222752556 0.06330597889800703 0.2817747554494886
2 0.5386869871043376 0.5560449092868552 0.08089097303634232 0.24002859718707203
2 0.46600234466588514 0.5625288750994378 0.07502930832356389 0.23329343313969986
2 0.4196951934349355 0.5222377457918627 0.05861664712778429 0.2944349738070572
2 0.16178194607268465 0.749848861040811 0.08440797186400938 0.32156969561549575
2 0.05509964830011723 0.43997720871196705 0.06565064478311841 0.24085050399723731
3 0.1910902696365768 0.8970663479443396 0.06330597889800703 0.19065643837828836
3 0.2895662368112544 0.34167543727352906 0.05158264947245018 0.2126027769502103
3 0.9677608440797186 0.7071839175545136 0.05275498241500586 0.2439498097596849