2 0.34583821805392734 0.6875 0.045134818288393906 0.23020833333333332
2 0.38335287221570924 0.6302083333333334 0.04044548651817116 0.18229166666666666
2 0.30890973036342323 0.5927083333333333 0.0369284876905041 0.234375
2 0.5205158264947245 0.54375 0.05041031652989449 0.22604166666666667
2 0.7438452520515827 0.64375 0.05744431418522861 0.23229166666666667
2 0.8722157092614302 0.6979166666666666 0.05275498241500586 0.24166666666666667
2 0.8974208675263775 0.4666666666666667 0.04572098475967175 0.20625
2 0.8124267291910903 0.48125 0.041617819460726846 0.16666666666666666
2 0.5211019929660023 0.4354166666666667 0.035169988276670575 0.1625
2 0.5539273153575616 0.384375 0.03048065650644783 0.17604166666666668
3 0.5017584994138335 0.7729166666666667 0.049824150058616644 0.22083333333333333
3 0.3604923798358734 0.4270833333333333 0.03575615474794842 0.159375