2 0.32241150644398525 0.5104166666666666 0.09652736337741828 0.27291666666666664
2 0.5301861164046974 0.421875 0.06762707024608118 0.23958333333333334
2 0.5348466030291739 0.6020833333333333 0.07757896066902706 0.26458333333333334
2 0.7897076010437308 0.55625 0.11208018424944718 0.23541666666666666
2 0.7001505086218344 0.42291666666666666 0.07162175814249883 0.2604166666666667
2 0.14170703684046415 0.56875 0.08341474620425085 0.3145833333333333
2 0.19928171815754053 0.5375 0.08710093093009777 0.2708333333333333
2 0.7346776113798089 0.5020833333333333 0.10700870122422391 0.21875
2 0.6838453535845078 0.725 0.0836317010093056 0.27291666666666664
2 0.2023140725000313 0.6864583333333333 0.08678843831129278 0.30833333333333335
3 0.6917561206006043 0.8145833333333333 0.07870352470470784 0.2625
3 0.692478586140113 0.3229166666666667 0.05870420604506578 0.20833333333333334
3 0.017017751428186283 0.48854166666666665 0.034035502856372565 0.26458333333333334