2 0.6255019371867265 0.554405515601126 0.1308977584630085 0.2760475350514985
2 0.736724953300929 0.609678738124401 0.13897622534203738 0.3121192989592032
2 0.1457280143042676 0.6590901937276402 0.10634020603543878 0.2758380280411989
2 0.4545945625179873 0.5896702570461272 0.09695655750833192 0.31443871551297536
2 0.6515190794407045 0.3897041406575734 0.077221185556507 0.23988430574371347
2 0.35290630085281044 0.5499084222809895 0.0890673937142634 0.24514280114544343
2 0.407799198614652 0.38267369440500876 0.06913773369081673 0.24328669229583585
2 0.8380022063828853 0.3245541851314015 0.07315123243394278 0.22080675712319445
2 0.029252305668038117 0.737978034825709 0.058504611336076234 0.3152118543642326
2 0.448851601313828 0.3060683958973845 0.06087494871348875 0.20096492838813115
3 0.37020653060062375 0.7405791549810297 0.10035067760379957 0.3105995974668275
3 0.20591466752400606 0.39207383159867215 0.06192440292384504 0.19690744459497084
3 0.8513819061998031 0.249549755763045 0.05772658608241963 0.21313737976761213