2 0.4138335287221571 0.3802083333333333 0.06858147713950762 0.284375
2 0.14947245017584995 0.49166666666666664 0.10726846424384526 0.26145833333333335
2 0.2186400937866354 0.703125 0.08382180539273154 0.315625
2 0.8446658851113716 0.4197916666666667 0.07327080890973037 0.25416666666666665
2 0.7063305978898007 0.375 0.09378663540445487 0.25
2 0.7631887456037515 0.384375 0.07971864009378664 0.25
2 0.34232121922626024 0.5541666666666667 0.053341148886283704 0.278125
2 0.6518171160609613 0.5833333333333334 0.11899179366940212 0.278125
2 0.6776084407971864 0.6125 0.06740914419695193 0.4083333333333333
3 0.6055099648300117 0.7697916666666667 0.06096131301289566 0.25104166666666666
3 0.5357561547479485 0.23125 0.05509964830011723 0.21979166666666666