2 0.25498241500586166 0.478125 0.06330597889800703 0.190625
2 0.6647127784290738 0.27395833333333336 0.05861664712778429 0.209375
2 0.1271981242672919 0.4479166666666667 0.04630715123094959 0.1875
2 0.5990621336459554 0.6010416666666667 0.053341148886283704 0.2760416666666667
2 0.7467760844079718 0.540625 0.05803048065650645 0.23020833333333332
2 0.7977725674091442 0.6427083333333333 0.07268464243845252 0.22604166666666667
2 0.6764361078546307 0.5364583333333334 0.06096131301289566 0.24583333333333332
2 0.6776084407971864 0.625 0.06330597889800703 0.21145833333333333
2 0.7637749120750293 0.5125 0.04279015240328253 0.22604166666666667
2 0.671746776084408 0.18958333333333333 0.035169988276670575 0.18854166666666666
3 0.1025791324736225 0.24583333333333332 0.05158264947245018 0.19166666666666668
3 0.8815943728018757 0.28020833333333334 0.04220398593200469 0.19583333333333333
3 0.6869871043376319 0.828125 0.0627198124267292 0.28125