2 0.305978898007034 0.3802083333333333 0.05861664712778429 0.23854166666666668
2 0.2321219226260258 0.315625 0.043962485345838215 0.190625
2 0.7110199296600235 0.3927083333333333 0.03927315357561548 0.184375
2 0.6740914419695193 0.503125 0.04279015240328253 0.22395833333333334
2 0.4044548651817116 0.3458333333333333 0.04865181711606096 0.2
2 0.9783118405627198 0.47604166666666664 0.04044548651817116 0.20416666666666666
2 0.025205158264947247 0.6729166666666667 0.0492379835873388 0.2677083333333333
2 0.888042203985932 0.6677083333333333 0.05920281359906213 0.18333333333333332
2 0.30363423212192264 0.3541666666666667 0.056858147713950764 0.19375
3 0.5949589683470106 0.28125 0.04630715123094959 0.16666666666666666
3 0.1951934349355217 0.7677083333333333 0.05158264947245018 0.246875