2 0.20281359906213364 0.5541666666666667 0.06389214536928488 0.2520833333333333
2 0.21570926143024619 0.459375 0.041031652989449004 0.22083333333333333
2 0.25263774912075027 0.5864583333333333 0.06213364595545135 0.25416666666666665
2 0.41031652989449 0.48541666666666666 0.08440797186400938 0.19791666666666666
2 0.41852286049237986 0.7333333333333333 0.06916764361078546 0.290625
2 0.5316529894490035 0.6666666666666666 0.07620164126611957 0.2604166666666667
2 0.5046893317702228 0.359375 0.05158264947245018 0.20520833333333333
2 0.6483001172332943 0.45 0.04806565064478312 0.20729166666666668
2 0.7813599062133646 0.6104166666666667 0.06213364595545135 0.2833333333333333
2 0.8909730363423212 0.6010416666666667 0.045134818288393906 0.2677083333333333
3 0.08968347010550996 0.39791666666666664 0.056858147713950764 0.20729166666666668
3 0.8053927315357562 0.44166666666666665 0.044548651817116064 0.21041666666666667
3 0.7039859320046893 0.8 0.06037514654161782 0.21041666666666667