2 0.6776413276271355 0.5925204750423961 0.07930263076476314 0.24361306699689203
2 0.6445841161176268 0.4718526410200912 0.08985362724776431 0.2444863622821624
2 0.42007540220178713 0.5816384400294152 0.15234354528066127 0.31619873504150176
2 0.21309194517270472 0.3881308676573428 0.107699355649795 0.3083448216148049
2 0.553300387631803 0.5342212977619604 0.07832137344970745 0.2518493675207509
2 0.1564219071180626 0.6057364240404657 0.08583306017379201 0.27326489771093115
2 0.4433429015341352 0.2840385660287245 0.12177134040869753 0.2076199476141144
2 0.4334059454240838 0.38444951943380706 0.0795892442060132 0.256113066996892
2 0.8150789792386665 0.8698361837573693 0.1126275319543929 0.26032763248526153
2 0.40382691397591025 0.18892723462571392 0.09497287917986222 0.26362449352006023
3 0.658418279822197 0.8979411564626733 0.07700573378652667 0.20411768707465353
3 0.7701501186546987 0.3486592362768407 0.054709518148648134 0.19167241080740247
3 0.18458771412921962 0.1457335828492496 0.07446999227391511 0.23697493575899412