2 0.6622151832563254 0.6982595831153486 0.08646781251328467 0.32069536496799506
2 0.380502245163109 0.3735496990099584 0.0727809530745895 0.1989282490238106
2 0.47141261352638714 0.37179528861671224 0.09876325641405873 0.22996248091217927
2 0.6460966319643284 0.4730279098581276 0.10244395118736337 0.2552171488969569
2 0.13377226273691814 0.7068919407345843 0.09937711621020033 0.32371248091217925
2 0.43504859831218373 0.6411660534330662 0.08847144517831727 0.26878181029118003
2 0.9013310008857908 0.5425754500852975 0.06870548110050832 0.2923386917107739
2 0.5238747180393829 0.3307811970575794 0.06370239876781339 0.24408246773107034
2 0.5855313281539816 0.31857122012452016 0.07524839091892918 0.21784802768032882
2 0.46168691743597645 0.24498961799571284 0.05797714734306635 0.26449135442310767
3 0.4497087594240164 0.8204370593645651 0.07325839958269967 0.27184491569047725
3 0.35420701259568244 0.26951391112666373 0.05542786152590775 0.23307157576658935