2 0.47069329596227016 0.5006943593727124 0.1194766408812886 0.320281501363376
2 0.24515286298890407 0.6523244301042366 0.1136099911818488 0.35950112184372784
2 0.6990142651331881 0.5624240988813641 0.14384987521055934 0.3132211630154778
2 0.37831397122836574 0.34510628204377763 0.09516983090477923 0.2899024585201045
2 0.6476989325979448 0.8686848713815095 0.13052413727974876 0.2626302572369809
2 0.16748745667279583 0.75751673229495 0.12410453328541173 0.3184406432653636
2 0.6021614561734909 0.6520631667974602 0.1039291157975662 0.3090767901819163
2 0.558272872660406 0.5530665084884018 0.10294110095330974 0.315266171373086
2 0.31553271943553685 0.33977984243802634 0.10060640504152114 0.23609950470641933
3 0.49288455982783314 0.9024568146384496 0.10486566124904613 0.1950863707231008
3 0.6081501748420491 0.37883225917008984 0.08672272782915215 0.24162207900045646