2 0.21219226260257915 0.4041666666666667 0.053927315357561546 0.17708333333333334
2 0.37749120750293086 0.4 0.041617819460726846 0.16875
2 0.37397420867526376 0.33541666666666664 0.043962485345838215 0.1625
2 0.5363423212192263 0.359375 0.04630715123094959 0.17291666666666666
2 0.6799531066822978 0.328125 0.031066822977725676 0.13541666666666666
2 0.6817116060961314 0.34270833333333334 0.02813599062133646 0.12916666666666668
2 0.7344665885111371 0.4 0.04337631887456037 0.16666666666666666
2 0.7526377491207503 0.3885416666666667 0.035169988276670575 0.171875
2 0.85052754982415 0.428125 0.05041031652989449 0.18854166666666666
2 0.9185228604923799 0.4625 0.04337631887456037 0.19270833333333334
3 0.30656506447831183 0.5875 0.0369284876905041 0.20104166666666667