2 0.3235638921453693 0.45 0.04220398593200469 0.246875
2 0.4167643610785463 0.5989583333333334 0.070926143024619 0.2947916666666667
2 0.4847596717467761 0.64375 0.05861664712778429 0.29270833333333335
2 0.5357561547479485 0.49270833333333336 0.06389214536928488 0.278125
2 0.7373974208675264 0.5052083333333334 0.07971864009378664 0.28854166666666664
2 0.6881594372801876 0.60625 0.05568581477139507 0.2760416666666667
2 0.6184056271981243 0.35625 0.04630715123094959 0.21770833333333334
2 0.6858147713950762 0.5333333333333333 0.0627198124267292 0.28958333333333336
2 0.44021101992966 0.5395833333333333 0.041617819460726846 0.2833333333333333
2 0.48182883939038684 0.29375 0.056858147713950764 0.21354166666666666
3 0.17057444314185227 0.38645833333333335 0.041031652989449004 0.203125
3 0.7215709261430246 0.8739583333333333 0.05509964830011723 0.2520833333333333
3 0.8042203985932005 0.38125 0.047479484173505275 0.22291666666666668