2 0.8118405627198124 0.5447916666666667 0.06096131301289566 0.27395833333333336
2 0.39976553341148885 0.546875 0.1025791324736225 0.25833333333333336
2 0.5703399765533411 0.5114583333333333 0.07033997655334115 0.25833333333333336
2 0.4824150058616647 0.403125 0.05861664712778429 0.23645833333333333
2 0.5967174677608441 0.3958333333333333 0.041617819460726846 0.25
2 0.5146541617819461 0.7541666666666667 0.1283704572098476 0.26666666666666666
2 0.31887456037514655 0.37604166666666666 0.06565064478311841 0.17604166666666668
2 0.5070339976553341 0.6802083333333333 0.10492379835873387 0.2708333333333333
2 0.4742086752637749 0.6291666666666667 0.06506447831184056 0.29270833333333335
2 0.36283704572098474 0.38229166666666664 0.06740914419695193 0.19791666666666666
3 0.9173505275498242 0.3572916666666667 0.04279015240328253 0.20833333333333334
3 0.20984759671746775 0.3302083333333333 0.041617819460726846 0.19479166666666667
3 0.335873388042204 0.8541666666666666 0.06213364595545135 0.2916666666666667