2 0.7100325300496836 0.42923748817096186 0.08645332029988533 0.2684363164650899
2 0.9503266811058914 0.4237903860067167 0.0828817580038858 0.2516969244642416
2 0.078408051516816 0.6755340489072719 0.10527203128265052 0.28757418491405956
2 0.3468957760661668 0.509222536972178 0.0735030944634403 0.2515029902397567
2 0.41324551528729564 0.7241217432102379 0.12517440957193096 0.2796529618077562
2 0.21028147587395074 0.4949400364947856 0.08988165349151217 0.24142570846593828
2 0.023124251511076502 0.6181446853384239 0.04302925839053411 0.2529560373435146
2 0.3004867091453905 0.6561695325164209 0.0771565019619387 0.29324238224060506
2 0.2756358226113078 0.5848271218438151 0.08298406450700939 0.2829469244642416
2 0.23476064878001807 0.4527407805007247 0.10514926347890233 0.25007418491405936
3 0.8759798069497807 0.8097267913218086 0.10277049542608295 0.23960903469127146
3 0.00887171368148922 0.3824492382240605 0.01580642423717385 0.1732318097814544
3 0.5020563607127819 0.6384641183428429 0.08410865441477396 0.2683878329089687