2 0.731193510029027 0.7725053663511425 0.11438445220725178 0.38656979328877367
2 0.7246172539885974 0.5541371958964473 0.11727190859403289 0.31796525216317545
2 0.6192004188998443 0.620897140159254 0.12719659497794558 0.33908950324531256
2 0.645947283612137 0.5836387830167108 0.12452431538675389 0.32651677380811156
2 0.18752819178685057 0.4875316331193224 0.09379633242984714 0.27144098917643356
2 0.0659058783249662 0.47985523052043627 0.11811662783050829 0.3055016168817761
2 0.21621666993524902 0.2868043387473134 0.0815815824451698 0.252327341990429
2 0.365045119013677 0.3737799567145216 0.07531201677068977 0.28127582034549287
2 0.5857440247780529 0.35548505628430305 0.06443340658160827 0.2684485378780889
2 0.5633910277847721 0.26979038204157924 0.06969444616657279 0.24571369480442454
3 0.21157862122602325 0.7542763014097439 0.10383022338245321 0.2967319069252374
3 0.3696573958700758 0.24249359199592116 0.061324308715642824 0.2392091417742213