2 0.2386076013323397 0.3485952267346046 0.045352744337523156 0.24081973376574883
2 0.2384055808401794 0.3829520443753044 0.05820063779876067 0.23913641233702035
2 0.42193440012167943 0.34915414827363367 0.056476967703024704 0.2661470162331528
2 0.45768758890143635 0.5780897164559511 0.06817441795102691 0.316474298700557
2 0.5440511199791309 0.7200994821496831 0.10329663732082259 0.31548190692523714
2 0.8329495633382091 0.4592340692743403 0.08738754437134823 0.2858424989167646
2 0.6304703466242008 0.4509418322588854 0.11114669584126652 0.24910615800737415
2 0.6208597939658059 0.3336153284708568 0.07384899648453937 0.2063121850640935
2 0.688603320510883 0.3169410238179974 0.05951627746194145 0.24542277705562085
2 0.4619698614831784 0.26359729491911893 0.054779176784843675 0.24319398484788574
3 0.24348008206956243 0.7492005167780659 0.07817806672908235 0.24183794588656155
3 0.18812363671801555 0.30227860768635784 0.05267335543410746 0.25353792207735154
3 0.8488287876618945 0.27762042208833576 0.052460390077286825 0.19315762012928522