2 0.5334114888628371 0.6364583333333333 0.10140679953106682 0.24895833333333334
2 0.19753810082063306 0.559375 0.07502930832356389 0.24166666666666667
2 0.24325908558030482 0.675 0.09085580304806565 0.2833333333333333
2 0.5703399765533411 0.484375 0.07209847596717468 0.18645833333333334
2 0.27667057444314186 0.665625 0.07561547479484174 0.3
2 0.5017584994138335 0.46458333333333335 0.05803048065650645 0.1875
2 0.37397420867526376 0.409375 0.047479484173505275 0.20729166666666668
2 0.47596717467760846 0.6541666666666667 0.0627198124267292 0.2833333333333333
2 0.6143024618991794 0.4552083333333333 0.07268464243845252 0.15104166666666666
3 0.24091441969519342 0.384375 0.04630715123094959 0.19479166666666667
3 0.3493552168815944 0.871875 0.06623681125439625 0.25625