2 0.30009486405836633 0.5310928081085581 0.06716668898896508 0.21546237275933938
2 0.6691962326281894 0.2688180033142781 0.0680932644671221 0.20722607223548054
2 0.09559666741515248 0.6446574513381679 0.0886937725310038 0.27127859718707226
2 0.7731444786093202 0.35269635098543406 0.06586649232754861 0.25068497380705707
2 0.36548978140376304 0.4550197030636029 0.07906935152615951 0.2621690013779431
2 0.5537413777331002 0.43632093714294945 0.05834097974341689 0.23343611028354375
2 0.911246470833146 0.4482955641104263 0.07462577722033557 0.27011420347337844
2 0.802808975903157 0.23905477943892497 0.055816980746667806 0.1875057441407358
2 0.43039567631369297 0.41535641494724396 0.088448015066605 0.26294526385373895
2 0.46633614915994037 0.40614691425827243 0.06944493052131523 0.25305940556881384
3 0.16028671478065226 0.8502452996982954 0.07808133668190292 0.26832196856846857
3 0.2804325209721265 0.2064352950120866 0.05143484580694357 0.1975342795695046