2 0.4155920281359906 0.7135416666666666 0.11430246189917936 0.31354166666666666
2 0.37807737397420865 0.440625 0.053341148886283704 0.253125
2 0.7121922626025792 0.678125 0.07444314185228605 0.29270833333333335
2 0.06213364595545135 0.446875 0.0492379835873388 0.2625
2 0.4618991793669402 0.3489583333333333 0.05803048065650645 0.22395833333333334
2 0.511137162954279 0.496875 0.10375146541617819 0.30833333333333335
2 0.5814771395076201 0.5614583333333333 0.05861664712778429 0.2760416666666667
2 0.779601406799531 0.7604166666666666 0.08264947245017586 0.29791666666666666
2 0.5879249706916765 0.3802083333333333 0.04220398593200469 0.378125
2 0.5756154747948418 0.465625 0.05509964830011723 0.27291666666666664
3 0.5328253223915592 0.815625 0.05627198124267292 0.1875
3 0.24267291910902697 0.3729166666666667 0.05041031652989449 0.22291666666666668
3 0.9138335287221571 0.6229166666666667 0.0492379835873388 0.29375