2 0.5052754982415005 0.68125 0.08616647127784291 0.30104166666666665
2 0.8388042203985931 0.6489583333333333 0.08499413833528723 0.290625
2 0.3516998827667057 0.6927083333333334 0.05803048065650645 0.265625
2 0.1652989449003517 0.859375 0.07561547479484174 0.2760416666666667
2 0.6559202813599062 0.6135416666666667 0.0615474794841735 0.290625
2 0.5750293083235639 0.4395833333333333 0.045134818288393906 0.24583333333333332
2 0.9454865181711606 0.4979166666666667 0.04865181711606096 0.24270833333333333
2 0.6975381008206331 0.5416666666666666 0.08440797186400938 0.22291666666666668
2 0.6266119577960141 0.45625 0.05041031652989449 0.23125
2 0.9736225087924971 0.8458333333333333 0.05275498241500586 0.30833333333333335
3 0.47596717467760846 0.9197916666666667 0.06623681125439625 0.153125
3 0.37807737397420865 0.478125 0.04337631887456037 0.18020833333333333