2 0.3985448408767036 0.2755260323752024 0.07384955455723322 0.3014325575788207
2 0.11016956361005764 0.5302640679160961 0.07724373707953656 0.29536441400531144
2 0.2585627393110004 0.7363496210966431 0.08772774736825543 0.3520993644759533
2 0.3232624791186373 0.5651253968511558 0.07389049332568771 0.3035158909121539
2 0.549589723226167 0.4971153479380889 0.056018927808170506 0.28802327544636697
2 0.6182251628470431 0.46645550488377135 0.04114704847103765 0.3059852309315739
2 0.5918402259682266 0.43758078534470335 0.057872328471827036 0.26314451306402753
2 0.6665234223896396 0.5056671097928133 0.08221964022894115 0.3101902225739657
2 0.4983513180261548 0.3381423857667955 0.10982342686036828 0.2845617406525581
3 0.7189118483658059 0.9023219283905973 0.07158303094960489 0.12649317638765087
3 0.12313592258434 0.3241767618547243 0.046789127998916456 0.23551561045122207
3 0.9112376770322563 0.32826289839188383 0.061143694688766806 0.2508263694905182