2 0.9064284545095823 0.49945034358662177 0.06069799861655434 0.26056387892574073
2 0.820061265092686 0.39159842768032527 0.07683764839060048 0.25082607396111123
2 0.5363310080229353 0.3360653281378249 0.08670450014836883 0.18047764184351867
2 0.5997381106351422 0.5587179119773621 0.08978791304305961 0.25344279863175934
2 0.7165425805888782 0.7366533062269455 0.09355223832118544 0.30770644554157417
2 0.6659122387506983 0.7877417211208344 0.06593335323024402 0.2815911727453705
2 0.36397229361442246 0.6657592895115747 0.0630972667860123 0.2627441925022223
2 0.3352517526927069 0.6197311247447691 0.10759131631878177 0.2625034837887038
2 0.3448135302554247 0.4564076636251857 0.05224434156820563 0.2061062715296297
2 0.504618567776889 0.47135989855338045 0.06612284505455901 0.24413966286694447
3 0.34975971173839393 0.8860765089909725 0.08370783919289429 0.22784698201805517
3 0.21335005000704646 0.41238661322064846 0.06083288815652247 0.22102903571398164
3 0.8705278000778258 0.34676001278643653 0.060450672166095294 0.2064457023806483