2 0.5748432048510619 0.4274488408891275 0.058946043750110685 0.20474844964776223
2 0.6479498055488605 0.3693935840597729 0.06390823904150082 0.22563026489618684
2 0.40251075239460754 0.4740282781747856 0.054857011726455795 0.2505333010660043
2 0.19842931815750967 0.46884557481459027 0.052294055024410674 0.2338423934417919
2 0.6789079732173507 0.40553678494501283 0.04408772442652081 0.2337575500903822
2 0.5385554563360689 0.43199124239775166 0.06265404704259489 0.2193681444174139
2 0.23182569354659388 0.33306529378473887 0.06009109034054984 0.2026772367932016
2 0.5368266937705096 0.6580813909795097 0.06769810139033489 0.24649995966583874
2 0.5231826171161135 0.7801139572035564 0.06794367855938536 0.26524995966583875
2 0.3713070075570668 0.41913507728954563 0.06014566304478316 0.20684390345986828
3 0.6864501990814644 0.757589817081414 0.061618145860622774 0.22977269060530786
3 0.8599793302372022 0.44429523121399794 0.058973330102227474 0.20683178298109559
3 0.24052219828412152 0.280884996621223 0.05264779740346502 0.17135451392056472