2 0.22128204973300963 0.665725059275601 0.08572972799823404 0.28973749875864885
2 0.6227761726383634 0.4608765996637623 0.08165977487566968 0.27069640033022535
2 0.6519890348966941 0.6857111003527339 0.07697044310544694 0.2703082690923274
2 0.8143911693801184 0.47882479734617267 0.11460797599942829 0.27757998566217734
2 0.9531258124813372 0.4767330021974942 0.07838853351240142 0.27873863523513526
2 0.7661669353334245 0.44037441934824456 0.08388156202858166 0.26672379928250767
2 0.41059967475884973 0.323230896053792 0.06493991684939159 0.25892127433091605
2 0.8147922079900158 0.7242471772744233 0.08430665260461817 0.3207934331396999
2 0.035468492982555166 0.7458875938788064 0.07093698596511033 0.33736306699689206
2 0.43810382426587413 0.20751173531468545 0.08012379072317732 0.21861306699689204
3 0.37154741691841303 0.8504569065309692 0.08042600256701431 0.26851603418741754
3 0.18260914462148792 0.2834761648729358 0.055074723366810026 0.20199204466459467
3 0.9449817310126283 0.234846575674326 0.07037150599947212 0.24482310504495508