2 0.5929573890182653 0.5060966008227302 0.08703992698850187 0.22380146161708273
2 0.4152325862589946 0.3969747418613673 0.0728491597186052 0.20490601587180896
2 0.404083013977685 0.6635080832615329 0.10154444482087074 0.2906135740290234
2 0.23549815150480474 0.5180248547970191 0.06603342332412153 0.2381666263325054
2 0.828631235128481 0.692895696577295 0.12951673949656936 0.265904465519571
2 0.8157138787653913 0.42090555202895324 0.08956193014805404 0.2509090359079618
2 0.7053116049021395 0.7468253194000954 0.09351545149742174 0.31761206401094694
2 0.7206602424512737 0.5844950061029149 0.10856480114740164 0.288602963568327
2 0.7710352236573879 0.3110760340749723 0.05527780690907313 0.20680754202354995
2 0.6901855852747124 0.40606699413359437 0.06349777883576588 0.20897571870829298
3 0.9323626492187119 0.7804206320426369 0.09201572666359063 0.2675999435321742
3 0.1081567932850798 0.4948347828501677 0.06815982794838252 0.20485753395671769