2 0.16521874452628266 0.428251450986991 0.08708994848059329 0.28454732826703716
2 0.5535275821319058 0.65554180901426 0.15860549031828752 0.3769915787732411
2 0.32245747468345126 0.32862035258185235 0.06898461647006555 0.21928513323166676
2 0.48307516866807376 0.5589793819629636 0.14668943672661847 0.32447183434574095
2 0.9369109009500335 0.382129931225881 0.08989711761175305 0.2576094652984261
2 0.8228750726705453 0.5886422721586586 0.13027677553083888 0.32379297264370377
2 0.7735487209730915 0.4045079808721771 0.05551724628721125 0.24161991843944458
2 0.5370538539681846 0.4738069077985193 0.06756818941884829 0.2546048196551852
2 0.7820522186746433 0.7066155592662974 0.09633372248107057 0.3244700924513891
2 0.8860766086310026 0.3415274343923161 0.07751856077403581 0.23212456408268523
3 0.7271356843967982 0.852191635889769 0.0987329906505288 0.295616728220462
3 0.03988509189972031 0.3377433215550463 0.06642154144756725 0.21085481965518535
3 0.9529814897831967 0.3474163713220385 0.04321897670511502 0.17451684067861115