2 0.3622508792497069 0.5520833333333334 0.0873388042203986 0.24270833333333333
2 0.5568581477139508 0.5104166666666666 0.08264947245017586 0.25104166666666666
2 0.24325908558030482 0.6666666666666666 0.10609613130128957 0.321875
2 0.1160609613130129 0.6677083333333333 0.08675263774912075 0.2989583333333333
2 0.8692848769050411 0.753125 0.05568581477139507 0.3489583333333333
2 0.48182883939038684 0.49270833333333336 0.07209847596717468 0.259375
2 0.46483001172332944 0.4552083333333333 0.05451348182883939 0.21770833333333334
2 0.9044548651817116 0.38645833333333335 0.06858147713950762 0.2625
2 0.5293083235638921 0.4510416666666667 0.05861664712778429 0.21979166666666666
3 0.3810082063305979 0.7614583333333333 0.06740914419695193 0.33645833333333336
3 0.33177022274325907 0.3625 0.04689331770222743 0.2125
3 0.8991793669402111 0.33541666666666664 0.056858147713950764 0.19583333333333333