2 0.9167643610785463 0.5947916666666667 0.031066822977725676 0.24583333333333332
2 0.7344665885111371 0.5520833333333334 0.05158264947245018 0.203125
2 0.5310668229777257 0.584375 0.043962485345838215 0.21458333333333332
2 0.4618991793669402 0.6145833333333334 0.06037514654161782 0.20520833333333333
2 0.41500586166471276 0.5239583333333333 0.06037514654161782 0.20416666666666666
2 0.42145369284876905 0.5020833333333333 0.04630715123094959 0.19270833333333334
2 0.37924970691676435 0.46875 0.053341148886283704 0.18125
2 0.46131301289566234 0.34270833333333334 0.03751465416178194 0.175
2 0.2250879249706917 0.5979166666666667 0.041617819460726846 0.24791666666666667
2 0.07268464243845252 0.665625 0.0697538100820633 0.25625
3 0.38335287221570924 0.7416666666666667 0.06447831184056271 0.228125
3 0.8757327080890973 0.39375 0.03927315357561548 0.175
3 0.23036342321219228 0.3958333333333333 0.041617819460726846 0.16979166666666667