2 0.8411488862837045 0.696875 0.05568581477139507 0.23645833333333333
2 0.7708089097303634 0.5385416666666667 0.03985932004689332 0.240625
2 0.6019929660023446 0.5645833333333333 0.050996483001172335 0.24479166666666666
2 0.5363423212192263 0.6510416666666666 0.05509964830011723 0.25833333333333336
2 0.1242672919109027 0.4114583333333333 0.05158264947245018 0.22291666666666668
2 0.2268464243845252 0.4322916666666667 0.050996483001172335 0.21666666666666667
2 0.33704572098475966 0.33125 0.07502930832356389 0.16875
2 0.37924970691676435 0.30416666666666664 0.08089097303634232 0.14479166666666668
2 0.4466588511137163 0.37083333333333335 0.05920281359906213 0.20104166666666667
2 0.4091441969519343 0.37604166666666666 0.06330597889800703 0.20416666666666666
3 0.694021101992966 0.7604166666666666 0.049824150058616644 0.2520833333333333
3 0.8540445486518171 0.30625 0.044548651817116064 0.19895833333333332
3 0.11899179366940212 0.28541666666666665 0.03223915592028136 0.18229166666666666