2 0.9176262287966895 0.687634345109202 0.10879670373705531 0.32512266847018056
2 0.6196068854673162 0.37526329614890225 0.049171419612353176 0.34888633778909034
2 0.1633728035472813 0.6043385484829074 0.054610203132233914 0.28442421334606016
2 0.2618475387201864 0.337661220507088 0.042477633842582595 0.22168179556545412
2 0.33886042838283575 0.37362405697005685 0.05197906934225639 0.24062572978993882
2 0.38536578954868844 0.4943611529810867 0.07304013832184934 0.23481208179502946
2 0.5188267657266792 0.28985729079138817 0.0494161421962947 0.2072439129004844
2 0.5350215763288659 0.34643455479520624 0.043527194825910095 0.20295603734351472
2 0.5699737140119436 0.4033996872479937 0.08124646891973915 0.23498177424145367
2 0.5575482668202821 0.38543681524502416 0.05801807132947575 0.2678302720135752
3 0.6632508529225679 0.7750700917143564 0.06618347794095615 0.26174996445999926
3 0.03305163631858361 0.3037674071186057 0.06124860225227673 0.22415299734775687
3 0.7369079756996431 0.29853292817732513 0.04349991216830366 0.19878937067684793