2 0.26553341148886284 0.7166666666666667 0.05803048065650645 0.23020833333333332
2 0.6910902696365768 0.540625 0.05920281359906213 0.24166666666666667
2 0.6178194607268465 0.490625 0.05451348182883939 0.21041666666666667
2 0.5545134818288394 0.4083333333333333 0.04630715123094959 0.19791666666666666
2 0.39449003516998826 0.46041666666666664 0.04044548651817116 0.21979166666666666
2 0.4601406799531067 0.5020833333333333 0.035169988276670575 0.2125
2 0.39155920281359907 0.32708333333333334 0.053341148886283704 0.15104166666666666
2 0.10961313012895663 0.484375 0.05803048065650645 0.21979166666666666
2 0.1254396248534584 0.44375 0.0627198124267292 0.20625
2 0.038100820633059786 0.4270833333333333 0.053341148886283704 0.21354166666666666
3 0.47245017584994137 0.7583333333333333 0.05451348182883939 0.24791666666666667
3 0.597303634232122 0.30833333333333335 0.03341148886283705 0.17916666666666667