2 0.6963657678780774 0.5510416666666667 0.09437280187573271 0.240625
2 0.17526377491207504 0.5677083333333334 0.06740914419695193 0.24583333333333332
2 0.0492379835873388 0.8614583333333333 0.07033997655334115 0.27395833333333336
2 0.47010550996483 0.5697916666666667 0.09202813599062133 0.28854166666666664
2 0.023446658851113716 0.4822916666666667 0.04689331770222743 0.25
2 0.4425556858147714 0.5520833333333334 0.06799531066822978 0.24375
2 0.4718640093786635 0.565625 0.05920281359906213 0.27395833333333336
2 0.5609613130128956 0.5854166666666667 0.06037514654161782 0.271875
2 0.6072684642438453 0.528125 0.11137162954279015 0.3072916666666667
3 0.6301289566236812 0.39791666666666664 0.04630715123094959 0.20625
3 0.5005861664712778 0.9666666666666667 0.08616647127784291 0.065625