2 0.7520863597316018 0.655873078400113 0.1166958679352401 0.28561206047102916
2 0.202604570917579 0.4550173182686039 0.13660363822936644 0.23396507914278644
2 0.9338019552759673 0.5575957042222928 0.10722166658104455 0.2812514595798776
2 0.578999088286501 0.3638890792488422 0.08042719480044354 0.2369681404625446
2 0.17581802579747824 0.8199150649267861 0.1297348370239778 0.29212872002969564
2 0.7714288820396962 0.37515639751744606 0.09262821329475084 0.25804389157648394
2 0.30046849244342405 0.5070172649586028 0.12105081735733762 0.2711256942499382
2 0.28512664220409856 0.6555877298429666 0.09258044438787581 0.2559605582431506
2 0.2592845825928069 0.4228718320602397 0.07588116975084602 0.24312117335030217
2 0.7871747732633423 0.2953116908550217 0.06652838538795533 0.19295148090387806
3 0.47344728648599727 0.8198224765541767 0.10581048910411357 0.2708105511351505
3 0.11832001076899155 0.3564453938043624 0.07219897447323347 0.18473935646084777