2 0.306267453936433 0.5810604445151484 0.11135966119808716 0.30840751824739293
2 0.22807445289445616 0.4159794249416339 0.07183871294755348 0.22013178134945383
2 0.1174452361323463 0.39495069780393816 0.09425634557673661 0.22684237513260505
2 0.8727908786320794 0.6052692233184146 0.12119412407796272 0.27737569424993797
2 0.3580541186251606 0.565472536972178 0.07229052283874927 0.2909408729047264
2 0.7520127116471719 0.7037655032887191 0.09485146218855749 0.30390146668787776
2 0.7444552507403295 0.6296859610650828 0.07358427277260968 0.2451560231275143
2 0.7904887281188062 0.5931556321875066 0.08492545094316602 0.2287317742414537
2 0.8129561243789816 0.5509321344153851 0.10234125918332168 0.2728211591343021
2 0.7305216120097433 0.5585980890621133 0.10313144087087711 0.2561787342456959
3 0.7392066029204579 0.8575024654147841 0.09573718168986271 0.2849950691704317
3 0.8327832911722524 0.41911318242089995 0.06100110302330225 0.2074136053469085
3 0.17259464806345573 0.34715596981751334 0.061239947557677275 0.21783027201357516