2 0.07777008853249574 0.340625 0.07346285578130489 0.28958333333333336
2 0.2650925986982957 0.6583333333333333 0.12176735096046323 0.3
2 0.40256901684019025 0.41458333333333336 0.11126811283257138 0.2
2 0.4887444382585762 0.3375 0.06820428657681599 0.1625
2 0.6004803187752806 0.475 0.11246233550444744 0.2520833333333333
2 0.7433287964524687 0.559375 0.10791631045484966 0.25833333333333336
2 0.8521796187955418 0.64375 0.08848622922947408 0.33125
2 0.7788590462548192 0.5947916666666667 0.1308076427045491 0.3875
2 0.5400703429155651 0.5020833333333333 0.09482957245923712 0.25
2 0.4916961891002114 0.5666666666666667 0.08607190470816718 0.27708333333333335
3 0.6630289505797129 0.3802083333333333 0.059876538987621464 0.20833333333333334
3 0.7009437085135496 0.8229166666666666 0.11231503933558805 0.34791666666666665
3 0.05676163865612632 0.28541666666666665 0.05820063779876062 0.2375