2 0.6436237594809084 0.7398035563771107 0.0888033114312752 0.29022266280602127
2 0.3605072214834234 0.6266412503414797 0.07885150513246561 0.2602797336635587
2 0.2483744894647978 0.8354225652031612 0.08904894404200256 0.3027226628060212
2 0.5912056005145656 0.598784680998477 0.08709877449881018 0.26304229666321344
2 0.8004577423072676 0.4074320893231771 0.09166528996366914 0.25718042790111123
2 0.6822158701829615 0.3892984422329216 0.07540149249908104 0.20383566804460973
2 0.6678966642199655 0.3411620157097534 0.07818159349456572 0.16662676647303318
2 0.666087912736651 0.46308553211449066 0.08123710978603174 0.262557132615841
2 0.6054075930613368 0.3839844598790101 0.09302742540587083 0.2073744935200602
2 0.6189638537663229 0.4111905202593705 0.0688587600652015 0.22825347118776282
3 0.47676727374957023 0.8840983391212954 0.07403935705687922 0.23180332175740925
3 0.2918290003119182 0.3569865166779209 0.04463426461345109 0.18672948166494005
3 0.9646215826216307 0.26973243395925095 0.04637974031437069 0.2159931811410812