2 0.3293775061389481 0.5410155164957469 0.07541798899758574 0.1973871285298145
2 0.36884984856427067 0.770537880444085 0.06435311932598686 0.31124303615718485
2 0.45821531510754027 0.6417906612131625 0.07174041565867599 0.2804173678189966
2 0.6822722613592392 0.7699776584864105 0.09439695755766107 0.2961524585201045
2 0.7716425764152048 0.7757872956819789 0.11462531397411589 0.2639102637457157
2 0.8104419135484809 0.48693451939985094 0.08583409594061879 0.2374554123337898
2 0.9861159267970535 0.43051205700908785 0.02776814640589296 0.2206898018825677
2 0.5158587312609235 0.4896498404162415 0.11127212199948885 0.2699784073192248
2 0.4777835955991384 0.4478093328943942 0.05939077613403052 0.30058389425519727
3 0.18236215875870046 0.6424944146216025 0.04352090543992072 0.2311064685492345
3 0.9866547637530287 0.8349211989110755 0.02669047249394249 0.23159141901987634
3 0.8061700928837998 0.346339828804266 0.056278445926267864 0.18183389425519725