2 0.23563892145369286 0.4197916666666667 0.050996483001172335 0.21979166666666666
2 0.6330597889800703 0.665625 0.06037514654161782 0.23020833333333332
2 0.4220398593200469 0.6145833333333334 0.07327080890973037 0.2375
2 0.7174677608440797 0.7364583333333333 0.07678780773739742 0.26666666666666666
2 0.3540445486518171 0.5854166666666667 0.0914419695193435 0.25104166666666666
2 0.13481828839390386 0.384375 0.047479484173505275 0.225
2 0.5539273153575616 0.26875 0.032825322391559206 0.20104166666666667
2 0.2825322391559203 0.7072916666666667 0.0492379835873388 0.21770833333333334
2 0.3048065650644783 0.6010416666666667 0.05803048065650645 0.21770833333333334
2 0.5234466588511137 0.18229166666666666 0.04865181711606096 0.203125
3 0.23856975381008205 0.834375 0.06740914419695193 0.275
3 0.25908558030480655 0.2125 0.04689331770222743 0.18645833333333334
3 0.9695193434935522 0.559375 0.03751465416178194 0.25625