2 0.2658073056163774 0.764867790190786 0.0871909599416619 0.28857144875709556
2 0.23281367579845166 0.48139886629599776 0.06578201976121256 0.256011919901155
2 0.8067554705338077 0.5680888184854902 0.13624477520033268 0.27287701608762355
2 0.6061446266057059 0.39095583361606 0.06769695954609817 0.21240742310737062
2 0.010621286217376378 0.475763891832632 0.021242572434752756 0.26402778366526397
2 0.6050630465451552 0.5607838760842806 0.06481431829495488 0.2767725016313804
2 0.6962815569220704 0.8280623376662386 0.0928275300305125 0.2660185401059678
2 0.7213375396259519 0.7253870788632819 0.0601045233771025 0.27439816188561583
2 0.6079103908295257 0.33061191855250116 0.052436168145244356 0.20937831893363576
2 0.7829375082615289 0.5447224106217802 0.0858958481133276 0.2759986971539876
3 0.6319187591573002 0.8720140419635297 0.05601455641580109 0.2158465737429592
3 0.7794320722900059 0.3641866950744617 0.04297565201427982 0.20046297277543998
3 0.19091367031706533 0.3881184327825628 0.04904194820335619 0.22166006412431236