2 0.7655334114888629 0.6572916666666667 0.045134818288393906 0.21145833333333333
2 0.3141852286049238 0.6375 0.047479484173505275 0.196875
2 0.5867526377491208 0.6052083333333333 0.04220398593200469 0.153125
2 0.38569753810082064 0.603125 0.047479484173505275 0.15729166666666666
2 0.283704572098476 0.5177083333333333 0.047479484173505275 0.12916666666666668
2 0.48300117233294254 0.509375 0.025205158264947247 0.12395833333333334
2 0.7549824150058617 0.49583333333333335 0.035169988276670575 0.128125
2 0.23974208675263775 0.515625 0.029894490035169988 0.13645833333333332
2 0.44958968347010553 0.49270833333333336 0.02579132473622509 0.11354166666666667
2 0.6524032825322391 0.503125 0.029894490035169988 0.12604166666666666
3 0.9783118405627198 0.8614583333333333 0.04279015240328253 0.24583333333333332
3 0.15240328253223914 0.571875 0.016412661195779603 0.16979166666666667