2 0.37686041669884934 0.5016128044092556 0.08123710978603162 0.26176780633684726
2 0.704488403004422 0.61271203766531 0.065587393848262 0.2398309117361445
2 0.5797503152562917 0.5797554355365028 0.06930908651820197 0.25050224638758867
2 0.478663580201548 0.558913286639546 0.05762669586109962 0.2517366864383301
2 0.5194961173903245 0.49217763579021 0.07208918751368677 0.21325691437236619
2 0.8728056358396724 0.5697702122654296 0.06441506090570631 0.2397460224078853
2 0.19715109984510445 0.7392844018751001 0.0897300117631034 0.27694536496799504
2 0.30669721893224033 0.47572855604450054 0.05260985394324032 0.23473046245862672
2 0.2749865565899809 0.6492235428633916 0.05799514477719082 0.27048668643833007
2 0.44496923037141645 0.39316449743814025 0.07696832178355552 0.1636813610136623
3 0.7252684887119266 0.8659413769301426 0.060202103014311635 0.20407468775644114
3 0.6014961475868278 0.4055388894274086 0.053931050616987636 0.18281690778181173
3 0.02133278392917976 0.6090124479594068 0.023833734369257578 0.2596915625854803