2 0.6127558898853133 0.21948410530014778 0.08119445153893741 0.2389360289984398
2 0.2525812958036259 0.30083835173731116 0.10533588366632425 0.21155203822521618
2 0.11684925845345155 0.5056894038026917 0.10394633711377842 0.26971559290203095
2 0.1968794117106326 0.5906268188093261 0.09040255805571067 0.22919847695784673
2 0.11481962987174969 0.3817310704693584 0.1237862081046048 0.19416026747736315
2 0.3828943410133316 0.5177119709519855 0.10732689032250763 0.26163692755347534
2 0.8678774989608894 0.38873289972442215 0.10933044216027388 0.24097337287666037
2 0.9477631719383334 0.608215093387575 0.07737045006866028 0.21993136101366229
2 0.3941122719586629 0.4501539663385973 0.08422134551873876 0.2807724743216248
3 0.1837692841833065 0.8293577140690843 0.1191866653670024 0.2708191541694006
3 0.018696363242982572 0.24581388339676014 0.03254890701366824 0.2000388998731464
3 0.9016228428995107 0.15580810788679483 0.05686089616472745 0.18307157576658936