2 0.08004707753902206 0.6317355653511506 0.07961898692029584 0.3494923822406053
2 0.2567670068958118 0.3062900116167851 0.09104130265906288 0.19975904179927173
2 0.7234561982896242 0.5648480890621133 0.09938494176270411 0.33323782580096856
2 0.41203513009622267 0.6011081094313288 0.06995383931303314 0.3201317813494538
2 0.7924294419979265 0.5464866873010216 0.07875953471984427 0.26199238224060506
2 0.35854940789420126 0.4062914711966627 0.06709759473717683 0.2679999644599993
2 0.6791956660208248 0.3546003850519319 0.06475292885206546 0.26795148090387805
2 0.38967762031481634 0.4131838783152685 0.08130883208125365 0.28287419913005973
2 0.655526879309612 0.27183600371308364 0.07250907020209973 0.22228784001696897
3 0.47054485924052986 0.8845112489390885 0.09379523149677033 0.23097750212182291
3 0.3772644773975035 0.22338236897938976 0.054494349963538684 0.17817421334606004