2 0.25775827143329405 0.44300588930074325 0.07590443198822469 0.25034393272601735
2 0.695022365334349 0.6406876623337614 0.07759520562099798 0.2900000176624585
2 0.4389904059704569 0.6472088876128175 0.08465648962844875 0.2925198606144387
2 0.5412703687692586 0.5742492072773254 0.0775679192688812 0.28791668432912515
2 0.07964552322117995 0.4478141329731301 0.0705612079656638 0.28956350804381165
2 0.6315950681495113 0.5197253763062447 0.07154253644340226 0.27505292631358624
2 0.5681092774665881 0.7609720838662969 0.12020848683475338 0.3238690753743396
2 0.514283345532213 0.2199635005612362 0.05297621382732858 0.28847223399719457
2 0.5286373574408753 0.24197077218905527 0.0448244559336721 0.2921296394421066
2 0.6110524454019015 0.47832657182885197 0.06516243104040663 0.23510583496471374
3 0.5400541657031388 0.8459787040711098 0.07230557410420738 0.24387567791669393
3 0.7024140261625893 0.34463607419110465 0.055210754105510074 0.1907738221398514
3 0.06656081678517636 0.28417657048019823 0.054338571036238216 0.21361773720341024