2 0.7291910902696366 0.5697916666666667 0.04689331770222743 0.28958333333333336
2 0.8370457209847597 0.45208333333333334 0.049824150058616644 0.25104166666666666
2 0.5035169988276671 0.34270833333333334 0.041031652989449004 0.19375
2 0.5668229777256741 0.4875 0.049824150058616644 0.2552083333333333
2 0.5949589683470106 0.6364583333333333 0.056858147713950764 0.29375
2 0.41090269636576787 0.565625 0.04630715123094959 0.2875
2 0.41500586166471276 0.475 0.04689331770222743 0.246875
2 0.2532239155920281 0.55625 0.05568581477139507 0.2552083333333333
2 0.3323563892145369 0.63125 0.047479484173505275 0.290625
2 0.18933177022274325 0.6927083333333334 0.070926143024619 0.2833333333333333
3 0.5474794841735052 0.7770833333333333 0.07854630715123095 0.25833333333333336
3 0.2696365767878077 0.41041666666666665 0.04279015240328253 0.21354166666666666