2 0.6282717710055219 0.7837713448617121 0.0764807918215265 0.31540940729444455
2 0.8677998754623988 0.5761081637586561 0.07391654075151557 0.24452758383953702
2 0.6601592618295902 0.3234507874910175 0.05923446391402873 0.2126957023806483
2 0.5444109193215871 0.37195281940527697 0.05139658223223013 0.23110627152962973
2 0.2864604436027692 0.5335410875143051 0.08035134822265785 0.2739367011140743
2 0.6959730894707946 0.4978680350849526 0.06992316804502045 0.27975029001990753
2 0.5435884086930698 0.5926406823738881 0.06790601230754564 0.296319976443426
2 0.339217293647488 0.44184843389249956 0.09974880425619517 0.24767769984750007
2 0.274480325483284 0.42787296897319405 0.083485006791607 0.1949639949337038
3 0.152963327035074 0.9189621089168516 0.07793596088383829 0.15102003444740764
3 0.1805392483060372 0.3203908256089349 0.06404661198961525 0.21913966286694458
3 0.9165633528006225 0.4491928039564801 0.05653624045545307 0.2542168986825928