2 0.2843471918868781 0.29778233591998043 0.09091422912672795 0.2604484769578466
2 0.12048445012538991 0.4365803965530818 0.1403443359608905 0.34726227274980664
2 0.42926048332065175 0.2435909485441002 0.10146522560972919 0.2612124809121793
2 0.7152109112300506 0.4434566177974139 0.08466479378028714 0.3078558076549581
2 0.31404857229445543 0.6649848780747419 0.10459445380373368 0.30929892623536454
2 0.8666949479044663 0.5958353377979972 0.10717789952198623 0.32405203822521617
2 0.38770912459938633 0.13527352035635684 0.08688555922804354 0.22894380897306904
2 0.05483028120225643 0.22700553358704056 0.09122123176933832 0.2791984769578466
2 0.13238108502539572 0.24636039325780454 0.10319588620961975 0.22388225956869773
3 0.42460780071440957 0.7422946138926559 0.0818766796336274 0.2806026956651065
3 0.6543295905189686 0.12116953151072477 0.07837222598754341 0.20959958367525472