2 0.1735052754982415 0.5541666666666667 0.06740914419695193 0.21145833333333333
2 0.31242672919109027 0.35104166666666664 0.045134818288393906 0.20520833333333333
2 0.23036342321219228 0.35520833333333335 0.05216881594372802 0.16145833333333334
2 0.26318874560375144 0.5208333333333334 0.05803048065650645 0.23020833333333332
2 0.5164126611957796 0.28854166666666664 0.06389214536928488 0.19895833333333332
2 0.6588511137162955 0.5760416666666667 0.06740914419695193 0.271875
2 0.8716295427901524 0.5510416666666667 0.053927315357561546 0.23854166666666668
2 0.6981242672919109 0.7520833333333333 0.04630715123094959 0.2791666666666667
2 0.6799531066822978 0.5458333333333333 0.06799531066822978 0.2552083333333333
2 0.4958968347010551 0.21875 0.08851113716295428 0.19791666666666666
3 0.45955451348182885 0.8052083333333333 0.07678780773739742 0.21354166666666666
3 0.8165298944900352 0.3177083333333333 0.04337631887456037 0.19895833333333332
3 0.34349355216881594 0.19375 0.04279015240328253 0.178125