2 0.567409144196952 0.42604166666666665 0.047479484173505275 0.196875
2 0.6389214536928488 0.36041666666666666 0.05216881594372802 0.21770833333333334
2 0.39800703399765536 0.49166666666666664 0.041617819460726846 0.24479166666666666
2 0.1951934349355217 0.5104166666666666 0.03985932004689332 0.22604166666666667
2 0.6699882766705745 0.39375 0.03223915592028136 0.22916666666666666
2 0.5316529894490035 0.434375 0.050996483001172335 0.21145833333333333
2 0.2250879249706917 0.371875 0.049824150058616644 0.19479166666666667
2 0.5357561547479485 0.659375 0.05451348182883939 0.23854166666666668
2 0.5252051582649473 0.7822916666666667 0.053927315357561546 0.25729166666666664
2 0.36518171160609614 0.44166666666666665 0.0492379835873388 0.2
3 0.6869871043376319 0.7416666666666667 0.0492379835873388 0.221875
3 0.85052754982415 0.4114583333333333 0.04806565064478312 0.2
3 0.2321219226260258 0.31979166666666664 0.04337631887456037 0.16458333333333333