2 0.6459554513481829 0.5710177802886133 0.08440797186400938 0.3371620746870294
2 0.8739742086752638 0.4600527544558279 0.07737397420867527 0.2974332906853325
2 0.182883939038687 0.5514266159558808 0.07151230949589683 0.32856208179502955
2 0.07209847596717468 0.5412174639826068 0.07737397420867527 0.3182666240186658
2 0.6184056271981243 0.33096246207303714 0.07151230949589683 0.26814541512836293
2 0.12602579132473624 0.7588523421918196 0.07033997655334115 0.3535378400169691
2 0.4706916764361079 0.568391926108672 0.11137162954279015 0.31688630224908965
2 0.4847596717467761 0.6014343581052781 0.08440797186400938 0.3246620746870294
2 0.3499413833528722 0.5656804959155796 0.10550996483001172 0.3480150933587867
3 0.3194607268464244 0.6486024488118217 0.07033997655334115 0.2931211733503022
3 0.8886283704572099 0.8941247322300704 0.059788980070339975 0.10956966401442353