2 0.13168682478001356 0.48683554047315014 0.07037535855000805 0.2263332977933326
2 0.17100335432523714 0.5563612773710891 0.10944456164477266 0.24171660980266552
2 0.29961152784170375 0.7245559058455121 0.10355721196071968 0.2853211591343019
2 0.3913184279282873 0.5130263067578745 0.060537424105311655 0.34273330490133275
2 0.49385256826140306 0.40166640011666127 0.08182567655383138 0.21615904890727197
2 0.5905331247362338 0.5140224090281754 0.06953063931353262 0.23880905601527214
2 0.7093691924070893 0.734070073944356 0.08049276910003286 0.2994196569064234
2 0.6402962947084612 0.7139019299278113 0.08414465746766805 0.2599332906853325
2 0.6734058548364927 0.6583670623805987 0.08300124183818426 0.3057181404625446
3 0.6494662461369121 0.9675248382929967 0.07704959284439242 0.06495032341400654
3 0.7564840647069487 0.4529056499575069 0.060505274450442154 0.2073893635688478
3 0.031110285828886107 0.44935832267133313 0.045348465794636986 0.2549666453426662