2 0.6951708085429398 0.6270833333333333 0.11899026438005578 0.33541666666666664
2 0.6773594112942765 0.4791666666666667 0.09049774273956683 0.27708333333333335
2 0.5091553190088102 0.5229166666666667 0.15110575707510776 0.30833333333333335
2 0.34039074522334073 0.6104166666666667 0.09311542004641195 0.2875
2 0.09253069598292805 0.428125 0.09840537694444848 0.3104166666666667
2 0.036706846211319824 0.33541666666666664 0.07341369242263965 0.2791666666666667
2 0.2694614567384766 0.31979166666666664 0.09251479491859801 0.26458333333333334
2 0.4190624186522522 0.15833333333333333 0.0666945528693009 0.21875
2 0.5882991058276099 0.209375 0.08169078701386324 0.25416666666666665
2 0.5104561636892914 0.3614583333333333 0.11696997985922726 0.25833333333333336
3 0.6085514441628884 0.7114583333333333 0.1285327347735413 0.3416666666666667
3 0.8865101076824266 0.14791666666666667 0.07304763814119968 0.2375