2 0.23042296089078743 0.5301257132416111 0.10442761616846967 0.23319446799438914
2 0.9560198670966045 0.31439176246153494 0.087960265806791 0.20567462504240908
2 0.6367262228857937 0.4024637743293438 0.07885470056963126 0.2399272660593508
2 0.39954083335361185 0.5967791924860276 0.11740679813400103 0.28183865069213376
2 0.47492020801273327 0.4808202165609174 0.07909879467829296 0.20458335099579184
2 0.8001269303196479 0.3179664595024319 0.08583409594061879 0.23828044234466433
2 0.5045512967700095 0.36098226144793605 0.08370783919289429 0.24646827247178205
2 0.7690489679087359 0.7621860259889971 0.13605492064619856 0.27883600967519206
2 0.7568695130391732 0.5877548072354629 0.1286097896873651 0.21805558499298647
3 0.39376098518580116 0.21995048976357162 0.05810600628098406 0.20744048880651805
3 0.5004369920378784 0.8068751148059806 0.09085427375871932 0.34050927888421306