2 0.7760015282981862 0.5323833567046073 0.11065808194040545 0.2954614910292495
2 0.6412723573047878 0.47624397859458917 0.08986896971650726 0.2061053821796418
2 0.5701386160400421 0.44436246721180894 0.062019463161987975 0.23265165988215653
2 0.5346075559160215 0.4247758781870855 0.07302064889284467 0.2794676390770468
2 0.45560809275310643 0.4186040554820965 0.10992140862573274 0.2204614910292496
2 0.2737093515644784 0.3949569923123317 0.06775834898898758 0.2206975742496881
2 0.12133246570752623 0.5257082496613157 0.07287740685943608 0.2648843057437136
2 0.07510123353943861 0.40304682270498904 0.05167309815528474 0.2525023473539328
2 0.3782763761220199 0.24264056611044085 0.0617329790951708 0.2034849932154898
2 0.47206597829030333 0.2932263447931808 0.06895114507917316 0.2228900904565279
3 0.20689394284796098 0.7581445341483405 0.07822155935381235 0.3319877039044054
3 0.9313165113215137 0.34099706694194404 0.05060308095087819 0.2628098311470931
3 0.20800161538462827 0.28763874943552625 0.04758313119398339 0.19384146540008043