2 0.6330597889800703 0.584375 0.111957796014068 0.228125
2 0.6828839390386869 0.5927083333333333 0.0873388042203986 0.25104166666666666
2 0.4349355216881594 0.596875 0.06506447831184056 0.25
2 0.4343493552168816 0.6208333333333333 0.07033997655334115 0.296875
2 0.8921453692848769 0.7885416666666667 0.05803048065650645 0.296875
2 0.4548651817116061 0.3927083333333333 0.04220398593200469 0.18020833333333333
2 0.6740914419695193 0.4114583333333333 0.045134818288393906 0.24166666666666667
2 0.3886283704572098 0.6072916666666667 0.070926143024619 0.2864583333333333
2 0.7883939038686987 0.3885416666666667 0.06330597889800703 0.23125
2 0.8522860492379836 0.765625 0.05803048065650645 0.27291666666666664
3 0.4859320046893318 0.8677083333333333 0.0779601406799531 0.26458333333333334
3 0.34349355216881594 0.3770833333333333 0.03751465416178194 0.19270833333333334