2 0.2752883713139848 0.6407851350065736 0.06657822374477129 0.2860487801414815
2 0.32274778500016216 0.8117621968102772 0.08421096091789756 0.3013594652984262
2 0.49720333853756166 0.557637923634953 0.059441919586313834 0.25450783941203714
2 0.5431660578746622 0.45051423049944367 0.08177762939674584 0.27417915172194457
2 0.5262248130794113 0.2897347588681473 0.07113114684416269 0.24457607396111125
2 0.5964215605283796 0.2430753515737028 0.05933961308319036 0.22325783941203714
2 0.6298197993374303 0.4167176281696287 0.09007944606421762 0.3036852492396298
2 0.6208840731638897 0.3733313040814342 0.07699963199048261 0.24690185790231495
2 0.8623812491135903 0.36230067237050795 0.07828791230324503 0.2823670146905556
2 0.9050289540390934 0.6751626063879617 0.07602509162063238 0.3072700344474074
3 0.9085481906436409 0.13848606750754494 0.05346430750332868 0.2188487221375001
3 0.2215455984753423 0.8784565923264348 0.0886615775141655 0.22863675911805548
3 0.06855497703193493 0.34721181800949064 0.05583625512260629 0.22727903571398164