2 0.31770222743259086 0.684375 0.06330597889800703 0.23645833333333333
2 0.43903868698710435 0.4947916666666667 0.06096131301289566 0.24895833333333334
2 0.2116060961313013 0.440625 0.0615474794841735 0.20729166666666668
2 0.7960140679953107 0.5510416666666667 0.0627198124267292 0.28020833333333334
2 0.5498241500586166 0.384375 0.04044548651817116 0.1875
2 0.6787807737397421 0.3458333333333333 0.05627198124267292 0.23645833333333333
2 0.6201641266119577 0.3697916666666667 0.05158264947245018 0.20104166666666667
2 0.03399765533411489 0.490625 0.05861664712778429 0.2635416666666667
2 0.7280187573270809 0.565625 0.06565064478311841 0.271875
2 0.4806565064478312 0.79375 0.06447831184056271 0.1625
3 0.17584994138335286 0.25104166666666666 0.05568581477139507 0.22395833333333334
3 0.7737397420867527 0.33958333333333335 0.044548651817116064 0.21979166666666666
3 0.5404454865181711 0.7833333333333333 0.04279015240328253 0.18333333333333332