2 0.1477139507620164 0.64375 0.05451348182883939 0.2989583333333333
2 0.5386869871043376 0.42916666666666664 0.08206330597889801 0.221875
2 0.3552168815943728 0.55625 0.06506447831184056 0.25416666666666665
2 0.6729191090269636 0.6052083333333333 0.08616647127784291 0.2916666666666667
2 0.26025791324736225 0.415625 0.07444314185228605 0.19895833333333332
2 0.4859320046893318 0.5916666666666667 0.09378663540445487 0.278125
2 0.31770222743259086 0.39166666666666666 0.08851113716295428 0.16875
2 0.31359906213364597 0.41458333333333336 0.056858147713950764 0.209375
2 0.6096131301289566 0.765625 0.05568581477139507 0.2864583333333333
2 0.5041031652989449 0.5770833333333333 0.08675263774912075 0.23854166666666668
3 0.7913247362250879 0.34791666666666665 0.04572098475967175 0.19895833333333332
3 0.6395076201641267 0.8020833333333334 0.06389214536928488 0.21041666666666667
3 0.06799531066822978 0.3729166666666667 0.0369284876905041 0.23020833333333332