2 0.5434643659042169 0.44265182208788495 0.09738663307102968 0.3226514666878778
2 0.3478989925156852 0.6778047483556404 0.10214238919401364 0.2852726755781807
2 0.6464403617641568 0.40720945406328 0.11127031028339894 0.31669236802460493
2 0.06600357946073838 0.8408295955336373 0.1065809785131761 0.3165954009123624
2 0.6036261573947354 0.7068707989603705 0.08646700039143031 0.3099332906853325
2 0.7531525694566928 0.6423580015914025 0.10565440303501931 0.32490449246763525
2 0.6984240498465044 0.6507769109378868 0.11595465706696016 0.3563484266921201
2 0.026198594579449508 0.7409151715467883 0.052397189158899016 0.30763178134945385
3 0.7240908131202807 0.3962344967112809 0.08795151515114615 0.280815107574787
3 0.5181654290639578 0.923090452312794 0.0988296484112915 0.1332135840229081
3 0.05250511293111406 0.4642553395395765 0.07628962509168881 0.2826560231275144