2 0.07946299017286848 0.7604464487570955 0.08308722697364904 0.34043652728110535
2 0.6119609206731522 0.8388393551025158 0.07599866400310228 0.3223212897949684
2 0.6331865069328978 0.6468321629557603 0.06381152939823861 0.26010583496471373
2 0.42169036276653665 0.4377944136583597 0.07905185765146239 0.2610516058051154
2 0.28287803970411307 0.41250668202341784 0.0649156556967784 0.24976191990115487
2 0.3801467492797122 0.6029928166844737 0.10979169940516993 0.3025264808192517
2 0.10471753575765672 0.39624010501769774 0.06494293835438471 0.2539285865678217
2 0.20332309555596423 0.38255957301208693 0.07676175708156363 0.2692394359322331
2 0.284214479259564 0.29795972449163843 0.05908127364160627 0.25356482855228263
3 0.489635875447668 0.8808532292726893 0.0779477313529224 0.23829354145462153
3 0.6752280289210372 0.4055920932629796 0.05161075346457145 0.18646165226696898
3 0.011708456094981235 0.2716699767690731 0.020107818632402553 0.20741402564972494