2 0.7121922626025792 0.47291666666666665 0.06799531066822978 0.209375
2 0.34759671746776083 0.753125 0.06096131301289566 0.34479166666666666
2 0.41617819460726846 0.5260416666666666 0.04689331770222743 0.23333333333333334
2 0.40328253223915594 0.825 0.06623681125439625 0.271875
2 0.48417350527549824 0.40729166666666666 0.06389214536928488 0.18645833333333334
2 0.5240328253223916 0.4822916666666667 0.07033997655334115 0.21354166666666666
2 0.6055099648300117 0.4864583333333333 0.053341148886283704 0.24583333333333332
2 0.6318874560375146 0.3541666666666667 0.049824150058616644 0.18854166666666666
2 0.5615474794841735 0.553125 0.0492379835873388 0.19895833333333332
2 0.5744431418522861 0.49166666666666664 0.05803048065650645 0.20729166666666668
3 0.8903868698710434 0.34375 0.041617819460726846 0.18541666666666667
3 0.9624853458382181 0.95 0.07268464243845252 0.1
3 0.12250879249706917 0.6760416666666667 0.04806565064478312 0.27395833333333336