2 0.4005165627276547 0.6287557186245716 0.06661232591247916 0.30054505953816457
2 0.49893455621722893 0.6212399745984852 0.09950585263945409 0.32477592264058047
2 0.6410494289578172 0.7161304901482103 0.10059634037951079 0.29989726298947633
2 0.7691948118607931 0.6606672583523002 0.07832201447095276 0.29759179636045613
2 0.5924453548765473 0.7256781990023681 0.09236272804745475 0.29071454721387224
2 0.4694723820853548 0.39222546938387154 0.06539907036867397 0.28792371918926896
2 0.5245144475136654 0.5593261289408596 0.08666475373967404 0.34010784546939327
2 0.041340135752006596 0.814420898180228 0.0783561166386607 0.30800846302712276
3 0.03560464905974713 0.8523558631024156 0.06636679030498278 0.2255450595381646
3 0.03515712903618102 0.3576855367846449 0.06886150572800859 0.2716210735692897
3 0.9161354250424355 0.7977098019642751 0.052605714503684904 0.31783897535141536