2 0.5785463071512309 0.446875 0.07737397420867527 0.22604166666666667
2 0.64947245017585 0.6864583333333333 0.0914419695193435 0.25
2 0.4894490035169988 0.29375 0.053927315357561546 0.19895833333333332
2 0.6711606096131302 0.35104166666666664 0.05627198124267292 0.2125
2 0.776084407971864 0.4166666666666667 0.053927315357561546 0.20833333333333334
2 0.5498241500586166 0.6927083333333334 0.08206330597889801 0.2375
2 0.5023446658851114 0.6260416666666667 0.04865181711606096 0.2916666666666667
2 0.9009378663540446 0.39375 0.05158264947245018 0.215625
2 0.7139507620164126 0.303125 0.07971864009378664 0.19270833333333334
2 0.5246189917936694 0.25416666666666665 0.05158264947245018 0.18333333333333332
3 0.7450175849941383 0.784375 0.07033997655334115 0.2708333333333333
3 0.04572098475967175 0.5333333333333333 0.05158264947245018 0.234375