2 0.6675380240843151 0.44610241829811037 0.08192866003780475 0.22747280086483077
2 0.8561110223632562 0.6017605790146713 0.08324423501376915 0.2420924989167645
2 0.6164421921088223 0.3778744345312631 0.0702871832027672 0.23544248701215967
2 0.7348798453107204 0.5565478116971847 0.08293728779932208 0.2108424989167645
2 0.19525155341541206 0.47742406656075964 0.0613382457625474 0.27890156926335596
2 0.07712944352027636 0.5696567521653724 0.0739883503591024 0.2543015811679609
2 0.7744454164808102 0.46570989557213577 0.07022579375987778 0.22919248701215966
2 0.47984494115345516 0.38002759091488264 0.0678606647271365 0.22703642424162543
2 0.4821295488780062 0.552926075222249 0.10204248838991964 0.24684100108103854
2 0.4770718804504471 0.5155715340966508 0.07503790441587935 0.24183794588656143
3 0.35639453966624485 0.7058299805237316 0.07419298183540037 0.2751349145012943
3 0.2536417746369395 0.273467950219503 0.05583038808713272 0.19542277705562086
3 0.9944568453578125 0.4619255990380496 0.011086309284374988 0.1400560746751393