2 0.5814771395076201 0.428125 0.07913247362250879 0.24270833333333333
2 0.6682297772567409 0.553125 0.06799531066822978 0.22916666666666666
2 0.2104337631887456 0.559375 0.0914419695193435 0.246875
2 0.4220398593200469 0.35625 0.04220398593200469 0.20104166666666667
2 0.8622508792497069 0.4739583333333333 0.06623681125439625 0.23229166666666667
2 0.8048065650644783 0.6520833333333333 0.05803048065650645 0.25729166666666664
2 0.15885111371629543 0.6833333333333333 0.05451348182883939 0.2947916666666667
2 0.8077373974208675 0.49583333333333335 0.05451348182883939 0.21354166666666666
2 0.37749120750293086 0.2947916666666667 0.04220398593200469 0.2
2 0.6893317702227433 0.40520833333333334 0.056858147713950764 0.2375
3 0.9742086752637749 0.8083333333333333 0.05158264947245018 0.2875
3 0.6160609613130129 0.2916666666666667 0.038686987104337635 0.18854166666666666