2 0.47596717467760846 0.559375 0.08675263774912075 0.246875
2 0.17878077373974208 0.6552083333333333 0.05216881594372802 0.23229166666666667
2 0.7256740914419695 0.7947916666666667 0.09085580304806565 0.26979166666666665
2 0.5650644783118406 0.421875 0.04630715123094959 0.21770833333333334
2 0.7104337631887456 0.640625 0.053927315357561546 0.2791666666666667
2 0.14361078546307152 0.7270833333333333 0.05158264947245018 0.24270833333333333
2 0.6365767878077374 0.246875 0.049824150058616644 0.1875
2 0.5181711606096131 0.5239583333333333 0.044548651817116064 0.2125
2 0.5703399765533411 0.28020833333333334 0.049824150058616644 0.1625
3 0.4765533411488863 0.821875 0.05744431418522861 0.240625
3 0.22801875732708088 0.25104166666666666 0.03751465416178194 0.2