2 0.15507595816166325 0.6267726248556406 0.09252295317583081 0.24427451213605997
2 0.292362600935959 0.37059551279487357 0.0687690974942186 0.2314310384914774
2 0.2061064631022973 0.40237002493093355 0.07210676321024802 0.18608306655372714
2 0.24759062409442073 0.5611187478162162 0.08363580456418286 0.2599704560115602
2 0.5037694240089768 0.2365576008658693 0.08740354584291024 0.22920581740714344
2 0.6641042427219068 0.48685359413265544 0.0978831329864888 0.30713853318274736
2 0.8860977669476371 0.39014394538135994 0.0803645632009146 0.26793976829820615
2 0.7129013710101437 0.655230271416782 0.07690401875268559 0.3091210735692897
2 0.685695258123376 0.44827180469364564 0.0973916180576912 0.2904718665160807
2 0.47883326541148613 0.17059842889047264 0.11331774931133473 0.23604197174951771
3 0.4652443857670491 0.7899047341615562 0.10208593481457547 0.25149523492722636
3 0.8190605612036952 0.1665383873617952 0.0650063412021528 0.22273368411145658
3 0.31794717513390847 0.19659705668919708 0.06321961459860012 0.2017790104292274