2 0.08593251535190194 0.4860970519469678 0.07881995506180889 0.22323340476096334
2 0.2533177622246202 0.35167750865489883 0.09266968911162676 0.19033644805083536
2 0.7154813048341918 0.6837862705540115 0.07558942413900782 0.2668743106051617
2 0.43665063311203856 0.5574049518344703 0.06631989122898756 0.28325005952302507
2 0.19957937213401525 0.7688456433957792 0.07929740156991902 0.2961500714276298
2 0.27635435987712453 0.594107834412175 0.07579404407105511 0.2981243106051619
2 0.39009752729537484 0.6830700611423859 0.05809991930229467 0.2809121731594885
2 0.3481394959490843 0.554659415580136 0.08363205879126004 0.24212886363536512
2 0.9076752901020511 0.7897682667637862 0.06833716522282325 0.23332278896022604
2 0.42774300608255916 0.395637518393033 0.06600614066651522 0.23533339285635826
3 0.5394463841774815 0.8856595941492107 0.0671239082938583 0.22703642424162543
3 0.7647478030809093 0.41234237499066334 0.0518290147254219 0.21823034956648613