2 0.4753810082063306 0.490625 0.10726846424384526 0.27395833333333336
2 0.5117233294255569 0.79375 0.07033997655334115 0.35104166666666664
2 0.6412661195779601 0.621875 0.07444314185228605 0.30104166666666665
2 0.8200468933177022 0.775 0.0984759671746776 0.35520833333333335
2 0.21277842907385697 0.6854166666666667 0.06623681125439625 0.29583333333333334
2 0.5451348182883939 0.584375 0.056858147713950764 0.290625
2 0.3645955451348183 0.409375 0.06096131301289566 0.25
2 0.40504103165298944 0.465625 0.07913247362250879 0.225
2 0.6154747948417351 0.5322916666666667 0.06565064478311841 0.240625
2 0.01992966002344666 0.778125 0.03985932004689332 0.271875
3 0.15240328253223914 0.8729166666666667 0.07033997655334115 0.2520833333333333
3 0.11430246189917936 0.33125 0.04806565064478312 0.21354166666666666
3 0.8640093786635404 0.5864583333333333 0.047479484173505275 0.25104166666666666