2 0.7884824340300544 0.40913468201541875 0.1068395153260443 0.27293527000503864
2 0.3367938846256387 0.5947564040536553 0.07612001428522118 0.25936375426708125
2 0.8963241251564003 0.4230320400914531 0.08602413580129215 0.28325114372491433
2 0.6669558700921152 0.6952774467117275 0.10803373799792049 0.325018603338372
2 0.23735456041699154 0.7679343547564856 0.08659736268379266 0.3082511437249143
2 0.9009258980093415 0.21372798396695344 0.07540348068209557 0.22811375426708125
2 0.6246016220230595 0.5649673483997368 0.07575975275954117 0.294659080584852
2 0.6057766310300904 0.4614577799509446 0.09877649144877947 0.27833588756276806
2 0.6316197141214247 0.3585456115774454 0.08423080706936091 0.2560464700426851
2 0.5964148965266565 0.3350418185365382 0.0822205235323749 0.2703871226782269
3 0.4929102023053537 0.7665428288716494 0.07659770335397162 0.28019708760041484
3 0.3092799132737206 0.2916715268259985 0.05573854437057886 0.1865889753514151