2 0.054328705101830355 0.8133135382004288 0.08918181878940949 0.3728635876295873
2 0.2511390328992765 0.5457573523963666 0.07955759747740639 0.34718447300351396
2 0.6374517967113202 0.759622764058149 0.07751987880674183 0.3782646943469956
2 0.9093059624523028 0.6075518839070914 0.11390312632122787 0.38506293018969706
2 0.5863384683520263 0.6319805605091645 0.08149300040992176 0.3056875849933656
2 0.6193231978784661 0.526393769989648 0.09117861116481431 0.33761669961943924
2 0.5394160914098536 0.393539688316347 0.08904451028365816 0.2396151436245134
2 0.45227465385576676 0.3602381652741936 0.09143010246402905 0.2439515889476984
2 0.511160288666567 0.32365958753043794 0.07176646335976981 0.26959180370062547
2 0.7159165554712025 0.3275963997492095 0.07744395974388013 0.25126625034192146
3 0.4300277517056543 0.8423989531574884 0.0833874770471776 0.26002403031655064
3 0.9581524836700173 0.20581519746876123 0.057657541753841926 0.2644064650948485
3 0.24162899438073682 0.29418335503258847 0.07993186766239996 0.26601936233177315