2 0.2696818574350738 0.5160841508758871 0.08158750213981784 0.289538745667123
2 0.631407956193117 0.4880082483517576 0.10589274337101486 0.24289507398589147
2 0.35057324113867366 0.42234842913768217 0.07682996372557933 0.27887960376513543
2 0.47103065631989915 0.3713433345659158 0.06250278316765126 0.23856884472583922
2 0.09718562960100771 0.4604420918450144 0.10448850783880563 0.20741778851039464
2 0.09837842453676811 0.45725647303618416 0.10356171881470663 0.2448571697015642
2 0.035152115281151655 0.4960374835929292 0.07030423056230331 0.272508366147475
2 0.7861823659335588 0.6549459467773354 0.07091373369758829 0.2702431763876509
2 0.35919563226505946 0.35838243080920384 0.0588493710519528 0.21755365496601514
3 0.6945574704771453 0.41914014207933964 0.048393863870573636 0.23159141901987634
3 0.7611409036142495 0.6312492511671856 0.06396158401507324 0.28237946353466964