2 0.6113738174691482 0.44856724404000853 0.11431816459979824 0.2720228246740408
2 0.7037901532542442 0.690218094147014 0.13292736801368993 0.30381829545304745
2 0.5045769893571773 0.3055292624396321 0.08502140346616441 0.23573340476096322
2 0.7065995800929218 0.3180521763982103 0.08901636662242422 0.25042583225009796
2 0.8254663749558413 0.36136289338809013 0.08653513950057214 0.2461864361462304
2 0.5947406117176384 0.7233308733691056 0.12183012658372537 0.2868243463189771
2 0.5385537077571338 0.665280819798383 0.0917475913572419 0.33375916558343116
2 0.9546446371558759 0.3048917986895726 0.07260370542664461 0.2499167261896916
2 0.7509544055035954 0.2537363062678267 0.11198506114494491 0.23656979328877364
2 0.5403499407689236 0.2524171726123786 0.08088987907316335 0.21687431060516182
3 0.8137735925506987 0.7718341071326574 0.11354395293720691 0.3198667619035064
3 0.03846644254860749 0.6871439908001882 0.07693288509721498 0.2732697694795637