2 0.7820128175886147 0.7813111065708812 0.125236580881255 0.29914083502272176
2 0.6643177398212647 0.5981966363632549 0.0918380316071954 0.27380146161708274
2 0.4381928097321737 0.39016770401483447 0.05710195294063467 0.19012875487811035
2 0.45772538418772557 0.3306048365938557 0.07004538421562224 0.19234541347794476
2 0.23313903273922182 0.3110569685182378 0.0759548178352757 0.1944893492051423
2 0.10407991582792045 0.44465158665298304 0.08633662842009707 0.2383363130353248
2 0.1928060130718124 0.4343614905056349 0.10490287987348784 0.23019690736235673
2 0.22217504513135697 0.45696908496359445 0.08489957176561148 0.2778954054111125
2 0.3657639408651081 0.5075555391684841 0.13825366024067254 0.25345294743466246
2 0.34501622525243425 0.39008961541060727 0.06451810185096904 0.20686814441741402
3 0.5663990939721186 0.7793746079984142 0.0764543966333464 0.26739389539303604
3 0.5895909504959198 0.38131249558647357 0.05348941629921755 0.18592572677512537
3 0.061366377477259156 0.2628447391372293 0.06887305127306655 0.19233329299917196