2 0.39094117195149386 0.5387540043497013 0.12156874510822342 0.25249690314024115
2 0.039187116529752326 0.3835386586569095 0.07824698970199565 0.2682666240186658
2 0.3330611316461986 0.314966093252731 0.05942145828568909 0.24704542223636305
2 0.41780632415721863 0.38925023101000467 0.10388826490030642 0.22296660980266553
2 0.4792246062173992 0.24840632521752049 0.08397224574394276 0.22672116624230215
2 0.5711019110435126 0.65064577052837 0.09702477808351125 0.2749044924676352
2 0.6283079008680831 0.5432200442924312 0.12621033384365518 0.2380105369191502
2 0.6211477251922302 0.5819071616274614 0.09590018817574655 0.28946358402290806
2 0.5418413305144114 0.6366684816465515 0.10061680168013554 0.2978938844684838
3 0.5668687666939811 0.8694684958625518 0.08049616951752506 0.23914844090812035
3 0.7549714027289557 0.34582238648425084 0.06642135377331519 0.2367742062380599