2 0.16360229007680055 0.5735440337364868 0.07718591033924721 0.2556938986844841
2 0.5335293764550474 0.4273904487587939 0.0933802807180932 0.23936661691066566
2 0.7017425699403409 0.6936306949395836 0.06780724679880193 0.2554999644599993
2 0.3559745281636314 0.5164555030235798 0.06030938115748352 0.2199378471249691
2 0.6775742930558288 0.6149852265012198 0.05112172208185493 0.23432724623381773
2 0.47484500354620274 0.3890313252175205 0.05158460986937611 0.18018482134521155
2 0.34712843858869336 0.43124489147042816 0.06325434678916261 0.26581966401442353
2 0.37242909908604904 0.4234320265754588 0.04948552115331521 0.19888633778909034
2 0.48208413894164376 0.32848132877152053 0.07186899247034002 0.20768026490557503
2 0.4875516218464243 0.22422981588164184 0.06197188823967706 0.16790299734775688
3 0.03217702647917152 0.24823107999151556 0.06435405295834304 0.21170148090387814
3 0.5452356320099254 0.7416465180883092 0.05403842116295439 0.1885666382346661
3 0.6522502670002083 0.2666450585084315 0.055074322344926374 0.17817421334606004