2 0.3946380364505354 0.4578941224118475 0.09042051252813753 0.20945782685339356
2 0.3683074685593285 0.6276829170081463 0.09772733675953445 0.251706690376907
2 0.4442772072357946 0.669406716290654 0.06484744905276263 0.24065643837828835
2 0.5791637022737143 0.670148822713552 0.09891331103089335 0.2538870565197148
2 0.7611409036142495 0.7341957579201666 0.0847361850897999 0.23605599613935457
2 0.8794173488560012 0.6741558886056848 0.06368875743901016 0.24264273890214744
2 0.7798653593749051 0.47206106699087974 0.06934580221974136 0.2118779029495196
2 0.5403078412283673 0.3344610077152787 0.0539417780208796 0.18561647642635143
2 0.5682933665656116 0.4493383115474034 0.08693079635807664 0.21333339509163665
2 0.6975151748238834 0.598650620065737 0.07177231607767151 0.2245719685684686
3 0.36217256660322966 0.7584962693655111 0.07043628718947813 0.1994749357589941
3 0.29818016460420865 0.32067373255879933 0.06232544589321033 0.21337903942600617
3 0.9020467599806985 0.5322009955809626 0.06678287507377953 0.17835050399723731