2 0.43900039297603216 0.347029303950911 0.13328525410023878 0.2547665920644839
2 0.6712856151937587 0.46416313706477474 0.08893439485582817 0.3128797439956015
2 0.5161557224980805 0.5888314864970333 0.08197542196945129 0.33543269780928664
2 0.08008839965531801 0.7780180406441346 0.0889753174570775 0.3253797439956015
2 0.6621858078019237 0.7375041353932531 0.11246971934298237 0.3411754535055396
2 0.23437675043520642 0.5523686433540397 0.1135670275165807 0.3183194056477033
2 0.231340201358923 0.5848118570427819 0.1043111317798833 0.3553344551770612
2 0.48825883786399565 0.33823331398004086 0.11445290225039058 0.2308800244565334
2 0.977656297316136 0.5076863185556666 0.04202743628651749 0.3062883249757251
2 0.27512574624597724 0.45756896111606304 0.07591596468396741 0.2747129370984688
3 0.6868571252870455 0.18319706862106336 0.05711771500182721 0.2612430361571849
3 0.5903086051115533 0.8526602160652312 0.050001872143994104 0.23587932330420358
3 0.12141411291364791 0.32804033447723974 0.05947602175402154 0.2655309404415121