2 0.7790152403282532 0.3645833333333333 0.06799531066822978 0.23229166666666667
2 0.671746776084408 0.8375 0.0697538100820633 0.30520833333333336
2 0.5287221570926143 0.7520833333333333 0.0914419695193435 0.29583333333333334
2 0.6318874560375146 0.5229166666666667 0.0697538100820633 0.24270833333333333
2 0.5046893317702228 0.5541666666666667 0.07502930832356389 0.296875
2 0.5967174677608441 0.5947916666666667 0.10785463071512309 0.290625
2 0.4794841735052755 0.4041666666666667 0.053927315357561546 0.21666666666666667
2 0.5762016412661196 0.4395833333333333 0.1447831184056272 0.209375
2 0.4794841735052755 0.30416666666666664 0.05627198124267292 0.23333333333333334
2 0.5509964830011723 0.5416666666666666 0.10844079718640094 0.203125
3 0.3950762016412661 0.9270833333333334 0.059788980070339975 0.14479166666666668
3 0.2661195779601407 0.38229166666666664 0.03575615474794842 0.20104166666666667