2 0.7194583154926568 0.4419001692919732 0.07931797323350609 0.20432083209198215
2 0.4454277912929294 0.3155019641614557 0.054760370882726096 0.2085331430930181
2 0.8713163578488778 0.4335010871316952 0.07386557147332366 0.24550233471127642
2 0.28260652273728276 0.34253119134507454 0.05733013139176523 0.23164387537863373
2 0.2807543036776156 0.5720374728449019 0.09157334449743765 0.2594578268533937
2 0.30719021756417936 0.6355277510364634 0.05858431692484009 0.24007424152144144
2 0.3829565034015864 0.2862697030636029 0.04184424536698366 0.20538244885546555
2 0.35173620681663725 0.27321607251467656 0.06862373471709632 0.18886420347337846
2 0.27284929096568605 0.3047657871542037 0.05605548271106048 0.2211301759024926
2 0.3791530205071022 0.2573941348253597 0.09982653491824418 0.14565075599585603
3 0.3597887596081331 0.6749597910148493 0.07008255172646918 0.21812790294951961
3 0.17909631704650444 0.25622989550742464 0.052231536668946484 0.18958907747406914
3 0.9754684901253365 0.22680295120758837 0.038265857096427186 0.19884135042704212