2 0.7524521091562486 0.5460890460429173 0.09142590019774517 0.2872105582431506
2 0.7731141780007177 0.3039133020369782 0.08550855785708106 0.21211359113090822
2 0.6463532294041825 0.36905565584558286 0.08226445026728983 0.22870753246339307
2 0.5891863169776139 0.4588094114152792 0.07584445789717639 0.26606208179502955
2 0.37168620679880715 0.35389489857842826 0.07512811839775217 0.22231208179502956
2 0.3046989446402522 0.30943122570551845 0.08443855912872877 0.21833934935284763
2 0.19425107147606974 0.547211465733093 0.07439923371674488 0.24937117335030243
2 0.10739884796352202 0.721982628421395 0.0903900128741275 0.29551964979842327
2 0.3076074350842516 0.6303130425949729 0.0909483405314624 0.25804389157648394
2 0.292038537965266 0.5389372772650334 0.055607795231119396 0.24689997156799942
3 0.7010319820466718 0.7003291678337046 0.0955227929058984 0.322699950243999
3 0.06404938152213556 0.4738363946530915 0.05788423830676183 0.24278178845745396
3 0.573813067245467 0.23613516252921846 0.048927456804713346 0.1967787626776964