2 0.5762678913140507 0.5869141769409264 0.09718523069632005 0.2820394794361024
2 0.8024805062602113 0.8117499951199486 0.10907911714554948 0.29281979328877367
2 0.9419432319080279 0.8546372456593694 0.093668231868653 0.28193038528030123
2 0.9596207635297599 0.5988054399232747 0.0669092426182793 0.2935939967524907
2 0.464126993094727 0.522988314929316 0.06454301051001662 0.22064096536722352
2 0.37094181779390967 0.411709439389346 0.06333656616272643 0.2185212673152897
2 0.250436577134607 0.42881538906613287 0.08612256314230174 0.2504621969686985
2 0.6650627028264564 0.5365165308359604 0.10318334102803654 0.29055463636243817
2 0.7011582095517421 0.4094461076753736 0.05968312171612146 0.2100788398261552
3 0.9106629301518575 0.3294425118936207 0.06430423067687517 0.2060576320338902
3 0.06598527554814125 0.6263220400423628 0.08318545819512094 0.28576976947956373