2 0.5135347280712861 0.45004358361819974 0.13610952293054515 0.27958473563799324
2 0.060930692647372546 0.47462200888522343 0.0968508280114658 0.30044036280443176
2 0.39704817479823806 0.5274665830905845 0.09696003258015919 0.3046070294710984
2 0.20103570559751563 0.5486235514203492 0.0953797986759019 0.3336524585201045
2 0.4647896943324141 0.764618901380223 0.07994997859836314 0.37030379519648116
2 0.6857343103763501 0.755181904106975 0.09401797390903137 0.37103122090244417
2 0.33754657792461534 0.866168314374642 0.12086919467732136 0.26766337125071593
2 0.5171480889820093 0.42415346397360865 0.0877419435509564 0.2209099832847836
2 0.7136133644033876 0.6992541606389888 0.08450118848682055 0.32060688924063235
3 0.7150361692566476 0.9159204528892483 0.0897589957299877 0.16815909422150335
3 0.7914450802269676 0.48423221738204875 0.06159732013737656 0.250765750681688