2 0.2866354044548652 0.653125 0.08616647127784291 0.209375
2 0.5703399765533411 0.68125 0.08909730363423213 0.234375
2 0.8739742086752638 0.46979166666666666 0.0955451348182884 0.19583333333333333
2 0.7022274325908558 0.6875 0.07561547479484174 0.196875
2 0.5808909730363423 0.44895833333333335 0.07737397420867527 0.171875
2 0.5310668229777257 0.33958333333333335 0.08440797186400938 0.165625
2 0.720398593200469 0.38645833333333335 0.08440797186400938 0.17083333333333334
2 0.4876905041031653 0.49583333333333335 0.09906213364595545 0.18645833333333334
2 0.6524032825322391 0.509375 0.05803048065650645 0.16354166666666667
2 0.47479484173505276 0.4635416666666667 0.05041031652989449 0.20520833333333333
3 0.6424384525205158 0.8260416666666667 0.06858147713950762 0.15833333333333333
3 0.283704572098476 0.284375 0.059788980070339975 0.14895833333333333
3 0.9390386869871044 0.3260416666666667 0.0627198124267292 0.16875