2 0.7611972915144427 0.44338907838986225 0.12182311848249003 0.2693353652475928
2 0.29989065642082285 0.6255680877642134 0.0825901085346854 0.24690185790231495
2 0.6807013769541648 0.44735917172870476 0.09136814694731715 0.22437311220824085
2 0.4235140341158559 0.34182694313338025 0.06456829612157641 0.22950783941203715
2 0.17557837236941332 0.7340910268479632 0.10170396663472865 0.30596254305925946
2 0.7386596512095434 0.18384349201717703 0.09981857165386826 0.1893443665141668
2 0.4530729164720043 0.19914372580800996 0.0676484766744697 0.21298664311009266
2 0.5255647478627924 0.6349024361672231 0.10265789043989745 0.2976776998475001
2 0.5221874870877895 0.539868318892686 0.10922615250738592 0.23551713069851868
2 0.6700187232729929 0.3176106236031491 0.07798106402008373 0.2050897208709261
3 0.5624209422706162 0.751134433634075 0.09646861202103885 0.2849352492396297
3 0.1666847515860458 0.5136932336616206 0.07132928235517685 0.21938211347481484