2 0.655860807663358 0.43155544968337745 0.13869295039447707 0.3000152759723855
2 0.4218434637636835 0.49400036201820097 0.10900261790095102 0.2699394913407075
2 0.7561362037800441 0.4253212662430387 0.07315145101982558 0.30631218506409347
2 0.5832731377550083 0.29219794264783955 0.05523804045762674 0.1912197456703538
2 0.2135891780496545 0.6472755524918807 0.11268333484131837 0.28254858549650874
2 0.19331941882321188 0.5843884507600222 0.08362058844647664 0.3003894675314974
2 0.5112969602731273 0.32983285714913385 0.06587089599697815 0.19779702813775787
2 0.48724951157621443 0.42116696916184276 0.07445923552450187 0.2272182478346276
2 0.2561897962858145 0.5262111206741982 0.08656457387969277 0.2567485616872988
2 0.6386846187075419 0.44562440476975074 0.09937837719145506 0.2508985735919038
3 0.24886782163556043 0.6826247619079003 0.08781876587859856 0.2630349264058992
3 0.8906275460477788 0.40136583929662006 0.06377180728091712 0.21647429870055698
3 0.283797623834727 0.20777549296885583 0.06467127670230567 0.19567733008582402