2 0.7837833957138034 0.5751939897279371 0.09664936067783354 0.2985606872283673
2 0.7139216618595251 0.45433192966219604 0.09548699770860064 0.219430385280301
2 0.7023976054922516 0.3420864826923992 0.069260612423016 0.2435939967524907
2 0.5794280177494348 0.3302615957861466 0.07351986863054097 0.22915612229355914
2 0.5909952562664117 0.3444994642927756 0.07777912483806596 0.21471824783462773
2 0.5588739940916683 0.3892858587728885 0.08505887995779887 0.22326976947956373
2 0.4676495548470044 0.37960412446442365 0.06266167531704143 0.2184121731594884
2 0.44185405488719903 0.6587837013038368 0.08172121424176938 0.26895764393849525
2 0.22736529353587345 0.5278111682926182 0.0769139887260087 0.2250985497826939
2 0.03970235617114491 0.5106946742427237 0.05544335956340816 0.21194398484788574
3 0.5426672104669958 0.7150858825820985 0.08215128980446729 0.2835409772718286
3 0.723888174601498 0.19545312554985592 0.05785444980128055 0.17455307900368702