2 0.8083235638921453 0.41354166666666664 0.06799531066822978 0.278125
2 0.29073856975381007 0.68125 0.08616647127784291 0.3072916666666667
2 0.4126611957796014 0.4197916666666667 0.070926143024619 0.290625
2 0.5580304806565064 0.5614583333333333 0.0627198124267292 0.29270833333333335
2 0.6201641266119577 0.465625 0.07678780773739742 0.2791666666666667
2 0.16295427901524032 0.7635416666666667 0.07913247362250879 0.28020833333333334
2 0.5322391559202814 0.209375 0.0615474794841735 0.22604166666666667
2 0.9800703399765534 0.41354166666666664 0.038100820633059786 0.21770833333333334
2 0.47362250879249707 0.5770833333333333 0.10492379835873387 0.259375
2 0.48182883939038684 0.5052083333333334 0.12661195779601406 0.26458333333333334
3 0.764947245017585 0.21041666666666667 0.05568581477139507 0.23229166666666667
3 0.9431418522860492 0.8791666666666667 0.0668229777256741 0.24166666666666667
3 0.010550996483001172 0.5947916666666667 0.021101992966002344 0.2760416666666667