2 0.9102533038071721 0.6193421462503552 0.1086510939178126 0.2855688077401538
2 0.793025587593204 0.5527647375426823 0.10233910275203383 0.262288383057948
2 0.6452502286785056 0.5404730355510985 0.07578483275779889 0.28144842951980187
2 0.36413408744615555 0.446038444876553 0.06348836057387805 0.2515542468220571
2 0.49978604255177755 0.5564154609641764 0.08212287134940538 0.24646827247178205
2 0.2554067188805726 0.4247255882557474 0.08033645688003108 0.2151455208686741
2 0.39977300393034065 0.38270512037444887 0.07855004241065677 0.18382276926556643
2 0.471290891467838 0.327840719767133 0.058538504850301105 0.178419325346067
2 0.6796405127248264 0.4135980443823277 0.08009082426930379 0.2026455208686741
2 0.7178567039919366 0.3920405139515521 0.08004988550084902 0.20056218753534077
3 0.3212955754506434 0.7388525866809122 0.07913807651164766 0.2733333509957918
3 0.19858206426376301 0.3931085113065727 0.05053686809468409 0.188326730790979
3 0.9795065105192158 0.3313626671190294 0.04098697896156841 0.18164022117233217