2 0.5017584994138335 0.5385416666666667 0.08206330597889801 0.278125
2 0.563305978898007 0.6864583333333333 0.09202813599062133 0.29270833333333335
2 0.6301289566236812 0.778125 0.11313012895662368 0.315625
2 0.6658851113716295 0.6239583333333333 0.07502930832356389 0.259375
2 0.8106682297772567 0.853125 0.09906213364595545 0.284375
2 0.8528722157092614 0.6229166666666667 0.06506447831184056 0.284375
2 0.8370457209847597 0.48125 0.06799531066822978 0.2677083333333333
2 0.6506447831184057 0.4510416666666667 0.05627198124267292 0.18020833333333333
3 0.03634232121922626 0.6947916666666667 0.06506447831184056 0.303125
3 0.8675263774912075 0.35 0.059788980070339975 0.19895833333333332
3 0.9806565064478312 0.9 0.038686987104337635 0.19166666666666668