2 0.451348182883939 0.359375 0.05158264947245018 0.221875
2 0.40093786635404455 0.47604166666666664 0.08675263774912075 0.24895833333333334
2 0.7151230949589683 0.6010416666666667 0.07561547479484174 0.28020833333333334
2 0.5498241500586166 0.6510416666666666 0.08616647127784291 0.275
2 0.8446658851113716 0.7010416666666667 0.08206330597889801 0.32083333333333336
2 0.4976553341148886 0.7739583333333333 0.10492379835873387 0.278125
2 0.6131301289566237 0.43645833333333334 0.09085580304806565 0.3385416666666667
2 0.5920281359906213 0.453125 0.05451348182883939 0.328125
2 0.37514654161781946 0.26979166666666665 0.05509964830011723 0.20416666666666666
2 0.3810082063305979 0.45625 0.05861664712778429 0.21145833333333333
3 0.41852286049237986 0.8479166666666667 0.07268464243845252 0.303125
3 0.6137162954279015 0.30104166666666665 0.038686987104337635 0.18020833333333333