2 0.3004227742590858 0.5308100116119755 0.11063881882949086 0.30759964493688535
2 0.2900506093625378 0.6780901807859245 0.09812516539101224 0.33609950470641936
2 0.38390252005189546 0.419579875252168 0.11099256120854514 0.24516026374571567
2 0.6328883088820896 0.5563287772486823 0.13659386167841606 0.3214332587311508
2 0.5768507121285662 0.7949341940694218 0.1276517797718382 0.35428164159384207
2 0.741055752448092 0.49634132646989476 0.14349142757316674 0.3113803049174654
2 0.8713610901620688 0.42708896639221516 0.11257418943285127 0.2764708825545457
2 0.9003405072028658 0.2693203648262165 0.1324219903999481 0.27125140230465994
2 0.9336560037340628 0.5460783102822935 0.13268799253187444 0.31959240063313815
3 0.8204104376813863 0.875190620830615 0.10117731603423216 0.2113419799417405
3 0.35381653545267705 0.35868940503141195 0.06546258091369028 0.2573794635346695