2 0.09662786188347704 0.45090275717157613 0.05906047812251137 0.27827382213985125
2 0.2542658291667676 0.5673412122280121 0.059920318446262076 0.3157738221398513
2 0.3182704413868142 0.4402777041842005 0.0952117237142375 0.27219578850286
2 0.3104114327258271 0.43033392293773454 0.059876538987621464 0.2117526586794002
2 0.3428197745442882 0.38451050224916206 0.056359540159954404 0.2115344038700769
2 0.5545214084893395 0.3755455045548694 0.06130960619387268 0.27425265867940035
2 0.6376913782228322 0.2139118859248916 0.050497875447175974 0.21117064585453788
2 0.6803053893115092 0.12677232500679492 0.05903858839319113 0.22626324040962584
2 0.9087858779144031 0.5423708176938554 0.08152587965856953 0.2879894359322331
3 0.7950377191365955 0.7528437296077439 0.08645405596316756 0.298697109011331
3 0.8962276160985758 0.17387544830473275 0.05312915477353754 0.22381614906075342
3 0.09033131631651455 0.2530952179095712 0.04042456803292516 0.23134921475990092