2 0.5017584994138335 0.5010416666666667 0.10023446658851114 0.21354166666666666
2 0.6647127784290738 0.453125 0.09906213364595545 0.228125
2 0.41735052754982416 0.359375 0.03751465416178194 0.20520833333333333
2 0.7438452520515827 0.56875 0.08909730363423213 0.265625
2 0.5463071512309496 0.33958333333333335 0.05158264947245018 0.184375
2 0.6225087924970691 0.5635416666666667 0.08030480656506447 0.24270833333333333
2 0.7291910902696366 0.4479166666666667 0.05803048065650645 0.22916666666666666
2 0.5885111371629543 0.328125 0.05451348182883939 0.17395833333333333
2 0.5861664712778429 0.5427083333333333 0.06623681125439625 0.228125
2 0.4730363423212192 0.28854166666666664 0.06447831184056271 0.175
3 0.33939038686987105 0.7083333333333334 0.06389214536928488 0.26979166666666665
3 0.8581477139507621 0.33645833333333336 0.03985932004689332 0.18020833333333333
3 0.2508792497069168 0.33125 0.03927315357561548 0.18645833333333334