2 0.7909729965862597 0.4752742792758134 0.06977430431382896 0.33309525323448824
2 0.423148866785131 0.7217856095725672 0.08324310944030561 0.36306218753534075
2 0.4877202370933421 0.5044972353458483 0.07713581211679962 0.35019842951980185
2 0.3656822404335005 0.488141444537281 0.08040717833373939 0.33791668432912514
2 0.30382772018591775 0.5075859037004409 0.07503677884241568 0.3625529263135862
2 0.44784418292164746 0.3290640446608373 0.05346956808078635 0.2779828157274202
2 0.5892480101475981 0.25370356142278755 0.06393868702687824 0.2744709134887237
2 0.6232474834163492 0.8175692913698036 0.10173991256784225 0.29138229812150696
2 0.9832579361793324 0.3728271437707946 0.021980333705601113 0.28435185577684263
2 0.3057797573588232 0.3784556128353281 0.06377493195305997 0.2661375801553904
3 0.8333258710969943 0.19694093711125077 0.06877688252829249 0.22275133817092943