2 0.2813599062133646 0.46145833333333336 0.06858147713950762 0.16979166666666667
2 0.5146541617819461 0.396875 0.050996483001172335 0.159375
2 0.42790152403282533 0.49583333333333335 0.0369284876905041 0.16354166666666667
2 0.6963657678780774 0.43645833333333334 0.03341148886283705 0.203125
2 0.9243845252051582 0.5 0.03927315357561548 0.175
2 0.8012895662368112 0.49270833333333336 0.053341148886283704 0.171875
2 0.5603751465416178 0.4427083333333333 0.05861664712778429 0.15416666666666667
2 0.46600234466588514 0.565625 0.044548651817116064 0.184375
3 0.9314185228604924 0.6895833333333333 0.05627198124267292 0.19583333333333333
3 0.4988276670574443 0.5416666666666666 0.03927315357561548 0.17708333333333334
3 0.2772567409144197 0.31354166666666666 0.029894490035169988 0.14375