2 0.5310668229777257 0.7770833333333333 0.09730363423212192 0.26666666666666666
2 0.4372801875732708 0.6677083333333333 0.08264947245017586 0.22708333333333333
2 0.38686987104337633 0.6947916666666667 0.0914419695193435 0.25104166666666666
2 0.37221570926143027 0.646875 0.09026963657678781 0.18020833333333333
2 0.6459554513481829 0.51875 0.06799531066822978 0.22604166666666667
2 0.6201641266119577 0.36875 0.03927315357561548 0.21458333333333332
2 0.5785463071512309 0.459375 0.070926143024619 0.21666666666666667
2 0.5070339976553341 0.40520833333333334 0.06096131301289566 0.18958333333333333
2 0.4343493552168816 0.4 0.05041031652989449 0.21458333333333332
2 0.3481828839390387 0.34375 0.041031652989449004 0.19479166666666667
3 0.2309495896834701 0.3458333333333333 0.038100820633059786 0.178125
3 0.3347010550996483 0.8260416666666667 0.0668229777256741 0.2