2 0.8229777256740914 0.6114583333333333 0.045134818288393906 0.24270833333333333
2 0.6512309495896834 0.6 0.04630715123094959 0.21666666666666667
2 0.6799531066822978 0.44166666666666665 0.038686987104337635 0.24895833333333334
2 0.6371629542790153 0.49166666666666664 0.08264947245017586 0.20416666666666666
2 0.5703399765533411 0.7520833333333333 0.06799531066822978 0.3072916666666667
2 0.34583821805392734 0.6677083333333333 0.05627198124267292 0.27291666666666664
2 0.283704572098476 0.7697916666666667 0.06565064478311841 0.2875
2 0.37514654161781946 0.4822916666666667 0.041031652989449004 0.225
2 0.45310668229777257 0.48125 0.03927315357561548 0.2
2 0.3264947245017585 0.515625 0.04044548651817116 0.23020833333333332
3 0.8628370457209847 0.8572916666666667 0.06037514654161782 0.2552083333333333
3 0.5621336459554513 0.39479166666666665 0.03575615474794842 0.17083333333333334