2 0.8311840562719812 0.6979166666666666 0.06740914419695193 0.2989583333333333
2 0.712778429073857 0.5135416666666667 0.044548651817116064 0.25729166666666664
2 0.6764361078546307 0.475 0.05158264947245018 0.23125
2 0.5849941383352872 0.5625 0.06330597889800703 0.25625
2 0.32708089097303633 0.5458333333333333 0.06506447831184056 0.21979166666666666
2 0.35990621336459555 0.42604166666666665 0.05158264947245018 0.184375
2 0.2543962485345838 0.696875 0.07327080890973037 0.27395833333333336
2 0.18522860492379836 0.453125 0.07854630715123095 0.20416666666666666
2 0.2104337631887456 0.40625 0.08675263774912075 0.1875
2 0.16178194607268465 0.41041666666666665 0.07268464243845252 0.17395833333333333
3 0.6395076201641267 0.7479166666666667 0.06037514654161782 0.29270833333333335
3 0.041031652989449004 0.3614583333333333 0.044548651817116064 0.18541666666666667
3 0.64947245017585 0.30625 0.03341148886283705 0.18645833333333334