2 0.34985387667155926 0.8066248567649531 0.1191619508116562 0.24220354179268544
2 0.12745988201103028 0.264263792807222 0.07588116975084595 0.24457607396111125
2 0.590634911030745 0.44491623429916577 0.08509064739311162 0.2886655048121297
2 0.6301190352390638 0.33193046213624905 0.07066638000499766 0.2214654468081483
2 0.4317768418980236 0.5794904204685178 0.07702762351584691 0.29457607396111124
2 0.39414573143724563 0.35626030990597163 0.07602447647147112 0.25082607396111123
2 0.5815458268997412 0.2028140274855084 0.061335485371427335 0.22316085916888895
2 0.3687276078154778 0.41767102406490686 0.1225356429186983 0.23609901215740764
2 0.4019470498067404 0.7056056932647217 0.15064575436247996 0.28721428495361134
2 0.3958554907001297 0.6392542123882864 0.09408715967855671 0.2723867591180557
3 0.8323484625540366 0.3745590927098136 0.060666720675176894 0.19399419250222227
3 0.10253934246321612 0.20181315387597204 0.06265112503460815 0.22945934929046305
3 0.6718762242081499 0.8349324949379618 0.12114635517108756 0.2776686985809261