2 0.2663610152060224 0.8694803748538267 0.10259400580419811 0.26103925029234676
2 0.224001385994554 0.6300526410130788 0.06547495017770742 0.3358340237259962
2 0.44723491158253265 0.7504331693772506 0.08097446367819118 0.376520918326699
2 0.364375641204938 0.41823702641179267 0.07335388888432166 0.2864282490238106
2 0.6090441403128236 0.7579812300103519 0.09948624684062539 0.3403791475788459
2 0.5355286088191515 0.6109240909992268 0.07070993510005616 0.4195069143723662
2 0.5010061729933729 0.5990448558155808 0.06536581954728232 0.3191673570593295
2 0.6180753606360463 0.7221595666389625 0.07249530650423844 0.33426002636221785
2 0.6029782663352553 0.699181005371593 0.05496487768111577 0.3413200197716634
3 0.6015070561608029 0.4760521153842784 0.05792258202785374 0.25615802108977437
3 0.5398483927099169 0.9142348676290041 0.1338241140603041 0.1715302647419918
3 0.21699467099682618 0.625376638376857 0.04891223436509326 0.3117289064637009