2 0.1447831184056272 0.7708333333333334 0.11547479484173505 0.30833333333333335
2 0.30363423212192264 0.4739583333333333 0.07971864009378664 0.2989583333333333
2 0.399179366940211 0.4739583333333333 0.14243845252051582 0.26145833333333335
2 0.5849941383352872 0.584375 0.11430246189917936 0.290625
2 0.6834701055099648 0.790625 0.07678780773739742 0.36666666666666664
2 0.7063305978898007 0.565625 0.06858147713950762 0.21354166666666666
2 0.12895662368112543 0.325 0.053341148886283704 0.23333333333333334
2 0.64947245017585 0.5375 0.06506447831184056 0.26979166666666665
2 0.0492379835873388 0.8260416666666667 0.0873388042203986 0.34270833333333334
2 0.3909730363423212 0.38125 0.03751465416178194 0.25416666666666665
3 0.03634232121922626 0.903125 0.07268464243845252 0.184375
3 0.9279015240328253 0.5979166666666667 0.07033997655334115 0.28125
3 0.09320046893317702 0.30416666666666664 0.04572098475967175 0.21354166666666666