2 0.8140919251005604 0.6452213617934566 0.06377817916944764 0.24523149521894919
2 0.7465462751927416 0.6546129123054887 0.0662866519075993 0.251626998425165
2 0.6966289953928664 0.5942723161755656 0.0918595675064375 0.24489420036020323
2 0.7000271795080002 0.48694427370734505 0.07585480727235924 0.21478176285313508
2 0.5636559583520122 0.4652478779376253 0.07719094706795536 0.22110451445624288
2 0.5384668749144997 0.39921283147577147 0.07086677910912847 0.24775133817092948
2 0.3933272254897202 0.46645823618981125 0.06287885764862555 0.25557541028250813
2 0.5069230031526373 0.7766004027999326 0.11091882332213411 0.30223547440682047
2 0.23151151359126731 0.6564152843395908 0.08196379843559684 0.2692394359322331
2 0.08759718322249146 0.7662235191807483 0.07512252494637492 0.32081350804381165
3 0.7623936063758221 0.8314647592511021 0.07427457336810223 0.24380292631358624
3 0.6392345218608406 0.35032061187827446 0.05660605963234792 0.19486773720341025
3 0.00378031322400839 0.635803568905363 0.00756062644801678 0.2408928621892739