2 0.4098265517431636 0.7565614840318684 0.10287629957728434 0.306993456848583
2 0.16690477689433134 0.4623693683466118 0.07247593032645792 0.26381131996116014
2 0.34736367591073325 0.8107009726393625 0.09019904634655868 0.31465998328478356
2 0.6839967343026475 0.5527348579206603 0.08248090396599202 0.24352355590729904
2 0.7481570425809698 0.6801787727617327 0.0735679760133922 0.30547798662782666
2 0.6037481461928285 0.5016468507069586 0.0842795470076362 0.22281146019162618
2 0.5202940981339879 0.5056762486133447 0.10775512317182194 0.2697965508927342
2 0.4894713692649237 0.5395471356548402 0.11814231280178294 0.2640921201722063
2 0.9575662048527651 0.7525484916845094 0.056255993296790374 0.31498537116203995
2 0.5059868572273543 0.3349146810053942 0.07010234712827453 0.21791736781899662
3 0.6189755450788628 0.8560979509539192 0.09210689395689628 0.28780409809216156
3 0.21384308673706562 0.3511009070110792 0.05502582572809076 0.22337932330420346
3 0.9517093886526827 0.6176885412138674 0.06189924887218192 0.3069551318728576