2 0.44431418522860494 0.3802083333333333 0.0615474794841735 0.146875
2 0.6647127784290738 0.503125 0.043962485345838215 0.19583333333333333
2 0.2661195779601407 0.7072916666666667 0.04865181711606096 0.253125
2 0.8106682297772567 0.5072916666666667 0.04220398593200469 0.20416666666666666
2 0.5134818288393904 0.6510416666666666 0.05627198124267292 0.22083333333333333
2 0.5287221570926143 0.43645833333333334 0.0492379835873388 0.18333333333333332
2 0.2989449003516999 0.5697916666666667 0.03575615474794842 0.21145833333333333
2 0.5756154747948418 0.43125 0.053341148886283704 0.19270833333333334
2 0.4847596717467761 0.5947916666666667 0.044548651817116064 0.21770833333333334
2 0.4935521688159437 0.2947916666666667 0.035169988276670575 0.16666666666666666
3 0.43669402110199296 0.7770833333333333 0.049824150058616644 0.23333333333333334
3 0.3071512309495897 0.334375 0.035169988276670575 0.146875
3 0.854630715123095 0.35833333333333334 0.03751465416178194 0.175