2 0.1910902696365768 0.48020833333333335 0.050996483001172335 0.19166666666666668
2 0.518757327080891 0.521875 0.06389214536928488 0.203125
2 0.14947245017584995 0.48020833333333335 0.0697538100820633 0.15104166666666666
2 0.570926143024619 0.3260416666666667 0.045134818288393906 0.17395833333333333
2 0.4683470105509965 0.54375 0.05568581477139507 0.184375
2 0.7520515826494725 0.728125 0.044548651817116064 0.225
2 0.4349355216881594 0.5677083333333334 0.047479484173505275 0.20104166666666667
2 0.7291910902696366 0.6145833333333334 0.03458382180539273 0.20729166666666668
2 0.4384525205158265 0.5166666666666667 0.04689331770222743 0.18854166666666666
2 0.5797186400937866 0.2635416666666667 0.0246189917936694 0.15729166666666666
3 0.5439624853458382 0.7833333333333333 0.043962485345838215 0.19895833333333332
3 0.7567409144196952 0.34791666666666665 0.038686987104337635 0.153125
3 0.05803048065650645 0.32708333333333334 0.053927315357561546 0.16666666666666666