2 0.025028539342013646 0.7063242106422898 0.03334249036412952 0.39181508795124625
2 0.6188475240811956 0.8372404943456236 0.12213279135575124 0.3255190113087527
2 0.2525095488541419 0.5493494910373578 0.07897368609118101 0.318613066996892
2 0.3671207754659392 0.47041407250866435 0.07450156793094828 0.25998863523513527
2 0.4243092541156591 0.45954368017291364 0.0650421363994507 0.32578200661653167
2 0.6246480142645351 0.43243480699778636 0.07356801482153405 0.2744749357589941
2 0.7638127583113093 0.5302944954443707 0.10062146153293502 0.35369299090076595
2 0.8900773294691869 0.5553088557962104 0.061307923961793624 0.3837272087119672
2 0.76997240462513 0.405973725110692 0.07118923753168817 0.2721975368067118
2 0.5730726237636454 0.6788674152144154 0.08872757508370586 0.3423059961393546
3 0.24060840343335205 0.2872604444424403 0.05757723566415147 0.2273801759024926
3 0.30585168412119457 0.8363028862685925 0.09445279417754625 0.327394227462815
3 0.9346277433563105 0.45184998510378543 0.06384823723374371 0.2528653399498649