2 0.6658851113716295 0.565625 0.10844079718640094 0.271875
2 0.5791324736225087 0.5833333333333334 0.09788980070339977 0.3
2 0.1846424384525205 0.8083333333333333 0.11488862837045721 0.346875
2 0.46248534583821804 0.46770833333333334 0.08147713950762016 0.2791666666666667
2 0.30656506447831183 0.765625 0.0914419695193435 0.309375
2 0.043962485345838215 0.746875 0.08675263774912075 0.309375
2 0.5767878077373975 0.390625 0.06858147713950762 0.234375
2 0.451348182883939 0.346875 0.08675263774912075 0.2125
2 0.6049237983587339 0.4479166666666667 0.06330597889800703 0.32916666666666666
3 0.6184056271981243 0.8375 0.09378663540445487 0.32395833333333335
3 0.7432590855803048 0.3020833333333333 0.053927315357561546 0.21354166666666666