2 0.6415711068914586 0.6009836958413407 0.14178169581900885 0.3131802293655743
2 0.9059820260909687 0.3477338380013435 0.08689722431448103 0.2308393493528476
2 0.7431770952722324 0.36775799092940237 0.10606568469887108 0.2916196426904231
2 0.641182513098989 0.41463445050928 0.09867515602438474 0.23316510046678687
2 0.45090966155671425 0.4321032852217627 0.08788006543272199 0.2683393493528476
2 0.28895429848714954 0.3303009217059427 0.0692576278917991 0.22839238934860534
2 0.8059932697820177 0.34043151002552413 0.07596401184105295 0.21603784001696885
2 0.5741105927519572 0.5149260816359459 0.09696003258015932 0.3018423751326049
2 0.41785308754213085 0.41925250922982293 0.08185459386690327 0.2619681404625446
2 0.249493269258118 0.24886983816042704 0.07250161529773254 0.2180484480161205
3 0.2362345243057059 0.8665175670486089 0.09196877207513082 0.24551964979842325
3 0.9063305631371799 0.13325959266928283 0.06781228352750973 0.21795148090387811
3 0.06454566972899443 0.3984485262041221 0.07304763814119972 0.23888178134945381