2 0.08851113716295428 0.40208333333333335 0.07327080890973037 0.290625
2 0.3645955451348183 0.65 0.09671746776084408 0.29583333333333334
2 0.5615474794841735 0.6145833333333334 0.12192262602579132 0.221875
2 0.5873388042203986 0.42916666666666664 0.1354044548651817 0.225
2 0.4847596717467761 0.2916666666666667 0.0738569753810082 0.21770833333333334
2 0.3493552168815944 0.19270833333333334 0.06740914419695193 0.21458333333333332
2 0.764947245017585 0.23854166666666668 0.03751465416178194 0.21875
2 0.8417350527549824 0.49166666666666664 0.07854630715123095 0.2125
2 0.8651817116060961 0.434375 0.06916764361078546 0.22604166666666667
2 0.746189917936694 0.13645833333333332 0.053927315357561546 0.19166666666666668
3 0.7842907385697538 0.7052083333333333 0.0697538100820633 0.2708333333333333
3 0.9425556858147714 0.16458333333333333 0.03927315357561548 0.18854166666666666