2 0.23398279380853418 0.3498018630156159 0.07099873210804022 0.2173386917107737
2 0.29553216576995905 0.7713726607847424 0.09301626932266989 0.32503181029118006
2 0.7391317653327836 0.5288852735080116 0.0851225575297896 0.2807724743216248
2 0.5572936076718625 0.33056542894594826 0.04876534496793683 0.21780912780718253
2 0.497659094221853 0.5426056272224891 0.10815982869635775 0.2616369275534751
2 0.44823872895864314 0.2914631660819733 0.054340438301533206 0.20365024111514504
2 0.48614977193959535 0.6717952886167121 0.07508887369407126 0.24676002636221786
2 0.05350866406706631 0.51876590514559 0.09227937149048761 0.28753181029117997
2 0.4836078330359861 0.3637166232681564 0.06348836057387805 0.2521611330796262
2 0.7198422342619831 0.5004437109225314 0.06922720898129284 0.24633557972092202
3 0.5217645086276657 0.7565487458028954 0.0941737109225988 0.26478492228103173
3 0.9434526283088843 0.26283046326640636 0.07140811979258592 0.2381720250441071