2 0.7991156680669028 0.6987699617353375 0.06284646131486059 0.25893935727197454
2 0.31765127101701957 0.6802528385324268 0.0819107910383619 0.2778832849323398
2 0.38842116426955686 0.4924747620284479 0.0668535649903935 0.21732117252039912
2 0.4269824888665322 0.5209936775885647 0.07543512104036265 0.2403226825384756
2 0.4558446157180995 0.3150769907548174 0.05599556586478197 0.19846208821144368
2 0.5488619824460209 0.37644511500515065 0.07480857057355876 0.273643895393036
2 0.5405362619315605 0.3690686049870742 0.047993903695299114 0.21087724486003398
2 0.6801597478722428 0.5923495805247219 0.08240089588622761 0.23622873874444583
2 0.5803722536852949 0.4038496410259638 0.07207613405478482 0.3215242006233842
2 0.5157682793373699 0.4313019544540721 0.05577835225479182 0.25678330106600433
3 0.2314893102599607 0.7512248628638514 0.05950001951086582 0.26931966250232264
3 0.32144193677180105 0.3032725292686624 0.04868867697157203 0.18172269867214014
3 0.8712051229925093 0.5557896121374117 0.055403126802712595 0.23386663439933766