2 0.7397420867526378 0.5520833333333334 0.053927315357561546 0.25625
2 0.5890973036342321 0.6052083333333333 0.09788980070339977 0.265625
2 0.5937866354044549 0.6166666666666667 0.03985932004689332 0.26145833333333335
2 0.48417350527549824 0.5583333333333333 0.06740914419695193 0.26666666666666666
2 0.5304806565064478 0.4427083333333333 0.05041031652989449 0.24791666666666667
2 0.45838218053927315 0.37395833333333334 0.04865181711606096 0.20625
2 0.38452520515826494 0.6927083333333334 0.0668229777256741 0.28958333333333336
2 0.14712778429073858 0.5541666666666667 0.044548651817116064 0.2708333333333333
2 0.032825322391559206 0.7041666666666667 0.06565064478311841 0.30625
3 0.18933177022274325 0.9083333333333333 0.07151230949589683 0.18333333333333332
3 0.26553341148886284 0.375 0.05216881594372802 0.225