2 0.8452520515826495 0.39895833333333336 0.04689331770222743 0.20104166666666667
2 0.15650644783118406 0.6677083333333333 0.06858147713950762 0.26979166666666665
2 0.7497069167643611 0.434375 0.0615474794841735 0.18020833333333333
2 0.447831184056272 0.49895833333333334 0.04865181711606096 0.221875
2 0.5252051582649473 0.4 0.053927315357561546 0.196875
2 0.47889800703399765 0.4635416666666667 0.05158264947245018 0.209375
2 0.2878077373974209 0.5427083333333333 0.07737397420867527 0.25416666666666665
2 0.32590855803048063 0.5166666666666667 0.0779601406799531 0.221875
2 0.3634232121922626 0.4739583333333333 0.07561547479484174 0.21458333333333332
2 0.4917936694021102 0.37604166666666666 0.06506447831184056 0.20625
3 0.3376318874560375 0.7447916666666666 0.05803048065650645 0.24791666666666667
3 0.2772567409144197 0.3375 0.038100820633059786 0.16666666666666666
3 0.9097303634232122 0.3385416666666667 0.03927315357561548 0.18333333333333332