2 0.6818529744609325 0.7169410238179973 0.12014368207526893 0.3306107110375772
2 0.6846777494842977 0.5731910238179974 0.09086140593720451 0.2714046244578332
2 0.5259159589762249 0.5437616255476592 0.14896074041770624 0.3065198290025885
2 0.35988756191500443 0.5561988998962898 0.09458309860714437 0.28193038528030123
2 0.15843612314261085 0.28449227272926986 0.09972275683036744 0.3049925108213696
2 0.10562904587594951 0.1695347478368245 0.10379800707377164 0.27388796969577134
2 0.33358452742063555 0.255115596324469 0.09413277215414416 0.2590137186136345
2 0.49235563122973486 0.1648260573653416 0.06748173328037303 0.21446369480442448
2 0.6394331634509924 0.28206455574378375 0.08337708182887008 0.24826976947956372
2 0.5487932103284007 0.39314342533145136 0.11636615929424768 0.25762131493370977
3 0.5913507289863311 0.7613895914575987 0.1296451619210782 0.3371516287863808
3 0.9199054404712704 0.3483188409203748 0.07484324108334371 0.23134854978269387