2 0.5525605472555685 0.3742155845003764 0.10941191318270173 0.30664961951936953
2 0.644614499300612 0.5142698759250011 0.1564962353497462 0.325114265231682
2 0.11484181765150424 0.5507164121853455 0.09351769267713966 0.34487449352006033
2 0.17518918774177386 0.6026371182780184 0.07808635995909874 0.3290297336635587
2 0.758425316762459 0.6060707579201665 0.11407493879927065 0.394440717947793
2 0.6774008525609221 0.34075106230467084 0.09193704465129632 0.4030137612344446
2 0.7440454887993746 0.4495039652541905 0.10938462683058493 0.3045662861860362
2 0.7143839129556596 0.3396409291364502 0.07748606021253107 0.28319640033022536
2 0.5147740097710823 0.30226350178771866 0.06418110256266783 0.25087903942600603
2 0.7229970883391426 0.533271074159791 0.09008255290582266 0.35083339509163686
3 0.8489439612029177 0.28091100274987385 0.09632524634977216 0.290998925281817
3 0.03666779704770085 0.4511187493793244 0.0733355940954017 0.28557083209198214
3 0.7686873560520773 0.8493024878656837 0.11061153247737421 0.3013950242686325