2 0.10726846424384526 0.7614583333333333 0.0697538100820633 0.296875
2 0.2555685814771395 0.6260416666666667 0.05803048065650645 0.26979166666666665
2 0.37631887456037516 0.46875 0.06506447831184056 0.23854166666666668
2 0.31770222743259086 0.39375 0.05275498241500586 0.21770833333333334
2 0.4196951934349355 0.31666666666666665 0.04337631887456037 0.15208333333333332
2 0.45076201641266117 0.3958333333333333 0.03341148886283705 0.20833333333333334
2 0.6090269636576788 0.5395833333333333 0.05861664712778429 0.26145833333333335
2 0.6512309495896834 0.525 0.06623681125439625 0.20625
2 0.6811254396248535 0.628125 0.06916764361078546 0.21354166666666666
2 0.7971864009378663 0.6447916666666667 0.0668229777256741 0.2604166666666667
3 0.3798358733880422 0.8489583333333334 0.06447831184056271 0.29791666666666666
3 0.2227432590855803 0.3729166666666667 0.038686987104337635 0.20833333333333334
3 0.8593200468933178 0.3416666666666667 0.047479484173505275 0.21458333333333332