2 0.06420718267269437 0.4024113271270902 0.12841436534538875 0.308989320920847
2 0.49967044475346933 0.3885853272331459 0.09404345732073251 0.3039257084659384
2 0.6304761325702871 0.7080640401548414 0.1198563482801089 0.3773514524718775
2 0.04407461629084834 0.6853689129004844 0.08814923258169668 0.3957378258009688
2 0.2199980666936928 0.5661976009441793 0.11368768092472012 0.3584802435815746
2 0.8174012866892415 0.7515260579778695 0.09536478106380918 0.24147419202205972
2 0.5716934389396144 0.6453693761404177 0.12530867613607344 0.3524726613621804
2 0.17792876431061852 0.4496635342669071 0.11659067446716644 0.3210529689157563
2 0.9115945104997338 0.8975717289942376 0.10915988513660184 0.2048565420115248
2 0.4718908618118374 0.2588004952259341 0.08281023274304163 0.2620408657967264
3 0.8217783296068315 0.44838893708883926 0.08287845555251078 0.2662075324633932
3 0.05137523259326674 0.19279390934648427 0.08163789980048591 0.2620166240186658
3 0.5632240138346555 0.905515004508785 0.09237199848874261 0.18896999098243014