2 0.5205158264947245 0.40625 0.11488862837045721 0.24895833333333334
2 0.08851113716295428 0.50625 0.07561547479484174 0.2760416666666667
2 0.4138335287221571 0.5 0.07502930832356389 0.28020833333333334
2 0.22801875732708088 0.553125 0.070926143024619 0.309375
2 0.4935521688159437 0.715625 0.05451348182883939 0.346875
2 0.705158264947245 0.66875 0.06799531066822978 0.3458333333333333
2 0.37924970691676435 0.8552083333333333 0.09906213364595545 0.28020833333333334
2 0.5228604923798359 0.38125 0.07151230949589683 0.20104166666666667
2 0.7280187573270809 0.6104166666666667 0.06213364595545135 0.2989583333333333
3 0.7467760844079718 0.8729166666666667 0.07327080890973037 0.25416666666666665
3 0.7895662368112544 0.3927083333333333 0.04337631887456037 0.23333333333333334