2 0.36051817773634914 0.6829731331215193 0.11552956649092365 0.30330918939264107
2 0.5940540155457491 0.38953277381689894 0.08900595434816369 0.23796219696869844
2 0.7048544335772456 0.5047372137533548 0.13317599999535878 0.3059379935049814
2 0.45277132148164223 0.7519207732741828 0.10608447859771708 0.3404819069252371
2 0.5156820565194943 0.3066252727336636 0.06728458273450295 0.2560212673152898
2 0.8722547793916408 0.5276438766341898 0.11916445906412859 0.3471319188298421
2 0.8326769214788575 0.5590522456813379 0.12336726089221525 0.2910637424228445
2 0.7572075676192728 0.4968689837756346 0.10090363189869674 0.3236697813841687
2 0.5746416051474884 0.33289567208504045 0.07666823126160983 0.21676521644936056
2 0.5021313108340121 0.24980634740880284 0.0711752027454296 0.22908339285635826
3 0.9431776201598479 0.7439938052065597 0.07579811016289126 0.26669248701215953
3 0.6780044944204225 0.18398952002996885 0.07906935152615951 0.2584682478346277