2 0.18053927315357562 0.528125 0.07327080890973037 0.18020833333333333
2 0.20457209847596716 0.49270833333333336 0.050996483001172335 0.221875
2 0.276084407971864 0.5677083333333334 0.06037514654161782 0.17708333333333334
2 0.28487690504103164 0.384375 0.04279015240328253 0.17291666666666666
2 0.3903868698710434 0.5458333333333333 0.08030480656506447 0.18645833333333334
2 0.44958968347010553 0.44895833333333335 0.05216881594372802 0.175
2 0.6436107854630715 0.41875 0.04337631887456037 0.153125
2 0.7608440797186401 0.5833333333333334 0.05275498241500586 0.18645833333333334
2 0.9232121922626025 0.6864583333333333 0.05920281359906213 0.2125
2 0.6219226260257913 0.3177083333333333 0.049824150058616644 0.165625
3 0.2801875732708089 0.7583333333333333 0.045134818288393906 0.22708333333333333
3 0.46365767878077374 0.3125 0.027549824150058615 0.16041666666666668
3 0.9695193434935522 0.5458333333333333 0.045134818288393906 0.20208333333333334