2 0.3223915592028136 0.6072916666666667 0.047479484173505275 0.23854166666666668
2 0.5779601406799532 0.32916666666666666 0.053927315357561546 0.203125
2 0.7848769050410317 0.5458333333333333 0.06740914419695193 0.24166666666666667
2 0.6975381008206331 0.46770833333333334 0.05216881594372802 0.25104166666666666
2 0.5169988276670574 0.4635416666666667 0.05216881594372802 0.23229166666666667
2 0.515240328253224 0.6760416666666667 0.056858147713950764 0.35
2 0.9284876905041032 0.571875 0.053927315357561546 0.2375
2 0.7303634232121923 0.24479166666666666 0.04220398593200469 0.21145833333333333
2 0.21101992966002345 0.7052083333333333 0.03751465416178194 0.284375
2 0.5199296600234466 0.65 0.04630715123094959 0.24895833333333334
3 0.37514654161781946 0.8104166666666667 0.07913247362250879 0.27395833333333336
3 0.34759671746776083 0.28229166666666666 0.041031652989449004 0.17604166666666668