2 0.22249270976009428 0.349290358317482 0.06539579562837876 0.2739855113925059
2 0.48004680099186403 0.6712023048287894 0.09207401688770037 0.32948579185343785
2 0.5404542968682089 0.5648582452703015 0.080874903714744 0.28935688924063235
2 0.4409281351183228 0.37309576616432205 0.06294879552906385 0.2676142737748454
2 0.5593866914935564 0.48347586073608845 0.08125012916682336 0.31227355590729905
2 0.48530799198177393 0.4931985424464499 0.06953934492284972 0.24089465329449358
2 0.03479025230380718 0.29875418307373747 0.06958050460761436 0.2183416994808083
2 0.6717259855504952 0.5017952663837916 0.12831752803273833 0.11071349802033267
2 0.6563941061946434 0.47076857913125 0.07514968462090361 0.2973871285298145
3 0.6638733141815335 0.5514315535308102 0.11283489580635786 0.309743597079049
3 0.05329977850998865 0.25609532163268184 0.06598823469044819 0.23862946353466943