2 0.17233294255568582 0.6260416666666667 0.053927315357561546 0.24166666666666667
2 0.7661195779601406 0.6822916666666666 0.06096131301289566 0.25
2 0.597303634232122 0.5791666666666667 0.056858147713950764 0.23854166666666668
2 0.2508792497069168 0.30833333333333335 0.03048065650644783 0.19166666666666668
2 0.3892145369284877 0.465625 0.06037514654161782 0.20520833333333333
2 0.4296600234466589 0.41041666666666665 0.05627198124267292 0.20416666666666666
2 0.37749120750293086 0.328125 0.05216881594372802 0.171875
2 0.5240328253223916 0.38645833333333335 0.07033997655334115 0.196875
2 0.4331770222743259 0.28541666666666665 0.06037514654161782 0.17604166666666668
2 0.5093786635404455 0.2947916666666667 0.043962485345838215 0.165625
3 0.07268464243845252 0.7427083333333333 0.07444314185228605 0.23541666666666666
3 0.4771395076201641 0.20625 0.03985932004689332 0.15729166666666666