2 0.4771395076201641 0.3614583333333333 0.11254396248534584 0.2125
2 0.6811254396248535 0.46770833333333334 0.07444314185228605 0.26666666666666666
2 0.5474794841735052 0.5739583333333333 0.06799531066822978 0.2864583333333333
2 0.16998827667057445 0.7302083333333333 0.07444314185228605 0.2760416666666667
2 0.6764361078546307 0.7052083333333333 0.09437280187573271 0.28854166666666664
2 0.30128956623681125 0.5364583333333334 0.0955451348182884 0.26875
2 0.2995310668229777 0.565625 0.08675263774912075 0.303125
2 0.5205158264947245 0.35520833333333335 0.09671746776084408 0.19270833333333334
2 0.9660023446658851 0.5125 0.06799531066822978 0.2635416666666667
2 0.335873388042204 0.45625 0.06330597889800703 0.23333333333333334
3 0.6910902696365768 0.22291666666666668 0.04630715123094959 0.22395833333333334
3 0.6148886283704572 0.821875 0.041031652989449004 0.23333333333333334
3 0.20046893317702227 0.33958333333333335 0.04865181711606096 0.22604166666666667