2 0.6809585057757821 0.6455455701625537 0.13360607555805654 0.32695214447096105
2 0.7709566501917828 0.6041557959682297 0.07899295720007565 0.37854456961618627
2 0.8701184203668799 0.5562506175830345 0.08510536436391414 0.34787676647303317
2 0.7300985355642289 0.44802277887452086 0.07362779240275608 0.3552397717116217
2 0.5469049072017127 0.4422121441917652 0.08084610815638929 0.36207196856846857
2 0.3787872289407671 0.2734677339367424 0.06357828082187528 0.2920605420453004
2 0.4730371520843004 0.2771122084327711 0.0814704717907092 0.30393270085408425
2 0.20727624034743494 0.34655836172978266 0.06999289982955101 0.3112957060926727
2 0.19111930658937706 0.27456063468275554 0.08276568346546422 0.3081964003302254
3 0.028351838165766544 0.2475799239038739 0.05031398225716464 0.2784931811410811
3 0.7193316283327104 0.9055481797601319 0.0938796042166854 0.18890364047973615
3 0.9785962000717012 0.3662449969589056 0.04280759985659746 0.29763131237897916