2 0.3476205496852299 0.6214801191915721 0.0728199702626089 0.21182268979418098
2 0.6800476210160051 0.3503609930510834 0.07380122757766447 0.20351359823890836
2 0.1605448629502738 0.7415112844790893 0.09633628774991809 0.266449950243999
2 0.7889879970004767 0.4254957824102944 0.07358427277260968 0.2451560231275143
2 0.40329741431608196 0.5455846329832077 0.08676654858197241 0.25792268268618085
2 0.5842924868090876 0.5180921085825997 0.06499579091971962 0.22831966401442366
2 0.9327510393247164 0.5117623708889595 0.0822205235323749 0.26407571557393866
2 0.8069720714308241 0.3155033468596881 0.060427876140801334 0.1824136053469085
2 0.46269329826676137 0.504124751219995 0.09502064808673738 0.2601757084659385
2 0.4970143910843414 0.49338155033944914 0.07714904050715177 0.24731208179502956
3 0.24279326038432045 0.9018787377996961 0.08547678809634629 0.19624252440060796
3 0.29654049721501047 0.3101543858476331 0.0571497218475097 0.19275754667939335