3 0.62646875 0.8197314814814814 0.05217187500000004 0.22464814814814804
2 0.1176875 0.40975925925925927 0.042947916666666655 0.21951851851851856
2 0.40677083333333336 0.33266666666666667 0.04610937499999999 0.1875555555555555
2 0.36407291666666663 0.49907407407407406 0.08155208333333329 0.22408333333333333
2 0.45802604166666666 0.5619444444444445 0.06319791666666662 0.23499999999999996
2 0.5460989583333333 0.6457685185185185 0.1122708333333333 0.21745370370370362
2 0.6254479166666667 0.6307314814814815 0.05510416666666676 0.2568333333333334
2 0.5627708333333333 0.5584166666666667 0.09120312500000007 0.21637037037037044
2 0.5565 0.43450925925925926 0.04351562500000009 0.200037037037037
2 0.6631145833333334 0.41550000000000004 0.07054687499999991 0.20600000000000002
2 0.7550416666666667 0.3378055555555555 0.044765624999999906 0.16635185185185183
3 0.8458749999999999 0.3726851851851852 0.035020833333333216 0.19444444444444445
1 0.7868645833333333 0.24910185185185182 0.03548958333333327 0.0722685185185185