1 0.011244791666666665 0.2641851851851852 0.022484375 0.0654074074074074
3 0.068875 0.30622222222222223 0.03281770833333333 0.1346666666666667
3 0.32914583333333336 0.7976018518518518 0.04710937500000002 0.20261111111111105
2 0.24081770833333332 0.7409722222222223 0.08711458333333333 0.24491666666666667
2 0.23133854166666667 0.48642592592592593 0.06190625000000001 0.19876851851851854
2 0.2998385416666667 0.5721759259259259 0.053078125000000045 0.2073240740740741
2 0.36959895833333334 0.4485185185185185 0.06551562499999998 0.2007407407407407
2 0.37379166666666663 0.3831574074074074 0.08303125000000004 0.14780555555555555
0 0.47067708333333336 0.3633796296296296 0.015593750000000028 0.023055555555555534
2 0.44231770833333334 0.3492685185185185 0.06928124999999999 0.13926851851851849
2 0.44593750000000004 0.5909537037037037 0.05361458333333336 0.21523148148148152
2 0.5386302083333334 0.7298703703703704 0.05775000000000006 0.22270370370370368
2 0.8366979166666667 0.38419444444444445 0.07888020833333324 0.17208333333333337