3 0.3377005347593583 0.7579144871429484 0.0839572192513369 0.295545056350114
3 0.2858288770053476 0.2204281083327418 0.07058823529411765 0.2117566098241883
0 0.4959893048128342 0.31188589624556934 0.016577540106951873 0.034391970270094725
3 0.8868983957219251 0.4204858643141926 0.06844919786096257 0.22028962187813897
2 0.8393048128342246 0.6937917453533323 0.09090909090909091 0.28611124626222667
2 0.7449197860962566 0.6068400789670525 0.09572192513368984 0.2728530337796207
2 0.6510695187165776 0.5636091180657432 0.07647058823529412 0.26599995215110883
2 0.6005347593582888 0.49093781095275396 0.07593582887700535 0.25934042949919733
2 0.5205882352941177 0.2788368276416682 0.06631016042780749 0.2715982993313293
2 0.5042780748663102 0.29611576662382993 0.04759358288770053 0.14497888484142113
2 0.5310160427807487 0.28443240969365147 0.09786096256684491 0.3289588049956319
2 0.5358288770053476 0.5567210404272079 0.10106951871657754 0.2900186025040595
2 0.41497326203208557 0.48572753238279337 0.1481283422459893 0.2876535540471812
2 0.08983957219251337 0.6155157838324711 0.1213903743315508 0.3168447218318316
1 0.33689839572192515 0.1505083338584583 0.04331550802139037 0.08219700020407546