3 0.844186865711975 0.17019969663545567 0.05880951420473271 0.1944326406267678
2 0.7031718958070234 0.3923503393807773 0.11160950658050908 0.2387138294957835
2 0.7628779041353437 0.5945293023874922 0.10117699791969026 0.2664369519943838
2 0.7116290083460997 0.2332063005072324 0.09798716592996172 0.20577185343667523
2 0.26619716080209455 0.5519538966091958 0.09040645865530035 0.24247021365799398
3 0.6164352150748901 0.7555987925168085 0.07604994289656017 0.18268348826507755
0 0.2965853871817636 0.4999459635678414 0.017513453410096413 0.03000035062041715
2 0.5978038561354575 0.5977292712832549 0.0816044235284013 0.26325243505265083
2 0.6424428275766372 0.20459646152279198 0.08845745628339999 0.20070336128281216
2 0.36793716585172453 0.3471095729510236 0.09173140452830007 0.18880963064550174
2 0.54550687657933 0.4605873630751117 0.05942667871938167 0.20338474582538704
3 0.22171126801772967 0.32774711022295683 0.07320464209893289 0.17470228632764742
1 0.0994977699717939 0.26389848884998296 0.03674188800500536 0.06598226534563827