1 0.6213964467567502 0.361531190926276 0.034797278588504746 0.06805293005671077
3 0.6539948901933124 0.40784499054820417 0.03456244436608547 0.15879017013232513
3 0.5455116198400389 0.9035916824196597 0.05807810493693359 0.19281663516068054
3 0.05343976587225801 0.4007561436672968 0.04205876632192329 0.17391304347826086
2 0.02375947251705595 0.5146502835538752 0.044832840632032515 0.20888468809073724
2 0.4067966384952069 0.3700378071833648 0.05692453203027509 0.16540642722117202
2 0.5001090199459319 0.35822306238185253 0.05214348716837191 0.16729678638941398
2 0.49947069632838215 0.4881852551984877 0.06387656073119605 0.1767485822306238
2 0.5149534781642878 0.505671077504726 0.05175701802002869 0.21172022684310018
2 0.4121702974043431 0.5491493383742911 0.05868428999834999 0.21550094517958412
2 0.5617590715334002 0.5860113421550095 0.05388158300417183 0.2107750472589792
2 0.6414691181389685 0.6436672967863895 0.06612490932833816 0.21361058601134217
2 0.6510900050789495 0.6578449905482041 0.06779182958666365 0.23534971644612476