3 0.7083027624584392 0.37016644982725416 0.0461312829761611 0.1733905575243947
2 0.38435343411838174 0.5765956389125451 0.0996973373788761 0.20951556904796362
3 0.5669253217766276 0.7555486809745244 0.05115067639860955 0.1764067239950454
2 0.24362559694461294 0.33939936061970344 0.04109249613126407 0.1674099641762734
2 0.43651443844683424 0.6091608888262562 0.07705531355823748 0.2300308545991008
3 0.08942298644882336 0.25057389613623426 0.04166744510926808 0.17038013989743053
1 0.6685607575924677 0.28262707927554703 0.02926382838955937 0.05761119283613605
2 0.5480312545441604 0.3303201405244431 0.06454218999928824 0.18543797687593763
2 0.5082732831034656 0.282803407240429 0.06284966543602359 0.18146816117491707
2 0.42620278141310614 0.2643825869806622 0.04884441601244387 0.163537878817927
2 0.47352559220594614 0.3641961267987252 0.0662088566659549 0.1854552234069978
2 0.41809628850695607 0.42653277886987245 0.07832118282763581 0.16878327899577342
2 0.35678840015558616 0.4820127977522994 0.07418056866821744 0.21517997599331531
2 0.3277896152061559 0.46551331865167656 0.06813410229860122 0.22499816163766262