3 0.6619375 0.7364861111111111 0.03957031250000007 0.1158194444444445
1 0.3457734375 0.26366666666666666 0.032242187499999984 0.05919444444444445
2 0.19440624999999997 0.49033333333333334 0.045890624999999984 0.15659722222222222
3 0.0706796875 0.6361249999999999 0.038015625 0.21206944444444453
0 0.35065625 0.25575 0.015601562500000022 0.025513888888888895
2 0.313421875 0.44254166666666667 0.05735937499999997 0.18599999999999994
2 0.35548437499999996 0.44379166666666664 0.04642968749999996 0.2579722222222222
2 0.3239296875 0.5919722222222222 0.07837499999999994 0.22097222222222226
2 0.3900234375 0.4706111111111111 0.05561718750000004 0.18890277777777775
2 0.439453125 0.4779166666666667 0.05290625000000002 0.1641805555555556
2 0.4788046875 0.6311805555555554 0.06389843749999997 0.20449999999999993
2 0.519421875 0.3240416666666667 0.055289062499999986 0.14806944444444448
3 0.6100156250000001 0.27544444444444444 0.04246093749999993 0.18052777777777781
2 0.812453125 0.6915138888888889 0.07494531249999996 0.24183333333333343
2 0.7984140625 0.4224583333333334 0.053382812499999946 0.1851944444444445