3 0.5372061686595987 0.7616713941571873 0.05495002581651518 0.10542908982963692
3 0.8222371153101368 0.35807630055861994 0.046070690185728125 0.26034702884495536
3 0.055453020385274235 0.133557853879358 0.06477252498320818 0.23926495020641592
2 0.31754648011488357 0.4827900734791752 0.12371077736165739 0.2596318654905435
2 0.29330601625999436 0.4589818544068162 0.10576786853140585 0.25184740587651594
2 0.48077885637766576 0.4039317231659419 0.07925282434408297 0.23181647468481434
2 0.5364133478822591 0.35131494343602104 0.12711878262632387 0.25814747539820876
2 0.5523500178250716 0.1744224220630685 0.05275267221259011 0.2163448140098302
2 0.5575982517937941 0.2656653033605931 0.0613347356068816 0.23163079926531582
2 0.678423305653878 0.500207918479227 0.06410295135096016 0.2954871115592868
2 0.5980795349758005 0.5419299914241665 0.07685194597714667 0.2804221684698709
2 0.5066681497800718 0.7066418472374391 0.06635987317820573 0.20280846944596295
1 0.6662380115799831 0.18168181458550398 0.04636299840361391 0.08862334773524556
0 0.4884431452092076 0.40857056886244436 0.02314675107153672 0.03367337599528227