0 0.5110390625 0.37581944444444443 0.019015624999999935 0.03340277777777771
2 0.47466406250000004 0.40447222222222223 0.055648437500000016 0.21769444444444447
3 0.20392968749999998 0.2298888888888889 0.06999218750000002 0.19787499999999997
3 0.9505078125 0.7487083333333334 0.08099999999999988 0.23552777777777775
2 0.5677890624999999 0.24063888888888887 0.041000000000000016 0.19555555555555557
2 0.42974218750000004 0.563875 0.09303124999999998 0.25473611111111105
2 0.4846328125 0.6315972222222223 0.09567187500000003 0.2512777777777778
2 0.3402578125 0.42215277777777777 0.10826562500000003 0.22923611111111117
2 0.24769531250000001 0.4144861111111111 0.059304687499999974 0.22977777777777775
2 0.14115625 0.5455277777777777 0.06004687500000001 0.2497916666666667
2 0.687421875 0.40831944444444446 0.06599218750000002 0.20950000000000005