2 0.7676101142367144 0.775523486615141 0.11110851598678104 0.3540178885432937
2 0.6571661553449446 0.450008640765625 0.0844073424245919 0.32905120112425684
2 0.6323121972826173 0.4595252731543814 0.09782189839920968 0.3610818699366559
2 0.7095960761243347 0.4669566720435146 0.11161315009798413 0.3313901291089428
2 0.5744132091151445 0.4513789593489241 0.10523730895826601 0.32823786971807817
2 0.4742340779373773 0.698308189083504 0.10901254314980893 0.420866374840368
2 0.27238581381385113 0.648439376006465 0.11742712153229416 0.3396804360000021
2 0.14674463139762148 0.5422249317205305 0.08435347363004599 0.31259029577446257
2 0.08148636362196447 0.8494946246355041 0.13755381277487733 0.3007952755508082
3 0.6291489489537049 0.20028995558158694 0.058106432184173 0.2495637501556426
3 0.6289619515234525 0.8505196585849242 0.09400962941141673 0.2571364923863825
1 0.5907676471281794 0.14358622797615797 0.04895452467634119 0.10544104702069983
0 0.5858015304514703 0.1292338118788258 0.021550075823060857 0.04240253055864749