2 0.8446755398028943 0.6613832853025937 0.09654333615327082 0.28097982708933716
3 0.6378958465181662 0.8263688760806917 0.05701368526618167 0.08789625360230548
2 0.6936706697216959 0.6217579250720461 0.08590476868500417 0.24927953890489912
2 0.4781748896071949 0.7262247838616714 0.07109647208766645 0.18155619596541786
2 0.42172695764515794 0.6412103746397695 0.08119339960392691 0.2953890489913545
2 0.38600509144591233 0.41354466858789624 0.09735842353561361 0.2824207492795389
2 0.3358822021916006 0.37680115273775217 0.07785761630067001 0.2665706051873199
2 0.5155562988319318 0.44668587896253603 0.089174547436111 0.2579250720461095
2 0.5338276732259593 0.3112391930835735 0.05639661154028977 0.14697406340057637
3 0.6329005942240808 0.2478386167146974 0.07123791041370263 0.22478386167146974
2 0.7330544378207807 0.34942363112391933 0.09638775399463116 0.2334293948126801
2 0.6200142379674373 0.4711815561959654 0.08028873461509464 0.2665706051873199
1 0.2618161395896363 0.1037463976945245 0.04728921200848313 0.08789625360230548