3 0.10937990491777283 0.37861993223860896 0.06694255513055063 0.1996865039176928
2 0.033529599028277936 0.6333257984694135 0.0636534797065472 0.22465159693882697
2 0.3939143117799567 0.4625637541229523 0.08390434635738289 0.23286103881202144
2 0.5087981219366774 0.2047622270640091 0.05391988506080937 0.16855269383204075
2 0.727816462066479 0.43952245394556533 0.09064265094737677 0.23193085276975284
3 0.649122848753942 0.6836992310273151 0.06527023564697966 0.20366905042825964
2 0.9046652775106071 0.4913521614211107 0.09348105570484784 0.24095994191880754
0 0.6292628843677801 0.19351015155845902 0.018643916041545187 0.032191988383761555
2 0.6154665295528221 0.3553617968982796 0.09226921221895149 0.21394830625918576
2 0.6108023757402224 0.38931234534488657 0.07596073516892063 0.20877958919466802
2 0.5996348707190359 0.3241988976635729 0.07488943476272693 0.2247679535350461
2 0.6004920880619611 0.2427105333231948 0.040782819461077285 0.10241888374638876
2 0.6303212982821189 0.2595188783031755 0.06532253074640394 0.21966905042825988
3 0.6871117106885359 0.18910938802898744 0.05846983062641955 0.18559923647052837
1 0.5931296980055907 0.13863781045055787 0.03726168453337849 0.056383976767523054