2 0.45365004624609184 0.5627099667494071 0.11776110979931792 0.2221776595395328
2 0.6557941951154054 0.3695906701407313 0.06865451117289874 0.19732648147547033
2 0.1329254301718483 0.6899995790953868 0.08506216422660211 0.2115402948875861
2 0.41464106670239076 0.47242466564809654 0.07186752405775247 0.20578613220474531
2 0.5450414668632025 0.3740619686658193 0.07777335827665387 0.22363631584512034
2 0.6577842039465165 0.5933788890825018 0.09393604178363937 0.20039694573663697
3 0.9778771015980396 0.4450354795216602 0.04424579680392071 0.23737075751251313
3 0.6674819759723764 0.748431318101117 0.13438311120639906 0.269163008532173
2 0.17027743441990276 0.44648882947554663 0.059799006331865266 0.2112788193904645
2 0.6458624835806756 0.5810840377990314 0.10292015563669961 0.2061075291699573
2 0.6525532544205771 0.2763986391022905 0.044431367643804294 0.11468434445160039
2 0.47373143289221714 0.2937412775519864 0.06605355341887006 0.20198089238459502
3 0.3202005127005844 0.35581832322642043 0.06344034718750544 0.20476264411768988
0 0.6322854472310486 0.5973281730283526 0.024455495862507153 0.0377037642053407
1 0.6662554689269276 0.19883036326417797 0.03413740418774332 0.06963702350927074