1 0.6772972900397997 0.2425 0.03954155998175456 0.066
3 0.7686593218451092 0.393 0.05067329940508816 0.206
3 0.31949749037475417 0.2225 0.04941569770719525 0.165
3 0.2712992366258774 0.7885 0.06059608922023676 0.148
0 0.27787668966703327 0.409 0.016961791226832335 0.033
2 0.29838721031013243 0.4075 0.09612662228319185 0.19
2 0.33754001277291973 0.3745 0.08003713096200045 0.252
2 0.3144019019919039 0.3205 0.04106717406419683 0.189
2 0.237545102721492 0.287 0.04442815524990881 0.186
2 0.17265181047447797 0.6325 0.08175194021385354 0.261
2 0.33533983962953473 0.532 0.05751292575021662 0.236
2 0.5724431919257843 0.4385 0.08388473569509872 0.226
2 0.6656442338440799 0.542 0.06255276330692733 0.231
2 0.7241627165602074 0.514 0.04966736787317469 0.242
2 0.8846551006714476 0.7415 0.08176174554499575 0.264