3 0.0414296875 0.1655138888888889 0.07941406250000001 0.19502777777777777
2 0.3098125 0.17436111111111113 0.06969531250000002 0.2336388888888889
2 0.33240625 0.2959027777777778 0.09256250000000002 0.24655555555555553
2 0.50890625 0.5519583333333333 0.07967187500000002 0.20576388888888886
2 0.5532734375 0.5092916666666667 0.10070312500000007 0.21431944444444453
2 0.7269140625 0.22623611111111108 0.06255468749999996 0.23026388888888885
2 0.7636171875 0.32234722222222223 0.090828125 0.23111111111111116
2 0.8192187499999999 0.633125 0.09092187500000008 0.2631527777777778
2 0.8895078125 0.6795 0.07525781249999994 0.2664027777777777
3 0.4821328125 0.6846527777777777 0.060843749999999905 0.21806944444444434
3 0.8282890625 0.09529166666666666 0.07782031250000002 0.19058333333333333