3 0.33614610050254334 0.8560450819672131 0.06344633545731455 0.28790983606557374
3 0.21093958262494295 0.31813524590163933 0.05721724466542453 0.2151639344262295
0 0.44406647606685107 0.33350409836065575 0.015173966462031573 0.03278688524590164
3 0.8693111734479663 0.29610655737704916 0.05440063044288219 0.22438524590163936
2 0.8554935658610796 0.6029713114754098 0.07267909967703641 0.29200819672131145
2 0.7449479117256765 0.5476434426229508 0.08004514518395565 0.27459016393442626
2 0.6407449632324534 0.538422131147541 0.05875630743942171 0.27459016393442626
2 0.5779453079001552 0.48155737704918034 0.058702746779034386 0.26639344262295084
2 0.4653517647170782 0.2889344262295082 0.04616503041680408 0.2848360655737705
2 0.45084040987430374 0.3135245901639344 0.03893877543127057 0.14754098360655737
2 0.47744466119590645 0.29047131147540983 0.0764326223502865 0.33811475409836067
2 0.5184346732161252 0.5758196721311475 0.08418657953894665 0.29200819672131145
2 0.3818869220824084 0.5476434426229508 0.13756915432841002 0.2725409836065574
2 0.057363809129638337 0.8099385245901639 0.10332121312716282 0.3145491803278688
1 0.2552061540332161 0.22438524590163936 0.040209631797267185 0.0778688524590164