3 0.37303370786516854 0.854 0.0853932584269663 0.292
3 0.8606741573033708 0.285 0.05561797752808989 0.226
0 0.4202247191011236 0.2975 0.017977528089887642 0.034
1 0.2640449438202247 0.259 0.042134831460674156 0.077
2 0.30280898876404494 0.8165 0.08258426966292134 0.251
2 0.29691011235955056 0.633 0.06741573033707865 0.202
2 0.3831460674157303 0.507 0.09550561797752809 0.287
2 0.41797752808988764 0.3625 0.05786516853932584 0.191
2 0.4598314606741573 0.28 0.052247191011235955 0.22
2 0.727808988764045 0.6045 0.07191011235955057 0.356
2 0.8345505617977528 0.3505 0.048314606741573035 0.237
2 0.6558988764044944 0.4545 0.056741573033707866 0.261
2 0.5595505617977528 0.4285 0.07921348314606741 0.249
2 0.5547752808988764 0.5745 0.06123595505617978 0.284