0 0.31353125 0.48211111111111105 0.028380208333333337 0.045712962962962914
3 0.29272916666666665 0.3548611111111111 0.08260937500000004 0.2949074074074074
1 0.41582291666666665 0.19324074074074074 0.05379687499999998 0.10485185185185186
2 0.3763958333333333 0.549074074074074 0.12702604166666673 0.33517592592592593
2 0.27833854166666666 0.6807222222222222 0.08508333333333332 0.37625000000000014
2 0.5397968750000001 0.35783333333333334 0.07050000000000006 0.31566666666666665
2 0.5918854166666667 0.4441111111111111 0.05175000000000007 0.3252685185185185
2 0.5887864583333333 0.5606666666666666 0.11847916666666668 0.3139259259259259
2 0.6770156249999999 0.5305833333333333 0.09833333333333343 0.3352407407407407
2 0.9059270833333334 0.6159814814814815 0.1360833333333332 0.34307407407407403
2 0.8116458333333333 0.677787037037037 0.11002083333333346 0.3815