3 0.49790952739097455 0.765058819081934 0.05694089067472703 0.1067191609024639
3 0.7822513417011348 0.46750967129918325 0.06095677601845377 0.24289491675506997
3 0.09946447167409057 0.09926661217199892 0.07549144334818114 0.1959797570549487
2 0.31586327303468026 0.460639221408845 0.1298158640197263 0.2609837677346249
2 0.2953780503659985 0.4338301417002392 0.11333688868554459 0.24953327173066542
2 0.4687564610319758 0.4283901470754292 0.08818234735040828 0.22540500268759509
2 0.523207603695885 0.3934103189404791 0.13294086401972632 0.2610484124761197
2 0.5487428583505674 0.2370153547987414 0.06383632801559021 0.20545956149656497
2 0.5477348890237035 0.32170525465021615 0.07175791601686292 0.22228784001696894
2 0.6426533133752252 0.5618309607468212 0.07993404268777163 0.27800500742626183
2 0.5670038780434299 0.5804022146544584 0.08924540802036277 0.26847671942852414
2 0.473708685053293 0.7076214584835907 0.07471019334818116 0.19596359586957499
1 0.65168631868634 0.2710849951198312 0.04824714334022691 0.09126361008557526
0 0.47582407369906665 0.4340911532993483 0.022883516669318028 0.03519089659806032