0 0.4057231097683633 0.6508330797863497 0.02746260286173255 0.04891515281755402
3 0.17664272312431464 0.788469852155874 0.0862822876736471 0.29419723857309354
3 0.3557154618959475 0.10042078097832385 0.04924538657572311 0.18743406732404932
2 0.437411074325099 0.1641660655574329 0.09216563158440032 0.2669035072792891
2 0.5829956164248733 0.1953333300213115 0.05458325731947915 0.25435641835576017
2 0.684742707833327 0.3895743439535331 0.08543897339004794 0.29722791056426223
2 0.6698978375446681 0.41632481815063294 0.10420037641084846 0.2943829139925921
2 0.6218435309952992 0.46393683545202963 0.09146130982188229 0.3124873707598195
2 0.7706474456525588 0.4357982164520118 0.07702568662849765 0.333613657831573
2 0.46820062946459157 0.5779947659700804 0.1278826726121624 0.2308006939845476
2 0.41025957594665247 0.6029121100842825 0.12631518049160492 0.27333620210062376
2 0.2682167831739623 0.48051964769616484 0.09473032256546773 0.2684497891781232
2 0.17117550345664484 0.5514364145631084 0.07858325071183497 0.2880386360376853
1 0.8102925761388283 0.038486015633678636 0.05061928197048932 0.07697203126735727