3 0.31924488137184154 0.9026943684235745 0.07019126646878768 0.19220955726866748
0 0.8957955448499706 0.5518088298249725 0.02185611940380726 0.03600842668514339
2 0.9278642864571964 0.7194465804333239 0.07591377870400334 0.28027355949121063
3 0.9260198823248779 0.4046412354190914 0.04355450795812341 0.1899996214265624
2 0.7970829173855746 0.4458581265408498 0.06929085992468245 0.2492582655282209
2 0.7219281672241644 0.4808622180023417 0.06922129891607295 0.22798166978354004
2 0.5600851102381373 0.3476630928051911 0.08756992336050287 0.18852113420672423
2 0.4621153396443024 0.3858157830557931 0.05455370960065026 0.22976398950801225
2 0.3449520518583639 0.620571615677672 0.0738315597173282 0.3082974750431992
2 0.38633210324516865 0.5610407297787726 0.06659560166852838 0.25599995880766485
2 0.5098249811596399 0.600035553151197 0.059603107149860945 0.2781705276785137
2 0.6541488594806664 0.7770556846647345 0.1221442113822209 0.29139011223195654
2 0.1996443399483921 0.6413102332072362 0.05195646912935474 0.26648634042768854
1 0.29307602908576846 0.29557745021604304 0.04210393707319969 0.07876979970545805
3 0.21379004052329878 0.39678411165965527 0.05181418524810857 0.22296603094993217