2 0.042007812500000005 0.3123472222222222 0.072953125 0.2327222222222222
2 0.007625 0.5708194444444444 0.0152421875 0.033611111111111175
2 0.015609375 0.6965833333333333 0.03121875 0.03204166666666674
3 0.3267265625 0.7637638888888888 0.034757812500000006 0.06147222222222221
2 0.7740234375 0.44556944444444446 0.12032031250000008 0.2584305555555556
2 0.597671875 0.6354166666666666 0.08532812500000002 0.2276249999999999
2 0.362109375 0.6898611111111111 0.10032031250000002 0.20997222222222214
2 0.27165625000000004 0.4857222222222223 0.10864843749999994 0.23070833333333335
2 0.4293984375 0.4611388888888889 0.0890625 0.21240277777777783
2 0.4497890625 0.33665277777777775 0.06560156250000002 0.18256944444444448
3 0.6279140625 0.2915416666666667 0.05553906249999994 0.17258333333333337
0 0.665921875 0.35672222222222216 0.018710937500000035 0.03443055555555555
1 0.62040625 0.20068055555555556 0.03909374999999997 0.07994444444444444