3 0.5882206353652207 0.8428019321961515 0.08232568281584521 0.29262587582608357
3 0.7465499435064871 0.38132846863040426 0.06961458614638519 0.20951134736112237
0 0.534153206268384 0.3307845011213911 0.01662375551581323 0.03423796389599022
3 0.15148805394064133 0.18018550040097073 0.06755359380840716 0.21794209668892242
2 0.13932360100904057 0.4624577197581768 0.08914242327368059 0.2833521175352156
2 0.24396255827347918 0.4429644246170697 0.09434723557602602 0.27027901069405813
2 0.3393482275772291 0.46283288756544044 0.07526267667612414 0.26423485068945646
2 0.4009578413506816 0.42832232466752507 0.07468432301064652 0.2566909372681107
2 0.5183142372701038 0.2847817707722318 0.06471760594639644 0.26966543348664884
2 0.5297851412540193 0.31091735756725997 0.046967555622910565 0.14407941304313598
2 0.5074799897076373 0.2826739185160018 0.09629777904410851 0.32586743645715355
2 0.4471213991560114 0.5305161012513423 0.09974906042387967 0.2873377305948969
2 0.5729857586614661 0.5425400002397059 0.1462791237744905 0.2835938254209606
2 0.845775616838283 0.8566058418534317 0.11944275619949482 0.2867883162931366
1 0.7141122162475353 0.2841276651070353 0.042851356902048804 0.0809142036511551