2 0.8554486567433593 0.7043726235741445 0.0664505182187044 0.20627376425855512
2 0.6724619345707797 0.48954372623574144 0.07556631642110444 0.21387832699619772
1 0.657419206720769 0.2656844106463878 0.03229400780606097 0.06368821292775666
3 0.6588694834182866 0.3127376425855513 0.030487862239094384 0.16539923954372623
2 0.616459981049935 0.4443916349809886 0.0622315549921848 0.22433460076045628
2 0.5644965446973023 0.47243346007604564 0.043496310618459766 0.21863117870722434
2 0.5226717581796018 0.5071292775665399 0.046655088545210985 0.20342205323193915
2 0.4866451455824158 0.6492395437262357 0.06860822248547756 0.21197718631178708
2 0.4497216824796191 0.7385931558935361 0.06489290722788318 0.22053231939163498
3 0.6493469685071709 0.7713878326996197 0.05627764585547254 0.20247148288973385
2 0.2895137450961425 0.42633079847908745 0.040719846242116685 0.18726235741444866
2 0.24433591273755048 0.4234790874524715 0.05948931314414141 0.20342205323193915
3 0.08834484820298295 0.375 0.07274940723858879 0.17015209125475286
3 0.10437776072669454 0.6230988593155894 0.06385449990066908 0.2300380228136882