3 0.13798616942565514 0.16816816816816818 0.07835163148393078 0.23873873873873874
3 0.3431521041310851 0.6396396396396397 0.07398371181770842 0.1921921921921922
0 0.5439656016508033 0.29504504504504503 0.02122642065289093 0.04504504504504504
2 0.3148949632250223 0.12012012012012012 0.060620527648302815 0.23123123123123124
1 0.26364769861209997 0.04804804804804805 0.039908614080290374 0.08558558558558559
2 0.3420434788888626 0.3003003003003003 0.06486581177888098 0.24024024024024024
2 0.26583985982458963 0.46096096096096095 0.0725230205624842 0.26126126126126126
2 0.4328587118753981 0.4827327327327327 0.09204838431028838 0.30180180180180183
2 0.5481866397566659 0.42567567567567566 0.07927819396857361 0.26426426426426425
2 0.5877546081302791 0.536036036036036 0.10466650658780455 0.2927927927927928
2 0.6245867567603828 0.4542042042042042 0.08090076413084803 0.24474474474474475
2 0.6987462205021789 0.3130630630630631 0.09102371339713039 0.24624624624624625
2 0.7709304859038721 0.3415915915915916 0.09699458153992419 0.2672672672672673
2 0.837065958584786 0.5833333333333334 0.07335638004003732 0.25825825825825827
3 0.84573227877003 0.268018018018018 0.06728740346872852 0.2072072072072072