1 0.3408738716740835 0.39184096675382596 0.040510693457809895 0.07847715785216275
3 0.31068032667089945 0.44686074873050324 0.04722946513897316 0.17142577062678777
3 0.4623652952400938 0.9157134867425362 0.07279794964282764 0.1685730265149276
3 0.9319619679043707 0.3095247501023115 0.05623471456255275 0.1893043133905974
2 0.9704238122780924 0.42208706820169667 0.05915237544381524 0.22592881549328564
2 0.5636708482636594 0.3546234357944371 0.07119592771765586 0.18353067841519802
2 0.4662257962939301 0.36201372321358466 0.06620239219180538 0.18446708111450758
2 0.4773827425560387 0.496507428600445 0.07906420813352662 0.19744515432167373
2 0.4628027387651053 0.5180942146775297 0.06872198022490428 0.2299446219437999
2 0.572670411655691 0.5414628128866835 0.07653854484757908 0.23595395951035464
2 0.420916863809307 0.6115279459220573 0.07149975800268206 0.2299733661622336
2 0.34309422393378347 0.6887806000689499 0.08430985815120721 0.23504630102947857
2 0.33431523110543593 0.7054870375422946 0.08779833886412841 0.2587962091113618