2 0.40904851337610915 0.5517993256634838 0.12364179409198572 0.23709383465223946
2 0.637531291139157 0.3541455054708637 0.06967420544828211 0.213346763692749
2 0.052422862767270366 0.6697882793848416 0.08770829384444365 0.22812116457499335
2 0.3693193644794428 0.4507555330803183 0.07320703211565574 0.22267785044255808
2 0.5156771254597126 0.35100701705033116 0.07911527804299585 0.24131608144532649
2 0.6324822163430787 0.5996535451981214 0.09803742075700254 0.21496216144993546
3 0.9840830921122384 0.4606339127394647 0.03183381577552306 0.25687914316324695
3 0.6382296612943912 0.7703396682148368 0.14075415903410682 0.2878525234903088
2 0.1013355770681467 0.4053663095509476 0.05936528001744028 0.22959218657089356
2 0.6196564612802504 0.5855136204824012 0.10790231902892186 0.21928089901060865
2 0.6371472602671034 0.2512588614104373 0.04536824445387171 0.12437857625218057
2 0.4398261318722381 0.25791307358426224 0.06682108989319786 0.2194597469567969
3 0.2691760802714635 0.3159773264650385 0.06394103902915746 0.22145750388339622
0 0.6044285543679272 0.6022917639154575 0.02571884839804705 0.03962138513646062
1 0.654541635075555 0.16755441937592944 0.03578576148713774 0.07480432022799814