2 0.26921052631578946 0.647003745318352 0.10736842105263159 0.32303370786516855
2 0.3026315789473684 0.4639513108614232 0.0731578947368421 0.2640449438202247
2 0.3263157894736842 0.47284644194756553 0.08842105263157894 0.2940074906367041
2 0.40842105263157896 0.6044007490636704 0.1163157894736842 0.24157303370786518
2 0.3634210526315789 0.7031835205992509 0.09210526315789473 0.31835205992509363
2 0.7605263157894737 0.6020599250936329 0.10578947368421053 0.2743445692883895
2 0.8655263157894737 0.7392322097378277 0.10842105263157895 0.352059925093633
2 0.8886842105263157 0.4147940074906367 0.12105263157894737 0.26591760299625467
2 0.8005263157894736 0.3445692883895131 0.09631578947368422 0.2696629213483146
0 0.4718421052631579 0.6980337078651685 0.024736842105263158 0.04307116104868914
1 0.2863157894736842 0.300561797752809 0.05105263157894737 0.08801498127340825