3 0.3761282141850914 0.8093677448392141 0.06143143498332109 0.2080854825703995
2 0.2952347460439696 0.7200957636714759 0.05831510382384989 0.24151291375695247
2 0.32162298063796835 0.5425424709668162 0.07155265278206913 0.17951047183082813
0 0.367857128823537 0.21509380720402477 0.017304392770941215 0.030770717546797846
1 0.35578832619157813 0.28858521040111745 0.03408991832621877 0.067272010782113
2 0.447829799033561 0.42147303710043327 0.04947523550899371 0.16876617831051333
2 0.42552717544522267 0.5005949003678816 0.08187092610667211 0.21116490659794848
2 0.5082743924548626 0.5162698007415785 0.08569692427668246 0.23032429934046925
2 0.5367068172566181 0.3712435360667885 0.04788422734161559 0.17544165298600778
2 0.6773762325155062 0.43101817412651156 0.0699585167492013 0.18522992356177181
2 0.7606548282027686 0.4486106823680968 0.06251921526248455 0.2119206983061758
2 0.7077363995906237 0.6827748033129699 0.07229359844750581 0.24165752520540834
3 0.832208686461946 0.434532069906201 0.042460965273247435 0.16104568902988003