0 0.7300347222222222 0.5905349794238683 0.017361111111111112 0.033950617283950615
3 0.8926504629629629 0.6970164609053497 0.07060185185185185 0.24382716049382716
3 0.3489583333333333 0.8467078189300411 0.10300925925925926 0.2623456790123457
1 0.6875 0.29886831275720166 0.034722222222222224 0.07098765432098765
2 0.6400462962962963 0.44495884773662553 0.078125 0.20473251028806586
2 0.5925925925925926 0.41460905349794236 0.09027777777777778 0.22530864197530864
2 0.6843171296296297 0.5648148148148148 0.08101851851851852 0.24691358024691357
2 0.5271990740740741 0.46141975308641975 0.07002314814814815 0.25411522633744854
2 0.47337962962962965 0.4295267489711934 0.06770833333333333 0.22325102880658437
2 0.39641203703703703 0.5149176954732511 0.052662037037037035 0.23251028806584362
2 0.2103587962962963 0.25411522633744854 0.08333333333333333 0.18621399176954734
2 0.03616898148148148 0.24742798353909465 0.057291666666666664 0.19753086419753085
2 0.6440972222222222 0.7983539094650206 0.10706018518518519 0.24382716049382716