3 0.1479615583504379 0.4513888888888889 0.07416472872636941 0.2222222222222222
3 0.4125720129254084 0.7381944444444445 0.0701175781606354 0.17916666666666667
0 0.5217553340634657 0.3215277777777778 0.019667605386194255 0.041666666666666664
2 0.291622666908988 0.30486111111111114 0.05851245764913058 0.21388888888888888
1 0.23370562777957246 0.27291666666666664 0.03776362041330898 0.08055555555555556
2 0.3483317300425087 0.44513888888888886 0.06166472872636941 0.2222222222222222
2 0.31299646633153344 0.6291666666666667 0.06876415641946654 0.24305555555555555
2 0.4607842660977643 0.55 0.08763233108750157 0.2791666666666667
2 0.5498487782471106 0.43125 0.0757999515990063 0.24444444444444444
2 0.6043820025831808 0.5034722222222222 0.09932835518980258 0.2722222222222222
2 0.6208766231437834 0.4111111111111111 0.07730336426498888 0.2263888888888889
2 0.6586169967785462 0.24583333333333332 0.08668745462406839 0.22916666666666666
2 0.7261360344445287 0.22777777777777777 0.091434041958086 0.24722222222222223
2 0.8282530463483854 0.3972222222222222 0.06953177088084708 0.2388888888888889
3 0.7769533854404236 0.11944444444444445 0.06391302995603354 0.19305555555555556