3 0.747015625 0.2214861111111111 0.04009374999999995 0.21677777777777776
2 0.07182031250000001 0.17020833333333335 0.06246874999999998 0.24915277777777775
2 0.093953125 0.39937500000000004 0.055390625000000006 0.25905555555555554
2 0.2152734375 0.5963611111111111 0.11499999999999996 0.2443055555555556
3 0.15830468749999999 0.7637638888888888 0.061328125 0.23783333333333334
2 0.364875 0.40765277777777775 0.050078125000000015 0.18386111111111111
2 0.3588046875 0.5681944444444444 0.06946874999999997 0.28322222222222215
2 0.436140625 0.28797222222222224 0.0544921875 0.26643055555555556
2 0.467859375 0.2773333333333333 0.03533593750000001 0.20941666666666664
2 0.6391171875 0.5123333333333333 0.07205468750000002 0.250875
2 0.742640625 0.5093472222222223 0.05843749999999996 0.23298611111111112
0 0.73159375 0.39995833333333336 0.022632812500000023 0.04595833333333338