2 0.43351648351648353 0.6162990895711364 0.1054945054945055 0.3165205305895542
0 0.48296703296703297 0.392689328519365 0.01978021978021978 0.03438422057929147
1 0.3357142857142857 0.37163544337352905 0.046703296703296704 0.08837355032610472
3 0.2612637362637363 0.47193982233897386 0.06868131868131869 0.2214133093030951
3 0.6258241758241758 0.9307876056198028 0.07417582417582418 0.11014199904734268
2 0.5291208791208791 0.6836939161210449 0.08846153846153847 0.30169596738238647
2 0.5497252747252748 0.5427936901619734 0.06373626373626373 0.19890123853327224
2 0.5887362637362638 0.5095056685961314 0.09505494505494505 0.22461570757548355
2 0.6041208791208791 0.6893522498800249 0.07912087912087912 0.31722438231716543
2 0.8076923076923077 0.3291525486543988 0.07912087912087912 0.26839625731716565
2 0.5351648351648352 0.4064126623397173 0.11483516483516483 0.251187428154775
2 0.4728021978021978 0.3862365649925069 0.07252747252747253 0.16774214212406846