2 0.3307504078303426 0.34368242030675017 0.09461663947797716 0.20677517138850837
2 0.5195758564437194 0.45549861218901655 0.06851549755301795 0.16012854739727586
2 0.5933931484502447 0.45980801277178257 0.0464926590538336 0.22221973376699203
2 0.6615008156606852 0.5156257101787177 0.07422512234910278 0.21815858335187963
0 0.649673735725938 0.6287914471819914 0.02528548123980424 0.03504398945527486
2 0.7557096247960848 0.6530576531596376 0.07585644371941272 0.19788559155423022
3 0.7194127243066885 0.38459228131411216 0.02936378466557912 0.1872600606857889
3 0.012234910277324634 0.3107430906562836 0.018760195758564437 0.174106971138626
2 0.5432300163132137 0.5240946744143533 0.05546492659053834 0.14405161221325347
2 0.5309951060358891 0.6169747721638668 0.09706362153344208 0.2140468431123242
2 0.6031810766721044 0.6430401664562297 0.10195758564437195 0.2575756938063326
2 0.4335236541598695 0.5455185847180829 0.044861337683523655 0.2337970733907284
1 0.6676182707993474 0.3191856613039609 0.03588907014681892 0.07283476016185808