3 0.14865625000000002 0.610712962962963 0.046541666666666676 0.20662037037037045
3 0.8366875 0.2570925925925926 0.04760416666666671 0.19567592592592598
1 0.45561979166666666 0.22573148148148148 0.035473958333333284 0.07369444444444442
2 0.5901562499999999 0.37677777777777777 0.05663020833333334 0.20170370370370375
2 0.7204010416666667 0.4013333333333333 0.04836979166666661 0.21748148148148147
2 0.749234375 0.5657962962962962 0.09770312500000007 0.2945555555555555
2 0.5248697916666667 0.6121388888888889 0.06981249999999999 0.2464907407407408
2 0.38058333333333333 0.6485648148148149 0.06040104166666668 0.2563981481481482
2 0.3243020833333333 0.5607407407407408 0.08326041666666661 0.21777777777777782
2 0.25530729166666666 0.6788981481481482 0.053598958333333314 0.2540833333333334
2 0.20815104166666665 0.6994259259259259 0.06344791666666663 0.2544074074074074
0 0.17511458333333335 0.6985092592592592 0.02259375 0.03404629629629628