3 0.034166666666666665 0.3168401220025951 0.03777777777777778 0.14663598065923408
3 0.32166666666666666 0.820782091442151 0.05444444444444444 0.2199309756141043
2 0.2263888888888889 0.7669261209012209 0.09777777777777778 0.267810215461194
2 0.2111111111111111 0.49633322596031315 0.07 0.21712751635986205
2 0.28583333333333333 0.5825165282235805 0.06111111111111111 0.22494067320079564
2 0.3575 0.44541129102435795 0.07388888888888889 0.2191440428506493
2 0.36083333333333334 0.3752186951954392 0.09166666666666666 0.16399203746917754
0 0.4636111111111111 0.3464871749236737 0.017222222222222222 0.025869913759031277
2 0.4330555555555556 0.3339575115240715 0.07666666666666666 0.153955395764735
2 0.4419444444444444 0.5912765972187599 0.06166666666666667 0.23383970267689336
2 0.5436111111111112 0.7320229777964231 0.0661111111111111 0.241790831766308
2 0.8541666666666666 0.340469453226933 0.08777777777777777 0.18964349516811357