3 0.8159949143395338 0.3330860534124629 0.05564965766222334 0.19881305637982197
3 0.1371458042167151 0.23590504451038577 0.07656541025121186 0.22403560830860533
2 0.07637223986789046 0.6001483679525222 0.1259211563867346 0.2818991097922849
2 0.21702404382274992 0.5281899109792285 0.08594054915277108 0.2878338278931751
2 0.5842116132735296 0.49629080118694363 0.0631981395773147 0.21364985163204747
3 0.7302016794215541 0.8308605341246291 0.0639587500380109 0.1913946587537092
0 0.583872517671009 0.4725519287833828 0.019292719645904035 0.03857566765578635
1 0.7346361078336969 0.23887240356083086 0.044467254540232565 0.09198813056379822
2 0.7418519330241757 0.5808605341246291 0.08336297808862507 0.26409495548961426
2 0.6531143313060671 0.4495548961424332 0.10004418932981916 0.2685459940652819
2 0.6289740518895822 0.5689910979228486 0.07586297808862506 0.26409495548961426
2 0.6088628212879907 0.4755192878338279 0.045635113087696105 0.1943620178041543
2 0.5502728116077921 0.42655786350148367 0.08320783596033304 0.2166172106824926
2 0.5261373803828161 0.5445103857566765 0.11420600780497656 0.26706231454005935