3 0.6413012884853558 0.8492770958910432 0.07344071592347447 0.2853850419983987
3 0.16593793035611745 0.3462634317146134 0.047149054668493055 0.20833909287785862
0 0.5783949685014496 0.3238488049091724 0.015991573560252523 0.03106229859019536
1 0.7230703838520488 0.27572409714973245 0.038347930503532794 0.06968060275879091
2 0.7054503880464814 0.8003189349845282 0.07255307005259247 0.23013614889932482
2 0.7048498439210542 0.6280397381959616 0.05909508762102154 0.18411981393184007
2 0.6201828774565188 0.517152150316891 0.08382004998491778 0.26302208000983995
2 0.5827404124359182 0.3847510836765714 0.05061891684143096 0.17560568914066454
2 0.5406776502127301 0.31035070113437524 0.04448073028911686 0.20269387831881866
2 0.3009759663640169 0.6350948090012911 0.060044344614551916 0.32925090007416213
2 0.19264260898521582 0.40599273086306636 0.0403804402693504 0.21950423165356808
2 0.36343857564406334 0.4892156409228454 0.047369527260538905 0.24204695804639817
2 0.452434753606475 0.4573674406915317 0.06938292683841442 0.22823080528615478
2 0.4617438208449051 0.5932223894527445 0.05171478682702304 0.262689788232248