2 0.23809375 0.8462962962962963 0.08167187499999998 0.3074074074074074
2 0.31821354166666665 0.5336481481481482 0.05858333333333334 0.2858240740740741
2 0.34116145833333333 0.5377777777777777 0.06905729166666662 0.3125925925925926
2 0.27229166666666665 0.5582314814814815 0.08340104166666669 0.2831296296296296
2 0.39234895833333333 0.5203518518518518 0.07768229166666671 0.2814537037037037
2 0.4956979166666667 0.7233796296296297 0.07604687499999993 0.365287037037037
2 0.6736041666666667 0.6430370370370371 0.08810937500000003 0.2897777777777778
2 0.779984375 0.5260833333333333 0.059208333333333245 0.2706851851851851
2 0.8628697916666667 0.8242777777777778 0.11455729166666657 0.3189351851851851
3 0.32929166666666665 0.3051759259259259 0.039067708333333326 0.21774999999999997
3 0.36632291666666666 0.8888888888888888 0.07146354166666669 0.2222222222222222
1 0.36044791666666665 0.24775 0.03888020833333338 0.08809259259259258
0 0.3641875 0.23419444444444446 0.017197916666666656 0.03505555555555557