3 0.02903225806451613 0.7203303125025868 0.05241935483870968 0.256988766386407
1 0.3149193548387097 0.20448157229057587 0.04516129032258064 0.08785931012809955
3 0.6616935483870968 0.6679462330087553 0.08790322580645162 0.22726954648910325
3 0.7995967741935484 0.10849672351000753 0.06370967741935483 0.21699344702001505
2 0.6939516129032258 0.4047188502115658 0.07822580645161291 0.2730147986986571
2 0.5637096774193548 0.42110793261051893 0.07903225806451612 0.2601291508903634
2 0.5229838709677419 0.3592079331913975 0.08387096774193549 0.2358238600291395
2 0.5483870967741935 0.3324410827056596 0.07419354838709677 0.23572384003238953
2 0.5141129032258065 0.4158898760680744 0.11048387096774194 0.24039690928954285
2 0.42701612903225805 0.3809734371276492 0.09596774193548387 0.21445891367837203
2 0.41330645161290325 0.27008361349840315 0.08548387096774193 0.2387058595414918
2 0.442741935483871 0.5742206467532743 0.08548387096774193 0.2845511317477955
2 0.22862903225806452 0.7497860247114528 0.07419354838709677 0.25148315235330654