3 0.6818918918918919 0.7822115384615385 0.09783783783783784 0.30673076923076925
3 0.1510810810810811 0.44471153846153844 0.06486486486486487 0.2230769230769231
0 0.5640540540540541 0.27403846153846156 0.01891891891891892 0.035576923076923075
1 0.7048648648648649 0.1735576923076923 0.04432432432432432 0.08076923076923077
2 0.7416216216216216 0.7096153846153846 0.09243243243243243 0.2519230769230769
2 0.722972972972973 0.5355769230769231 0.0745945945945946 0.20192307692307693
2 0.6262162162162163 0.4543269230769231 0.10648648648648648 0.2875
2 0.5745945945945946 0.33365384615384613 0.0654054054054054 0.19038461538461537
2 0.5248648648648648 0.27403846153846156 0.061621621621621624 0.21634615384615385
2 0.317027027027027 0.6879807692307692 0.08810810810810811 0.34807692307692306
2 0.18432432432432433 0.4951923076923077 0.05891891891891892 0.2326923076923077
2 0.3645945945945946 0.5182692307692308 0.0681081081081081 0.2567307692307692
2 0.4510810810810811 0.45384615384615384 0.0891891891891892 0.24903846153846154
2 0.4745945945945946 0.5879807692307693 0.07405405405405406 0.27884615384615385