2 0.2905546875 0.7737638888888889 0.060203125000000045 0.24991666666666673
2 0.3954140625 0.5186388888888889 0.07795312499999998 0.307125
2 0.45790625 0.4030972222222223 0.07794531249999999 0.2625416666666666
2 0.46596875000000004 0.4905694444444444 0.05389062500000001 0.30652777777777773
2 0.5492109375 0.4549583333333333 0.04625781250000003 0.29880555555555555
2 0.5883203124999999 0.5046527777777778 0.05751562499999992 0.2989722222222222
2 0.5857734375 0.5611111111111111 0.06581250000000001 0.29681944444444447
2 0.667984375 0.4671527777777778 0.04943749999999998 0.3073194444444444
3 0.6575234375 0.2991388888888889 0.05975781250000001 0.13400000000000004
1 0.5895859375 0.22183333333333333 0.042617187499999966 0.086375
0 0.6187421875 0.3548611111111111 0.02346093749999998 0.03843055555555554