3 0.3434181032398196 0.20882831951099343 0.06119157768167572 0.20269130025988158
0 0.7207559810126134 0.3140642760318044 0.022513485551479966 0.0385797660839171
3 0.8727979497289967 0.6008291881260207 0.08948525465184978 0.23395650116485586
2 0.6829046642431926 0.4789046924646849 0.07042359267807036 0.23670899366389414
2 0.7125525231023947 0.6673820511843016 0.06306221160512686 0.26760521716197877
2 0.6394899628359655 0.6968982296848386 0.07215915260922744 0.2603249754627465
2 0.38920320702335376 0.6604041066802788 0.08132363060947485 0.27369370131513665
2 0.3147674450042966 0.34923806318882894 0.05546927511682184 0.22770498048307244
2 0.21461611987198023 0.5486453487010924 0.07216397668038066 0.2617999017164338
2 0.061457378683593515 0.6033258643354896 0.08137669539216187 0.28991789010569713
2 0.024477636020394846 0.36331189543609343 0.04895527204078969 0.24092783154669217
3 0.12883567611236896 0.790675330346554 0.06352959366497617 0.15699432900535767
2 0.7264445150793937 0.34940244003080634 0.1153540823579631 0.284370000757982
1 0.7072938842102904 0.24709671584283796 0.044183311493148233 0.07272617253684459