0 0.44587034449964097 0.5055681528008036 0.023081164493032328 0.040043057137922604
3 0.14403920864590528 0.3169469574613508 0.06243532854599253 0.21034700462974562
3 0.6857232695104349 0.34775435721129044 0.04774799216677403 0.23058284792596323
3 0.4519328184740508 0.9069482103712424 0.051388738544350256 0.17431170696351345
2 0.6970547071278098 0.8087866688612347 0.07516259165558155 0.25902060665465027
2 0.5817082452870903 0.7405638251767852 0.11029422634987 0.30792579219630206
2 0.5202868808645692 0.7246944133842925 0.06762676754257306 0.2938929856669285
2 0.6339595743792263 0.553136849529081 0.08717809129513247 0.25720312340789425
2 0.4802478438051911 0.2697838843217998 0.049917888806634725 0.22575107250775334
2 0.49527498404358333 0.3531208753560651 0.07397114207954901 0.22891222251909515
2 0.5057540972030095 0.49038654856361946 0.07401247092520041 0.24153358174239611
2 0.44096661785163516 0.5012500561680836 0.07879697974921145 0.20080771811938497
2 0.23606429860863654 0.5820061505993486 0.0817612975504134 0.2717097464194383
2 0.07472540971143923 0.6254199950597676 0.08620918165722376 0.2950559043208826