3 0.2527242939380929 0.28223711701067977 0.043160550776842166 0.1776892434182374
2 0.5629359756196568 0.6002540761666567 0.09802862767991552 0.21001782316418102
3 0.3591738457323627 0.7222502221684953 0.047776932886703094 0.17978611087570434
2 0.7296798110019026 0.40486595495272326 0.03736664035059681 0.1714820935226334
2 0.5066497505345223 0.6162070959632484 0.0734482279579697 0.23435166877701794
3 0.8954241424143936 0.36472410669405464 0.03853747358443295 0.17456778579683616
1 0.30171102123572685 0.2059048082363538 0.029143624277484927 0.05767509374031535
2 0.41996417008801656 0.29484974041223455 0.06163946938138232 0.18812589357597362
2 0.4654754221911906 0.2590274889061168 0.05988656707190225 0.18400965024663674
2 0.5506910289122618 0.2673665884839637 0.04596377483428755 0.1664485560709575
2 0.49285295554713127 0.35403719271123013 0.06335889627812044 0.1871191860856385
2 0.5431617600950377 0.43600108381917313 0.0764786817159948 0.16983825379634743
2 0.6000538901508007 0.5127734738586468 0.07103961066481353 0.21793438258926814
2 0.6313682547379416 0.5057887692226868 0.06420876865569956 0.22913334369814964