3 0.6641135262144696 0.18689436331190723 0.048184759856130244 0.19728488940092623
2 0.9095656151799068 0.5531242660577741 0.07052096205438531 0.26019608678415634
1 0.2767993693954173 0.17705628082549846 0.03875825709896456 0.07182716909783517
3 0.4080767586248144 0.7192125739889547 0.06288163366126844 0.1799448324571904
0 0.791436907537527 0.2720281295228374 0.019805655110415456 0.04101986576598096
2 0.14563861526880734 0.672766939091716 0.08767208354000623 0.2414237462973198
2 0.3537849918452359 0.5342547491309115 0.06136627593592814 0.21782874548981154
2 0.39133703781434015 0.3626374445918582 0.04822767827276855 0.21040442292862302
2 0.42381661432330375 0.39431354412178937 0.04091262236091798 0.229278533033144
2 0.6399334715945861 0.3120043707545768 0.061266132963772285 0.18721650059185235
2 0.6342723393328792 0.46062881139075434 0.07456209815460528 0.2427457794212623
2 0.5958312016457412 0.4857404178031233 0.08848221824523422 0.23851677520374967
2 0.7333546353370868 0.30641141535872973 0.07366135790314125 0.21795595751191696
2 0.6815608544015361 0.5092214137437134 0.04840888936524089 0.2657980089344541