1 0.2740162037037037 0.3500465613009389 0.03414351851851852 0.06105272835272263
3 0.2743055555555556 0.42308883607984277 0.027199074074074073 0.13402617078304
0 0.20283564814814814 0.4881284471720783 0.014467592592592593 0.024840993565096652
2 0.19155092592592593 0.507278084704294 0.04282407407407408 0.21546349733128675
2 0.45283564814814814 0.48039871211206525 0.04861111111111111 0.19083199352275756
2 0.5541087962962963 0.46649118102470194 0.04050925925925926 0.1917770042044927
2 0.3003472222222222 0.6651034427243973 0.08043981481481481 0.2446591340984804
2 0.6342592592592593 0.4209091137111038 0.05555555555555555 0.18987501199778986
2 0.8559027777777778 0.464912993528392 0.09490740740740741 0.21188695893929696
2 0.9872685185185185 0.4722991587885907 0.02546296296296296 0.2286584202795083
2 0.9973958333333334 0.7942108748156568 0.005208333333333333 0.2922349387533935
2 0.7520254629629629 0.756110833498625 0.08275462962962964 0.2693744338096363
3 0.5679976851851852 0.9113063786425384 0.06944444444444445 0.16224088433880102