0 0.4595263014513799 0.1858034675222625 0.013985731184345507 0.02666546733327494
2 0.456442239035565 0.2771847840587549 0.04428967179295575 0.183156965348973
2 0.4276741911792197 0.32561269981048796 0.0637616923028179 0.20398567266074458
2 0.23758377792236368 0.29074456854317376 0.04472644032199236 0.16548095142933733
1 0.25846613685199477 0.22324431343216652 0.035815557898511034 0.0701103547228891
2 0.2700507266160622 0.563474720362153 0.04797102817292134 0.23918339656593332
2 0.2486637101188493 0.7080869597560678 0.083214813607119 0.3063410815149416
3 0.3289118450647462 0.8128489321850412 0.06974942481650533 0.2747697377865891
2 0.5808650265341263 0.7650591271959547 0.0747346580247584 0.2767858089735228
2 0.5325296879982985 0.5956295552589022 0.049750633154088425 0.2578645885987753
2 0.549647697289629 0.47021538435573595 0.07502999385969576 0.2374987930892506
2 0.7020886902877206 0.5177511113275147 0.06397384134396696 0.23640217560769927
2 0.6730058267845164 0.5720757941862276 0.05845540822433652 0.2373273442736036
2 0.8652804697574628 0.6108503386959349 0.06066535297571799 0.23735020411568986
3 0.9781427164314631 0.41716153553108914 0.039458728796447386 0.20471653266891543