2 0.156 0.5363055555555556 0.0661171875 0.25316666666666665
3 0.33387500000000003 0.7599305555555556 0.048429687500000006 0.06986111111111105
2 0.3030625 0.5485138888888889 0.05867187500000002 0.22481944444444446
2 0.49565625 0.717375 0.05167968750000007 0.15976388888888884
2 0.558296875 0.6557916666666667 0.048835937499999996 0.27269444444444446
2 0.6164453125 0.4524444444444444 0.06668749999999993 0.2548888888888889
2 0.6677578125 0.4338194444444445 0.04900000000000002 0.2454305555555556
2 0.49040625000000004 0.4409722222222222 0.061484375000000036 0.23193055555555556
2 0.4871796875 0.3069861111111111 0.040976562500000036 0.1306388888888889
3 0.4002109375 0.2145277777777778 0.04671874999999996 0.20406944444444444
2 0.2948984375 0.27819444444444447 0.07203906250000003 0.20362500000000003
2 0.3885859375 0.4305 0.05159374999999997 0.24433333333333326
1 0.7669453125000001 0.20033333333333334 0.038000000000000075 0.07288888888888889