1 0.28062080536912754 0.14842696130114114 0.03859060402684564 0.07950391070343872
3 0.14681208053691275 0.23360913465211516 0.051174496644295304 0.20500729495293776
3 0.4484060402684564 0.7262830299014263 0.057885906040268456 0.1752260153088894
2 0.16149328859060402 0.681522286923297 0.06879194630872483 0.27832397320074376
2 0.18078859060402686 0.5921697646630759 0.09395973154362416 0.28007701035645816
0 0.33640939597315433 0.387064104110736 0.01761744966442953 0.030033096158253943
2 0.3565436241610738 0.4992128024920239 0.05956375838926174 0.23494487450235493
2 0.3800335570469799 0.4188589207527803 0.053691275167785234 0.28861543448940463
2 0.40226510067114096 0.28923828267813895 0.04865771812080537 0.23035437929706773
2 0.4312080536912752 0.1544632306310911 0.05620805369127517 0.20953700686169255
2 0.6036073825503355 0.26968049037161546 0.06795302013422819 0.19921081226072743
2 0.5666946308724832 0.3245223045332841 0.05620805369127517 0.24983551432437912
2 0.5524328859060402 0.44601647900076724 0.08976510067114093 0.2636156832683168
2 0.6480704697986577 0.4798421992969597 0.07634228187919463 0.24855137688477155
3 0.802013422818792 0.18889827656607955 0.06459731543624161 0.20514622820215458