3 0.8385503556135762 0.38055217689924464 0.047484914328165685 0.21676040560384585
3 0.570406006521772 0.7974299170566392 0.057306830500775195 0.15314282603185347
3 0.10457302172698633 0.2711278790927427 0.04575857293999303 0.21368552398235932
0 0.19496766364763127 0.3960850000870495 0.020735953404604286 0.03993809313565052
2 0.3145550238212587 0.2883960692954704 0.040470336669537046 0.18774355388993602
2 0.1903250705296165 0.5342679266105312 0.05564065713236015 0.28986788961786075
2 0.2890036274366968 0.5560672642635393 0.07149483979030634 0.23549263888216568
2 0.3491671394277114 0.5588337411169898 0.04712809067070336 0.29273056357729726
2 0.3810886658787699 0.4174173095950441 0.045907498539000155 0.23648187656594596
2 0.517145767852906 0.349578052079928 0.06288298959597809 0.22315774445254427
2 0.6524638037987952 0.2991983142403907 0.05038160820155097 0.13780378586809564
2 0.6588736473583603 0.43153210504213696 0.05534280593434596 0.2442751844506875
2 0.7990492308978944 0.60234772315074 0.07321125280521176 0.23704776366474634
2 0.7674454123913842 0.7923963735176704 0.08766673039280111 0.22974960699145508
1 0.7036630083444981 0.23567852888306484 0.03804900915266493 0.07828569354504518