3 0.34359845234281505 0.8530926868132322 0.0769301634836651 0.29381462637353545
3 0.19684743439071425 0.3350438549112348 0.06689440107536089 0.22370711695588597
0 0.4299441975817558 0.3183559467708447 0.016799658350732265 0.035181808965782206
3 0.8523174380282464 0.22412955867614553 0.06404765796160859 0.23286881750163863
2 0.85044680121979 0.5325133147415106 0.08556412080806737 0.30298206952864287
2 0.7380850404044881 0.4922726913263405 0.09183967588460637 0.2867197709509379
2 0.6339205893723988 0.4967746117383238 0.07111616984925934 0.2832168017656029
2 0.5690573098392019 0.4482962571870875 0.07051401643240801 0.27500815826819597
2 0.44937320803705144 0.2716241924585643 0.0590600954180094 0.291163157172518
2 0.43576488607210045 0.2979833653514705 0.045377938228902376 0.15359386492888183
2 0.4614577356060419 0.2713622632811573 0.09146849499764904 0.3492078487650064
2 0.5134833162771153 0.5506353338950465 0.0970782955259165 0.3052696935751404
2 0.3762800509196221 0.5406197614028572 0.14882178576887872 0.2940476083417569
2 0.06342311827101071 0.8402533508207153 0.11611919614558001 0.3194932983585694
1 0.23745166184840913 0.23546857186086176 0.04342419114769127 0.08388596722354645