0 0.2675247965637826 0.2653734503553497 0.019287871454394954 0.03729051941491384
3 0.3170036159765512 0.10639580909223002 0.06734056528643569 0.20692199760367422
2 0.5601723886016925 0.18606331263806605 0.0665363211021571 0.2158154429600378
3 0.9823683415522096 0.7349284389579874 0.03491813635058179 0.23032423000333704
3 0.37880714321794734 0.6589460817129849 0.08400723195310235 0.20709463350310914
2 0.2091890391346947 0.2640273849447164 0.11329995159900638 0.24597241398290653
2 0.5993441812629868 0.31554480979861416 0.06821268415184212 0.21880006560042636
2 0.6266311386397037 0.37813988319454306 0.0799569218826548 0.2426597831335916
2 0.5829247723632858 0.3910398296855294 0.1033387371310793 0.25773826864502597
2 0.47480233536059957 0.45445775568638375 0.08500540379774615 0.25754836915564755
2 0.4106187000236509 0.4486002291352805 0.09667207046441281 0.257669214285252
2 0.40445084147618765 0.34616591933012225 0.07663328493233962 0.24559261500414978
2 0.8325089391059745 0.7764014220945276 0.0732951034074972 0.2440744082990401
2 0.7471356283597715 0.6612776555652731 0.10499085922321873 0.2533044936593019
1 0.723212684151842 0.22558465644821704 0.043619376632371996 0.08798594532666125