1 0.3554564917757089 0.31679764243614933 0.03614302969413753 0.07072691552062868
3 0.31996416770200037 0.3605108055009823 0.03589911348521584 0.1650294695481336
3 0.4153511040791453 0.8924361493123772 0.06034671938680201 0.20726915520628683
3 0.9428443146172367 0.4302554027504912 0.04368534844487066 0.1807465618860511
2 0.9705941647423028 0.5530451866404715 0.04877665214818829 0.21709233791748528
2 0.5776748673022313 0.3531434184675835 0.05912603326901488 0.1719056974459725
2 0.4814635209871105 0.3290766208251473 0.05416008611963491 0.1738703339882122
2 0.477483986558437 0.4636542239685658 0.06634692495836939 0.18369351669941061
2 0.4609624363882054 0.47986247544204325 0.05375867065063754 0.2200392927308448
2 0.5658498180864108 0.5383104125736738 0.06095384817508175 0.22396856581532418
2 0.40955729806785174 0.5569744597249509 0.055965401131404996 0.21905697445972494
2 0.3251908391288234 0.6070726915520629 0.06868222626368825 0.2220039292730845
2 0.3147369942130488 0.6203339882121808 0.07041361305134138 0.24459724950884087