3 0.18586103206015747 0.8613429850306858 0.05701392905099887 0.21406601852974932
3 0.963788446430811 0.6018953954090795 0.03961794985715737 0.20545928783334336
2 0.9046328609428399 0.666175916887382 0.05132243986886758 0.24396864387813835
2 0.7861798326011172 0.5967114230881033 0.04857450432528008 0.20836088250261875
2 0.634934995852106 0.3351771092448132 0.03838465935250162 0.15020494732807932
3 0.439690210051509 0.33158011941322557 0.030453178322116543 0.13888728117904914
2 0.6154871633203433 0.40794148264191044 0.031123408849019048 0.18290021922194324
1 0.7428787249452509 0.3190791175676167 0.030713098746562202 0.05743205442793575
2 0.6426087412007295 0.6440759910876215 0.046980246878409064 0.20366289234397392
2 0.5658902966638134 0.7679932058091463 0.07557583440431676 0.2573278387950895
2 0.24095989383524238 0.4282030799363812 0.04208417995726719 0.15492472711148458
2 0.3574194225917544 0.4635133333978731 0.04056647290264568 0.17363497665321417
2 0.28943724284788364 0.5714230629210076 0.05062158918506528 0.19059240995509444
0 0.16186366674402364 0.6354754176159993 0.016930903718167238 0.027327875050515385
2 0.13854059861452392 0.6057552803749765 0.059581205668877806 0.19443033421238481