2 0.7646638895168438 0.5953758362151659 0.09659662853303753 0.3251422877187361
2 0.7158499955196317 0.4136209112663531 0.0636270754384481 0.26783064532301276
2 0.6919966580599431 0.4281099420307234 0.07818457908710698 0.29744878243016876
2 0.6163759925303727 0.5854916640106065 0.11038268112297248 0.236882232291511
2 0.6707504936504693 0.6774159017966478 0.08056167156787851 0.3230119173213709
2 0.24977209040940465 0.6706053062014141 0.09791336287897041 0.27309656423094897
2 0.1503688037671953 0.8306218627076416 0.09614700248635545 0.3387562745847169
2 0.10192816485260651 0.5084560870127574 0.11441080340845715 0.26148019379315807
2 0.18874602852109837 0.4130804302843772 0.08740326779226423 0.27102334343879975
0 0.5576192067831828 0.6988405126057438 0.02402691394790134 0.04150311068946088
1 0.7208585035255779 0.23929942286623196 0.04916522903031615 0.0839999695710845