0 0.6589765100671141 0.6246268656716418 0.02936241610738255 0.05373134328358209
3 0.8959731543624161 0.6559701492537313 0.1040268456375839 0.30149253731343284
3 0.6291946308724832 0.0880597014925373 0.06543624161073826 0.1761194029850746
2 0.5625 0.17537313432835822 0.10822147651006711 0.27761194029850744
2 0.4278523489932886 0.26791044776119405 0.07130872483221476 0.25671641791044775
2 0.3573825503355705 0.4962686567164179 0.1040268456375839 0.3044776119402985
2 0.37541946308724833 0.5156716417910447 0.12164429530201343 0.3074626865671642
2 0.4278523489932886 0.5395522388059701 0.11073825503355705 0.3208955223880597
2 0.2822986577181208 0.5776119402985075 0.09815436241610738 0.3373134328358209
2 0.5893456375838926 0.582089552238806 0.13926174496644295 0.2507462686567164
2 0.6484899328859061 0.5805970149253732 0.1417785234899329 0.291044776119403
2 0.7667785234899329 0.40298507462686567 0.11073825503355705 0.2791044776119403
2 0.8687080536912751 0.42835820895522386 0.0964765100671141 0.29402985074626864
1 0.18833892617449666 0.20373134328358208 0.05620805369127517 0.11194029850746269