3 0.2979536039769031 0.7341153132119397 0.05925594956949115 0.11763135297409712
3 0.9624189699841715 0.5441856347817319 0.04699342876708771 0.281632466276279
1 0.6792625092390262 0.11266550371493303 0.04633321429195365 0.07950480670181091
0 0.6915029763977374 0.1530672644022565 0.0214601225043386 0.03973471997761989
2 0.6956745872081894 0.31269036176389825 0.07524970572631895 0.3123193787136065
2 0.6221046329012596 0.3704406150104907 0.052906556789500986 0.2634572760159093
2 0.3823931809371892 0.35275853267480917 0.07077996935921216 0.24996513988525582
2 0.5588312415382805 0.1494127468709441 0.061319843551051474 0.22707152874859854
2 0.3057205085101098 0.31548861674321954 0.09809861568125389 0.25480734437454233
3 0.2584527144703776 0.1576986494644756 0.04935955900375377 0.22238847461888211
2 0.35115523543364796 0.5120147000407751 0.06070983814212381 0.3015307721683388
2 0.6559786787756076 0.4490617596798497 0.04697357269264741 0.2755534389206559
2 0.48306804432587636 0.486784995946235 0.08374241678562987 0.3002497408687882
2 0.7465064686587509 0.5548666211918053 0.050366685901483944 0.2695097783116041
2 0.7764838378753974 0.6509251819186881 0.11015818060075232 0.28988553528237415