0 0.37893864013267 0.6595261773209536 0.02736318407960199 0.04895573507929433
3 0.1480099502487562 0.7316201808573091 0.087893864013267 0.2899951179350463
3 0.3752072968490879 0.10786514452722315 0.05223880597014925 0.20850519657535427
2 0.44776119402985076 0.2015363246281945 0.09369817578772803 0.2635065114581681
2 0.5854063018242123 0.26859496732527205 0.05638474295190713 0.2498460360282374
2 0.667910447761194 0.48110068128720423 0.08706467661691543 0.292936389572493
2 0.6513266998341625 0.5037904208208045 0.10613598673300166 0.29165882332714205
2 0.601575456053068 0.5364614093331093 0.09369817578772803 0.30775429906878743
2 0.7466832504145937 0.5482875453462615 0.07960199004975124 0.32678246557795243
2 0.44485903814262023 0.606373548220616 0.12686567164179105 0.22992644242046628
2 0.38681592039800994 0.615359907974647 0.12686567164179105 0.2712243775237111
2 0.2599502487562189 0.46065470449223384 0.09618573797678276 0.26500718032163834
2 0.16169154228855723 0.5031481958895816 0.08043117744610281 0.28401818509094784
1 0.8171641791044776 0.16406116707772342 0.0505804311774461 0.10524319707738683