3 0.018953125 0.5861388888888889 0.034859375 0.24370833333333336
1 0.338484375 0.17170833333333332 0.03767968750000002 0.07459722222222222
3 0.6303828125 0.7125555555555555 0.06797656249999999 0.20287499999999992
3 0.8104765625000001 0.21109722222222224 0.044242187500000085 0.20791666666666664
2 0.6838124999999999 0.46930555555555553 0.05430468749999999 0.2520972222222222
2 0.5576171875 0.44884722222222223 0.05638281250000006 0.23895833333333338
2 0.524234375 0.37794444444444447 0.06313281249999995 0.21224999999999994
2 0.5506875 0.35959722222222223 0.05367968750000003 0.21523611111111116
2 0.5107421875 0.4298888888888889 0.08986718749999997 0.20897222222222228
2 0.430765625 0.3718194444444444 0.07722656249999997 0.1880694444444444
2 0.42692968750000004 0.26211111111111113 0.06509374999999995 0.2146944444444444
2 0.4291171875 0.5612916666666666 0.060531250000000016 0.2614722222222222
2 0.2096171875 0.6696805555555555 0.052335937500000006 0.23195833333333324