2 0.1326027271002627 0.7768110257330025 0.07688141446720656 0.28330939645021624
0 0.26107293396732445 0.4584820687765011 0.02089855128527878 0.04099133741050122
1 0.3533841467076437 0.2788810677397416 0.03738100988347906 0.06834525478363593
3 0.32846371633996335 0.3451603106245027 0.03168799511905053 0.1653705012613829
2 0.3277620367937829 0.548087052929869 0.07562638205170992 0.23378353658650575
2 0.30837284928185665 0.6346981615446209 0.11229562846515116 0.2516377060984803
3 0.46163459902353216 0.8782678950230126 0.06142191092045917 0.23460755253302532
2 0.9682256714725623 0.7409732439170962 0.06354865705487528 0.2657263491041889
3 0.9321141823094384 0.3690187639971239 0.036764985004595824 0.21396502598788653
2 0.7375357447671173 0.3579227906113958 0.04275365997253205 0.20723104164606176
2 0.6029300759034141 0.3879558926001342 0.0465883340104734 0.21018320165448576
2 0.6337554804746789 0.5395841551685729 0.0723763058048785 0.24248751039343214
2 0.7492976417127294 0.612178755081086 0.05210686029833467 0.22674453980799025
2 0.2784245235632363 0.5840351243841326 0.0609899119440627 0.26955336046524775
2 0.4557896641854799 0.5118110518709671 0.05815275982178863 0.2374862836215051