3 0.5254032258064516 0.7608608722566027 0.0532258064516129 0.10138679015610255
3 0.7612903225806451 0.32017827288655576 0.04758064516129032 0.2474019013677306
3 0.02943548387096774 0.28212710021722287 0.05887096774193548 0.22901064742584978
2 0.29879032258064514 0.5491563865477018 0.12016129032258065 0.2517675816144608
2 0.27419354838709675 0.5328886220336515 0.1032258064516129 0.24282151123788367
2 0.44516129032258067 0.4397179104798492 0.07822580645161291 0.22224741717263782
2 0.4935483870967742 0.3776808950187389 0.12338709677419354 0.25183426386929786
2 0.494758064516129 0.20865145960355794 0.0532258064516129 0.20740398213317993
2 0.5064516129032258 0.29342040340771514 0.06129032258064516 0.22189733533474273
2 0.6375 0.48524111786147767 0.06532258064516129 0.2807199431676159
2 0.5653225806451613 0.5417720250455994 0.07661290322580645 0.26805934825152294
2 0.49274193548387096 0.7164894393547432 0.06532258064516129 0.1947600577807964
1 0.6016129032258064 0.19008667032655752 0.04516129032258064 0.08689343695453974
0 0.4528225806451613 0.44202527796975793 0.02258064516129032 0.03341806518214081