0 0.3875868055555556 0.673460399675013 0.030381944444444444 0.054326580313863185
3 0.16536458333333334 0.852456332439835 0.10503472222222222 0.29275302069000847
3 0.3016493055555556 0.13731219774798303 0.059895833333333336 0.18117504669283319
2 0.3875868055555556 0.17654681942809944 0.11024305555555555 0.2866340499783817
2 0.5368923611111112 0.17500258065111746 0.07118055555555555 0.26616830562422583
2 0.65234375 0.3481912050880664 0.10503472222222222 0.31435795896161356
2 0.6393229166666666 0.3791900746052953 0.12413194444444445 0.3160986877514917
2 0.59375 0.4375317969279422 0.11197916666666667 0.33140509266298335
2 0.7421875 0.37658295603647096 0.09895833333333333 0.34824572931859393
2 0.4461805555555556 0.586434622649952 0.1423611111111111 0.25764525322376025
2 0.3893229166666667 0.6248313322990533 0.1440972222222222 0.29932987615527573
2 0.23741319444444445 0.5322667030041724 0.11197916666666667 0.28819521611977345
2 0.14453125 0.625048350827895 0.09722222222222222 0.30347468663399224