3 0.3436446815404391 0.7847696762253483 0.06583391716528439 0.1282697191769355
3 0.9688546204116378 0.4403317352515933 0.0585090417992717 0.28248607185036334
1 0.6673639541268851 0.09148811660753815 0.05057210596223001 0.0880549996864352
0 0.6821263847018914 0.12799363728498206 0.023614537958836383 0.043268396490662824
2 0.6982109567791283 0.28098958017982567 0.09707509620198683 0.31849144302440485
2 0.6310594545512497 0.35448301284321376 0.07173571130913842 0.26630370579246326
2 0.3974400682368014 0.3958346562451907 0.08834419770845973 0.25757426454056287
2 0.5535991171440732 0.15633793136378454 0.0765223836622052 0.2337145470073976
2 0.3204682470825468 0.3779739006702451 0.11508843806492033 0.26971991818143903
3 0.2634679196265705 0.23716627578617774 0.06564056677275071 0.22618393604665218
2 0.3792997933800262 0.5573787726975281 0.08282115913430194 0.30499158678288224
2 0.6697800725016014 0.42313796536712306 0.0676369216210414 0.27664630349416236
2 0.5046779651177714 0.5008100404596102 0.10451691593464128 0.30966705202781525
2 0.7646779651177714 0.5035031604907944 0.07009813477614443 0.27073748077818743
2 0.8007919192446565 0.5884526924072365 0.12865449246763527 0.30546633550632823