1 0.646 0.21058333333333334 0.04117968750000003 0.08387499999999998
3 0.9190390624999999 0.5874027777777778 0.038156250000000114 0.25416666666666676
3 0.221390625 0.27225 0.06026562499999999 0.19926388888888885
3 0.1380859375 0.7816944444444445 0.04990625 0.23402777777777778
2 0.1430859375 0.5752638888888889 0.07553125000000001 0.24972222222222232
2 0.31189062500000003 0.3165138888888889 0.05599218749999997 0.23225000000000004
2 0.5554375 0.37440277777777775 0.05797656250000003 0.2329305555555556
2 0.5045703125000001 0.3115 0.026179687499999993 0.04362500000000003
2 0.5333515625 0.41384722222222226 0.04887499999999996 0.21658333333333338
2 0.494171875 0.42077777777777775 0.06564062499999998 0.22647222222222227
2 0.502796875 0.46811111111111114 0.07842968750000008 0.21398611111111118
2 0.6069609375 0.47983333333333333 0.0769453125 0.2096805555555556
2 0.6081015625 0.5248472222222222 0.10377343749999994 0.22430555555555556
2 0.41321874999999997 0.5628333333333333 0.08900781250000005 0.18916666666666673
0 0.5777421875 0.5473055555555556 0.020742187499999964 0.03906944444444444