3 0.4364406779661017 0.9222748010591544 0.09943502824858758 0.15545039788169124
3 0.12655367231638417 0.6315927503799336 0.103954802259887 0.344135292439855
2 0.11214689265536723 0.815045109876735 0.10225988700564972 0.2274175323901235
2 0.36807909604519773 0.6481793924766976 0.09887005649717515 0.40243271651601326
2 0.49180790960451976 0.6514732604129141 0.07966101694915254 0.36802848491282164
2 0.711864406779661 0.495805297345879 0.1016949152542373 0.33203944604222524
2 0.6901129943502825 0.32304474759968 0.07514124293785311 0.28347461907933313
2 0.6330508474576271 0.4738620506068163 0.09378531073446328 0.3299454323426746
2 0.5728813559322034 0.36307774590373115 0.061016949152542375 0.3155214543456571
2 0.47231638418079097 0.45308219891545143 0.10112994350282486 0.3602026071792364
0 0.4016949152542373 0.3084874014040133 0.024858757062146894 0.04653519568579685
2 0.3677966101694915 0.5108525223409778 0.08248587570621468 0.3278163009581484
2 0.4056497175141243 0.5082265611712937 0.07796610169491526 0.37203507093954913
1 0.4062146892655367 0.1893189332334778 0.05423728813559322 0.09714135982077642