1 0.7110366427148549 0.21296973938666755 0.045668466465533374 0.08883518587070424
3 0.3641133141235838 0.6899200318819217 0.0890755406078857 0.22949327064572086
3 0.22368908543573937 0.1272251689758893 0.06475964285277143 0.22754934902601973
2 0.330833272170334 0.42618147588590355 0.07950193489795906 0.27540158096037637
2 0.46216316456337697 0.4385949619637253 0.08026987617162298 0.26245004789621074
2 0.5024767175643684 0.37507651430745115 0.08505196441571852 0.23805497054868138
2 0.47686275496185404 0.34894760318969353 0.07532749115801998 0.23785377077688158
2 0.511577045179873 0.4318085076962697 0.11180840970699316 0.24293103649173584
2 0.5989770819220291 0.39325419389992805 0.0971368368248236 0.21669263741040498
2 0.6123903940002758 0.2820181522443453 0.0866821391804041 0.24097034822438465
2 0.5838136426508658 0.5888261003014369 0.08683300672817612 0.28707985831084
2 0.7995380813924586 0.7587261403647769 0.07537935187756659 0.2537039148691006