2 0.9026586620926244 0.6515646267217592 0.09090909090909091 0.2929918806727238
3 0.6921097770154374 0.8512155789869128 0.058319039451114926 0.08776087527086375
2 0.7414236706689536 0.6284854952164692 0.08061749571183534 0.26077503975876104
2 0.5188679245283019 0.764556249289951 0.0686106346483705 0.18725600364660003
2 0.4554030874785592 0.6813291553969684 0.07375643224699828 0.30963353725342835
2 0.4073756432246998 0.44535698648349203 0.09176672384219554 0.29605888041249584
2 0.35291595197255576 0.41191748771744363 0.07204116638078903 0.2805637579573704
2 0.5454545454545454 0.4643733023849657 0.08404802744425385 0.26845588275454685
2 0.5591766723842195 0.31849116978095243 0.0548885077186964 0.15347452768792225
3 0.6608061749571184 0.23927008848523101 0.0660377358490566 0.23462992797468435
2 0.7705831903945112 0.3352099695491489 0.09348198970840481 0.24103080038133656
2 0.6573756432246999 0.4777666155200264 0.07461406518010291 0.28059044525008126
1 0.2624356775300172 0.1319269968228629 0.04716981132075472 0.08917428232355128