0 0.42360416666666667 0.6518981481481481 0.019359375000000036 0.033425925925925845
3 0.326953125 0.7689814814814815 0.06355729166666665 0.2120277777777778
3 0.30205729166666667 0.30559259259259264 0.030437500000000027 0.14823148148148152
1 0.2983854166666667 0.26487037037037037 0.03142708333333329 0.06678703703703703
3 0.871328125 0.3281296296296296 0.04814583333333336 0.1673611111111111
2 0.7713645833333334 0.4428333333333333 0.05446874999999996 0.21899999999999997
2 0.6482760416666667 0.46169444444444446 0.05412500000000004 0.19746296296296295
2 0.45769791666666665 0.6157037037037038 0.08338020833333329 0.16475000000000006
2 0.36875 0.5739166666666667 0.05335937500000002 0.18116666666666675
2 0.34904166666666664 0.5797592592592592 0.032734374999999954 0.23728703703703702
2 0.4075052083333333 0.31916666666666665 0.03507291666666663 0.16426851851851848
2 0.42639062499999997 0.338 0.06868229166666673 0.14637962962962967
2 0.4673072916666667 0.3598240740740741 0.06926562500000001 0.17149074074074078
2 0.43205208333333334 0.39568518518518514 0.04875520833333328 0.1728518518518518