2 0.4399413943081626 0.5938148451443299 0.0863532225782174 0.30604223886824466
0 0.5089367862052873 0.3793973924533503 0.01807861321650376 0.031000169536730165
1 0.3626592750587721 0.3242554245859306 0.04241948842319929 0.07995659764992208
3 0.27887300215854693 0.40861611707284146 0.05503541203872752 0.21526691020064787
3 0.6060401869214945 0.949427095951484 0.06926113323542059 0.08421033108026589
2 0.5301287133626759 0.6838293607066758 0.06951543897954181 0.2939403155140412
2 0.5631454493135134 0.5468169101956121 0.05209260241314707 0.1923751714838937
2 0.6052041550732857 0.522029298629189 0.08294237057846139 0.21157992361073502
2 0.605115614336685 0.7064113705381134 0.05903092561048149 0.31371115173033554
2 0.8409621824052671 0.3908698578384269 0.0626035095320497 0.26206177281251897
2 0.5604404982628678 0.4052044011436949 0.10152113771607026 0.2336395542108956
2 0.49921875518921005 0.37055227517869 0.0635969253900086 0.157705364750325