0 0.4861156025872615 0.3681159420289855 0.022150963625526886 0.0391304347826087
2 0.5261541567856012 0.3898550724637681 0.07418770317210167 0.23768115942028986
3 0.7933062142257076 0.14782608695652175 0.0871813296339847 0.22028985507246376
3 0.0627413408881254 0.8521739130434782 0.09546606161187683 0.2594202898550725
2 0.41718488471739323 0.24130434782608695 0.05697341203295222 0.21159420289855072
2 0.5845738205619243 0.5449275362318841 0.11594299549164618 0.2855072463768116
2 0.5326420230898399 0.6275362318840579 0.1183757414219619 0.2811594202898551
2 0.6664074589443343 0.377536231884058 0.1297333011384853 0.26231884057971017
2 0.7617448516064721 0.34855072463768116 0.07912437565847892 0.25072463768115943
2 0.8820123662030818 0.4601449275362319 0.08082687765453501 0.27246376811594203
2 0.3060966052955476 0.4420289855072464 0.08395664989376252 0.2318840579710145