3 0.7045403217613286 0.3436863543788187 0.06302929154565956 0.20570264765784113
3 0.07761881339485259 0.6690427698574338 0.0632423013327884 0.2708757637474542
2 0.2028517928495247 0.5977596741344195 0.07640352434755442 0.27189409368635437
0 0.2984265427668043 0.41140529531568226 0.02301642631146341 0.04073319755600815
2 0.28048064334289385 0.4760692464358452 0.083647555166184 0.21283095723014256
2 0.3599019099450545 0.5061099796334012 0.06828453785798831 0.23828920570264767
2 0.36403110631471614 0.5554989816700611 0.06099058287050029 0.2820773930753564
2 0.4342310158531569 0.5188391038696538 0.07632031739945719 0.24643584521384929
2 0.41702860512218926 0.5310590631364562 0.08556682725912917 0.27494908350305497
2 0.5508629806538681 0.36608961303462323 0.05608442431713391 0.18126272912423624
2 0.5934563010187253 0.46181262729124234 0.07002741122096762 0.24643584521384929
1 0.33597967216846947 0.2988798370672098 0.04258371695413136 0.07637474541751528