3 0.8077256944444444 0.30297430208793713 0.051215277777777776 0.20321994931277162
3 0.09809027777777778 0.25280073154630645 0.0720486111111111 0.22988548215730564
2 0.054253472222222224 0.6361531687373732 0.10850694444444445 0.284652016487092
2 0.1909722222222222 0.550246808276541 0.0798611111111111 0.2948619088258577
2 0.5720486111111112 0.4894570358582203 0.059027777777777776 0.218813659931941
3 0.7352430555555556 0.8261662612473992 0.059895833333333336 0.19568346865643024
0 0.5707465277777778 0.46473874252457276 0.019097222222222224 0.038975298111604724
1 0.7196180555555556 0.21087390173745552 0.043402777777777776 0.09194722634792324
2 0.7387152777777778 0.5662072245404183 0.078125 0.2701346370558914
2 0.6419270833333334 0.43611861348825326 0.0954861111111111 0.2735801942617273
2 0.62109375 0.562230858421497 0.0703125 0.2699730252021541
2 0.5967881944444444 0.46682065858024024 0.04079861111111111 0.1999180470880354
2 0.5342881944444444 0.4200030723923173 0.0798611111111111 0.22078783475178365
2 0.5130208333333334 0.5445631290126992 0.11024305555555555 0.2707990413434779