0 0.5864921875 0.18120833333333333 0.01928125000000005 0.03186111111111111
1 0.5840625 0.171625 0.03629687500000003 0.05159722222222221
2 0.6214375000000001 0.34679166666666666 0.07354687500000008 0.2658055555555556
2 0.5848828125 0.34669444444444447 0.04575781249999995 0.340625
2 0.6623359375 0.5035277777777778 0.05065624999999994 0.2292916666666667
3 0.0875 0.22501388888888887 0.035367187499999994 0.20836111111111108
3 0.7646171875000001 0.4618472222222222 0.036476562500000045 0.22924999999999995
3 0.45334375 0.74425 0.05611718749999994 0.10794444444444448
2 0.01015625 0.446125 0.0203125 0.24223611111111107
2 0.2348203125 0.6559583333333333 0.07375781249999998 0.2758194444444445
2 0.345421875 0.2665277777777778 0.054335937499999966 0.2025
2 0.368375 0.43200000000000005 0.04710937499999997 0.24734722222222227
2 0.3796484375 0.6019722222222222 0.05278906250000004 0.28172222222222226
2 0.5093593750000001 0.4298194444444445 0.05721093750000002 0.22075000000000003
2 0.5476640625 0.45175 0.06038281249999997 0.23961111111111108