3 0.3744302293805162 0.8927884615384616 0.07309952554922397 0.18461538461538463
3 0.6853030651091668 0.3875 0.06345156268170948 0.1971153846153846
2 0.19677725610474414 0.32740384615384616 0.0685743076504837 0.23653846153846153
2 0.469941309312379 0.4634615384615385 0.07457686142411714 0.24519230769230768
0 0.7557205766545786 0.4889423076923077 0.01914535022966865 0.03461538461538462
2 0.7711540966229247 0.5259615384615385 0.07360270623977895 0.26153846153846155
2 0.5495259958917681 0.5682692307692307 0.07491021863160977 0.29615384615384616
2 0.394173485382025 0.6841346153846154 0.06883218775439316 0.2759615384615385
2 0.3282157173224274 0.520673076923077 0.08698413482202169 0.24134615384615385
2 0.1301850950918002 0.7567307692307692 0.10974382405421801 0.3326923076923077
1 0.659967225750519 0.29423076923076924 0.04323104242778533 0.08076923076923077