0 0.40475523848173517 0.8040888197712324 0.024426815929398285 0.04045974820256294
1 0.7094183880152324 0.2375782213740308 0.036737302591049126 0.07554617968089376
2 0.5520266190203839 0.28247920231966595 0.046265053548964555 0.21302009443707856
2 0.5999324935925195 0.436668817632035 0.04992484506653734 0.24485392263463432
2 0.498197410370225 0.6384818388099497 0.08459457646833256 0.2681102373970781
2 0.4178021842237077 0.6567982020692352 0.07340176548619616 0.31602753138336726
2 0.37350842937917583 0.6543433085066129 0.05336369886001384 0.24287627542235424
2 0.3409090120488111 0.7556283484988933 0.13566226512031718 0.24765491850235333
2 0.22985989471133114 0.4453962947010704 0.04814516242686387 0.23662143476536462
2 0.22162449623828553 0.3407033040978217 0.06592819555243774 0.2287943012177638
2 0.37797872899116786 0.4105504604198766 0.054380545195237204 0.2224083165155285
2 0.1442498827790033 0.3811139279043203 0.05500947984871978 0.23061696001293527
3 0.31810079367186 0.8959466409095066 0.06699190746549982 0.20810671818098686
3 0.3372683768740002 0.25599757734968326 0.04106660236345983 0.20983902427189222