0 0.43564288898376113 0.12079510703363915 0.024133471625611438 0.03669724770642202
1 0.4306717260707109 0.1743119266055046 0.04314609346482049 0.08103975535168195
2 0.44616678473843663 0.32339449541284404 0.09558701325277769 0.382262996941896
2 0.4501932832793174 0.3746177370030581 0.09390667432368395 0.3929663608562691
3 0.3165868736217386 0.2996941896024465 0.05660434539235357 0.26299694189602446
2 0.5110206431216842 0.48623853211009177 0.0644677391012024 0.3073394495412844
3 0.478992203342503 0.7897553516819572 0.06380911685845266 0.10550458715596331
2 0.7011313210189911 0.6620795107033639 0.07734221222266212 0.3103975535168196
2 0.7956499961010752 0.4541284403669725 0.10896984993618686 0.2782874617737003
2 0.6434198645712793 0.32262996941896027 0.08924928203722556 0.2798165137614679
2 0.596183265964964 0.5649847094801224 0.06707556483763184 0.3180428134556575
2 0.7962728336955375 0.25076452599388377 0.08320593500593239 0.26758409785932724