0 0.5367697252783982 0.513565913790001 0.025145445745273807 0.044681888469862714
3 0.8480589024507278 0.4718894859585401 0.07729821668462078 0.21534760632587677
3 0.3330148431564109 0.25815995719937773 0.06511678216695382 0.2312891846948257
3 0.47181665035148174 0.8982820428238054 0.06717017157362241 0.20343591435238909
2 0.25675711810554 0.6855234702878471 0.09341967678035501 0.2656070911031248
2 0.37532772052726115 0.6725720298793811 0.13083320557239517 0.32081242955942646
2 0.4354743331802092 0.6854807394905701 0.08926647911214307 0.29675402622742764
2 0.35260338847390976 0.4738561131145846 0.10459607872696247 0.26761292704455236
2 0.5375918223780052 0.2772875144416389 0.06670014848650499 0.22752496304022532
2 0.5117616341603067 0.34837912723867404 0.08960034022496165 0.2362680317376461
2 0.482381338745488 0.4723623044887558 0.09070439968642031 0.24856636411914126
2 0.5420826850339184 0.5117305435613712 0.09217945534459736 0.2117208570203065
2 0.7240072170641935 0.6790120936233142 0.1003778946619261 0.27891109090231436
2 0.8698511021267961 0.79204723204798 0.10683823814345468 0.30260656723287355