1 0.2591458333333333 0.2984907407407407 0.029531249999999995 0.050675925925925944
2 0.36286979166666666 0.32387962962962963 0.037760416666666664 0.12230555555555558
3 0.14568229166666666 0.4890555555555555 0.04088020833333334 0.18874999999999997
3 0.28778125 0.8008425925925926 0.047744791666666675 0.20815740740740735
3 0.798046875 0.36426851851851855 0.025302083333333295 0.1475277777777778
2 0.7372083333333334 0.4418703703703704 0.0468593749999999 0.16847222222222227
2 0.6495520833333334 0.5249907407407407 0.057734374999999956 0.18654629629629632
2 0.6287760416666667 0.542287037037037 0.03571354166666675 0.1887407407407407
2 0.5047135416666666 0.5253981481481481 0.0480104166666667 0.19431481481481477
2 0.6079895833333333 0.6949166666666666 0.069671875 0.2000185185185185
2 0.6688020833333332 0.700398148148148 0.0793125000000001 0.24339814814814825
0 0.7106927083333333 0.6230092592592593 0.015958333333333265 0.030740740740740784
2 0.09703645833333334 0.72225 0.05427083333333333 0.2153333333333333
2 0.237671875 0.6463611111111112 0.04647395833333334 0.21400925925925915
2 0.33923958333333337 0.4293611111111111 0.026963541666666656 0.17585185185185181