3 0.7217748324070037 0.18133957583225468 0.049975559746918106 0.20199617034184392
2 0.9653269913362532 0.5711668321460929 0.06934601732749364 0.2664097246775093
1 0.32560644224812635 0.1473902987117011 0.03990785790267217 0.07354244477778347
3 0.4509211705236095 0.709843411133475 0.06495908940998116 0.18424202248601884
0 0.8511649929510913 0.27670231743819745 0.020407558302965007 0.041999444649944685
2 0.18289860658152307 0.6451331309697514 0.0905368698174488 0.2471890894924795
2 0.39849228388705127 0.5175226833447164 0.06353504359638729 0.22303062597912046
2 0.4397159262898341 0.3433343257409152 0.05006341585532571 0.21542900616273938
2 0.47223910517388523 0.3779969920807985 0.04263998355255558 0.23475384128468182
2 0.6949200207835743 0.307918697647536 0.06333004601010303 0.19168734239703092
2 0.6866826545311516 0.45931571835213225 0.0771238128153256 0.24854269355669542
2 0.6474093129669782 0.4827881989474831 0.09135627241229922 0.24421269819368996
2 0.7905527237812802 0.30816232839148955 0.07611893621383685 0.22316087590026126
2 0.734423646034019 0.5120451323585785 0.05043436386860178 0.27214542407318715