3 0.2911953125 0.19733333333333336 0.04808593749999997 0.19229166666666664
3 0.38371875 0.7345833333333333 0.05678906249999995 0.12790277777777775
3 0.897796875 0.5564722222222223 0.04700781250000006 0.24388888888888893
1 0.675703125 0.17730555555555555 0.03677343749999995 0.07404166666666667
2 0.236421875 0.328 0.05512499999999996 0.21468055555555554
2 0.363 0.4008055555555555 0.04438281249999996 0.25001388888888887
0 0.435671875 0.5663888888888889 0.02139843750000008 0.03681944444444443
2 0.4356171875 0.5743194444444444 0.05394531249999997 0.2698472222222222
2 0.4734453125 0.5422361111111111 0.11965625000000006 0.23598611111111106
2 0.513234375 0.2081527777777778 0.04299218749999998 0.19659722222222223
2 0.5256796875 0.3731666666666667 0.04657031249999992 0.22361111111111112
2 0.588796875 0.4829861111111111 0.054906249999999976 0.23869444444444446
2 0.6872265625 0.5011111111111112 0.06711718750000006 0.1815138888888888
2 0.6680546875 0.6193055555555556 0.09553906249999997 0.22598611111111117
2 0.7707109375 0.6573333333333333 0.05226562500000007 0.2414444444444444