3 0.7548802083333332 0.8761574074074074 0.05898958333333345 0.1967499999999999
2 0.6937447916666667 0.42392592592592593 0.04505208333333333 0.17748148148148143
2 0.595609375 0.6717037037037038 0.052958333333333246 0.19155555555555565
0 0.5766145833333333 0.6595555555555556 0.01758854166666666 0.03393518518518527
2 0.5749218749999999 0.6325000000000001 0.08241666666666655 0.16500000000000004
2 0.624640625 0.4861851851851852 0.052682291666666714 0.1686666666666667
2 0.39872916666666663 0.3627962962962963 0.04044270833333338 0.17002777777777778
2 0.3853854166666667 0.4285740740740741 0.03458854166666671 0.16084259259259262
2 0.3891041666666667 0.5697962962962962 0.042026041666666694 0.17292592592592593
2 0.3512135416666667 0.5553611111111111 0.053744791666666694 0.2033148148148148
2 0.2758645833333333 0.6391481481481481 0.05721874999999998 0.20792592592592588
2 0.16731770833333334 0.7112592592592593 0.05261979166666665 0.24474999999999994
3 0.070734375 0.5815648148148148 0.03861458333333333 0.20757407407407413
3 0.6051458333333334 0.3353888888888889 0.026708333333333438 0.13109259259259262
1 0.3029791666666667 0.30797222222222226 0.03099999999999999 0.055314814814814824