0 0.3777673261308352 0.1641337386018237 0.021559410605622022 0.034954407294832825
1 0.380823172866572 0.1534954407294833 0.040479667262649476 0.057750759878419454
2 0.33691504598059074 0.34422492401215804 0.0846806811600114 0.2933130699088146
2 0.3765858497120459 0.34498480243161095 0.05619664603531983 0.3738601823708207
2 0.2893013616900298 0.5144376899696048 0.059668587778044464 0.25227963525835867
3 0.9217139709495759 0.22872340425531915 0.04245481576265514 0.22948328267477203
3 0.17827591095431747 0.46504559270516715 0.04431022600330039 0.25227963525835867
3 0.5132167051051345 0.7849544072948328 0.06307103090789916 0.12006079027355623
2 0.993499306630644 0.4726443768996961 0.008553475515035032 0.26443768996960487
2 0.7531369501176568 0.6952887537993921 0.08560342209370056 0.303951367781155
2 0.6394741387738141 0.26595744680851063 0.06289291796924527 0.22340425531914893
2 0.6114204934358564 0.446048632218845 0.05553144502642159 0.27203647416413373
2 0.5961307336037504 0.6314589665653495 0.06260559292465288 0.3100303951367781
2 0.4574598963943422 0.43844984802431614 0.06643495610499442 0.24316109422492402
2 0.41550209707519864 0.4612462006079027 0.06998692261401085 0.26443768996960487