1 0.590257269967102 0.06486645103895862 0.04351552934209495 0.08734396373755259
3 0.9244264629885146 0.3223258974900601 0.07629876004196154 0.26811313677111787
3 0.3902429454651801 0.7274170373686185 0.07762718981704946 0.22347808217016407
3 0.23227910325624954 0.22643083368035888 0.06624425285280605 0.21747966034225763
2 0.7232601423285003 0.4799254727160888 0.08623068319943306 0.30001462472735574
2 0.6898371222120658 0.4489210004091248 0.12744654005386674 0.2835786574750838
2 0.5848092663108899 0.4021093101367631 0.10055336594081532 0.2599706030594069
2 0.5622036945776822 0.38961047655914693 0.07809866686198799 0.2955241916802507
2 0.36781409122187786 0.19265097643347545 0.07019239176029396 0.20171334948828853
2 0.3867485600124723 0.3946813779655689 0.12957591305953062 0.23751944733157837
2 0.37955807840035566 0.5648359462667478 0.10140145687588531 0.26575105846786373
2 0.2756467714769549 0.5331287890200294 0.08583464248168474 0.2394958927388831
2 0.24586543018879822 0.5647205987485907 0.12826634236624035 0.28503634631293545
2 0.05242735884504049 0.40808176997709256 0.07931394214629063 0.23359807079687633