0 0.564662273476112 0.15690891153165706 0.022240527182866558 0.03835349179603489
1 0.5613673805601318 0.14741224191177996 0.042009884678747944 0.06348491102691896
2 0.6128500823723229 0.32209902437045335 0.09637561779242175 0.29571948106727536
2 0.5749588138385503 0.3305559454427466 0.07248764415156507 0.36878587833337834
2 0.6672158154859967 0.47622809069373345 0.06919275123558484 0.25291597903829943
3 0.045304777594728174 0.3228446031677382 0.051894563426688634 0.2263438757743258
3 0.771004942339374 0.40843769984889416 0.054365733113673806 0.24982987795824485
3 0.4658154859967051 0.7789003185365173 0.06672158154859967 0.1267906806666971
2 0.23064250411861614 0.7388137942125109 0.09719934102141681 0.3074582168881126
2 0.3183690280065898 0.30462083398543366 0.07166392092257001 0.22508233312837703
2 0.3542009884678748 0.4721383184476381 0.06754530477759473 0.2704942258716984
2 0.378500823723229 0.6471066088003901 0.0757825370675453 0.30870269844957177
2 0.5016474464579901 0.4361538733799533 0.0757825370675453 0.24565284507713775
2 0.5432454695222405 0.44965269976491923 0.08072487644151564 0.2662318875681432