3 0.8311534991750149 0.1914008454223105 0.061189052579415044 0.19430251328991513
2 0.9550960885746622 0.37894191085514856 0.06127308789890675 0.21999421289465818
2 0.5855952670980235 0.442803802417213 0.07740682390372715 0.22707792540900376
2 0.4267189363156677 0.2751574768281594 0.0494254220825658 0.16453751879779055
2 0.2725934120532263 0.6258234022904499 0.0846225818706038 0.22517637579195093
3 0.39539095300119853 0.8029774759647682 0.05953854655111223 0.19922597822130547
2 0.12005338086147485 0.7818482915069339 0.08687389324188081 0.23409265179910885
0 0.31331952956712184 0.3387051584523289 0.017877973735633077 0.030816374065168635
2 0.35905626947443053 0.47948989474639303 0.08678339366704374 0.20642466760938552
2 0.3705372740019929 0.507769801377939 0.07010703061735891 0.20328777542131374
2 0.3672635498285265 0.44103857799457913 0.06905086567668453 0.22007469670627222
2 0.3497973019670115 0.36625562075728707 0.03810099054505296 0.0992051506197084
2 0.3257421437050548 0.400096455147824 0.05903470503832068 0.2150305060574607
3 0.25897851320820553 0.36976232513071466 0.05336925714189154 0.1813761796759296
1 0.3353025743415603 0.2658125825555288 0.0362856460054397 0.05373335863410287