1 0.7617755631247268 0.1261682242990654 0.045734248810841226 0.08566978193146417
3 0.8477094311142203 0.2087227414330218 0.06281050785158264 0.22897196261682243
2 0.7336439242160198 0.34501557632398755 0.09876663554883083 0.26479750778816197
2 0.7003912509883808 0.20015576323987538 0.05753015399784425 0.21806853582554517
2 0.6769223671936493 0.37461059190031154 0.06467572645792175 0.26479750778816197
3 0.5610354513751913 0.7562305295950156 0.0651786096955093 0.15109034267912771
2 0.7186902851215982 0.5841121495327103 0.07772150286741253 0.24454828660436137
2 0.7295179823964483 0.6876947040498442 0.06632226789479302 0.2336448598130841
2 0.47039981269933717 0.3045171339563863 0.12658609805378832 0.21806853582554517
2 0.38919539432996125 0.4657320872274143 0.06457401614654128 0.2336448598130841
3 0.1813511885914498 0.2585669781931464 0.06191603991518061 0.22274143302180685
2 0.20310858485440292 0.6308411214953271 0.08309848151696221 0.2850467289719626
2 0.33227325084448706 0.5677570093457944 0.06557019439432367 0.27102803738317754
0 0.24588931472713552 0.34735202492211836 0.019342650573287618 0.03426791277258567
2 0.23421575331566166 0.3862928348909657 0.07423517040204707 0.24766355140186916