3 0.29106221321046655 0.25584625304744196 0.06037686249878417 0.20710749815101587
2 0.07645064098862628 0.6835977938523886 0.08630357905873771 0.2752201127883901
1 0.6779574543614937 0.149331612159955 0.04337824445256341 0.08009222293535351
3 0.5931863471569886 0.7247120888786052 0.07359079605772229 0.19102060327929798
0 0.1703795429286755 0.372880770971335 0.022532781836093405 0.04447947109866636
2 0.8523626089141062 0.6121442706915416 0.10200507480673084 0.25915896052645515
2 0.6315093172153855 0.5259312068710611 0.0745502333752148 0.23085219299878323
2 0.5795666387791413 0.3634838697741278 0.06124946653551603 0.22039041530412945
2 0.5498437303960486 0.4028783268142375 0.05466903214739042 0.23654595713526858
2 0.3258642399224793 0.3749591734941165 0.07195654162078607 0.19837807280787925
2 0.34417417605937445 0.5222673101594033 0.08873325239395213 0.25754674035392516
2 0.3848574232632886 0.5380710363235083 0.1028246140607755 0.2562176888890081
2 0.23180694725483914 0.3928947541483104 0.08699286839164173 0.2324558323013855
2 0.3008372126326279 0.5824523191049419 0.06391551935724518 0.2749884293003431