3 0.1975968694451269 0.27893667872155486 0.0495870228398144 0.19687555332209128
3 0.8907383199300823 0.25966328780711156 0.07008378288685281 0.22125565591342503
2 0.9389662973599731 0.6368322261609006 0.11788654718466475 0.2746178892509076
2 0.798962923432109 0.5468881672544085 0.07727760851880318 0.2847700707751889
2 0.4272587769853912 0.47143229030153605 0.0573127521065016 0.21206038786634912
3 0.266642388309273 0.7941166155639279 0.05801229379969119 0.189410565857
0 0.42837218642987823 0.44724992361767435 0.018043136726039893 0.03794890396681273
1 0.2839090567381195 0.193443736794632 0.04210722640226781 0.08955449193464778
2 0.2641333416910181 0.5395936817721015 0.07543477733063703 0.26209388397817696
2 0.3590973075122081 0.41624411263518624 0.0923937909352718 0.26378022324739014
2 0.3789786417589873 0.5406687332231824 0.06780765868656922 0.2620147896151881
2 0.4029533881474499 0.4482688585033672 0.03939780918986679 0.19374894613518576
2 0.46411302583908637 0.40458034995156317 0.07765173515734906 0.21227130616765263
2 0.484413158368294 0.5282452893992189 0.10678084847176486 0.2609084756745595