3 0.9801669065116296 0.4627206240942688 0.03732982040186514 0.25216844415194617
1 0.6380464916057482 0.1230773940453692 0.04312956504670349 0.08422082893690758
3 0.3797026007499287 0.7385554240884686 0.08325998527818178 0.2220482338429165
3 0.16456196007732607 0.27623429781312975 0.05944584414341118 0.2201427513512885
2 0.3094350220465264 0.5062693037289814 0.07309489669386555 0.26844474698543314
2 0.4353879705611915 0.4549355262221312 0.07464064235394592 0.25576575278619346
2 0.4646124860806423 0.3759458144260555 0.07931943526140862 0.23044063459525335
2 0.4364794388332602 0.3638173962031071 0.06979562573759909 0.23024341335001455
2 0.4815143717604966 0.4250274879435904 0.10630817957078234 0.2324118575019609
2 0.5583510089111249 0.3471703139891177 0.09194397075587274 0.20810472619907444
2 0.5547475236373673 0.2356705686040123 0.08170962229285449 0.23331479866362512
2 0.5724102096853478 0.5375442306710695 0.08027007511345007 0.27847966856907985
2 0.80117991866799 0.5935371665102914 0.06985103364056035 0.24719256589238744