3 0.14098128241329433 0.31982040136119927 0.0517094535680728 0.18705181462150278
2 0.3014284680435378 0.48368307310474423 0.10293621905842344 0.22664269174300555
2 0.2658351040004553 0.6988875967307167 0.09204310636299967 0.2558259372545102
2 0.2760965701264428 0.333559477402708 0.09074601545735171 0.1952676993056608
2 0.7407029941950002 0.48255870305214776 0.08152682728856948 0.23228048924043998
3 0.424833726093987 0.8017321566475359 0.06925031522326927 0.17453830930309522
0 0.7056676217265078 0.4433715361653325 0.016576218167317445 0.028490756732742817
2 0.42535157687935776 0.6435290316475359 0.07280594391265797 0.25367396064964387
2 0.3394512053270335 0.28163657659386054 0.08139256967754736 0.19126486424043987
2 0.6200797852656699 0.3217020931628076 0.08465091365681594 0.1795802030869884
2 0.46100549334148755 0.49375135478435117 0.05283712415505006 0.1958522400703524
3 0.7593161352665887 0.251417023883343 0.06702694014717693 0.16670308340539608
1 0.8703692616182157 0.1467565817867537 0.034819967641704024 0.06285793288875996