3 0.2011049723756906 0.1466252225316829 0.06353591160220995 0.19581350309326592
2 0.33314917127071825 0.3786674457349135 0.11602209944751381 0.24601529590226703
2 0.26795580110497236 0.573041762345279 0.10718232044198896 0.27235500429568016
2 0.3301104972375691 0.22106822991377398 0.10165745856353592 0.21231928667810565
2 0.7593922651933702 0.5766269592404156 0.09558011049723757 0.2465746927801097
3 0.40718232044198893 0.7455051361427157 0.07955801104972375 0.1873041175830533
0 0.7309392265193371 0.5222057969159145 0.018232044198895028 0.031811384837406476
2 0.4303867403314917 0.5912922537795512 0.08839779005524862 0.2660724641994631
2 0.39917127071823205 0.19901075772945614 0.09226519337016574 0.20623106181663767
2 0.6654696132596685 0.36491588761933946 0.09502762430939227 0.1954827123739514
2 0.48646408839779004 0.46095722487276125 0.06464088397790055 0.20467722814919734
3 0.8104972375690608 0.3594596361108574 0.07679558011049724 0.1793884198744624
1 0.9331491712707183 0.3078061941952024 0.03812154696132597 0.06955097022531119