0 0.15483500961996674 0.698236964516815 0.02347282175878358 0.04752367306061284
2 0.14307907452518703 0.7147136502049135 0.0852921997935687 0.25740547164187266
3 0.13116516452508037 0.6637888358074039 0.056294567309311976 0.2289379572350731
2 0.35981437280941536 0.6410083741106603 0.05937581368518454 0.268202634447402
2 0.48659405792128024 0.504001160365465 0.1310746337824994 0.26089766904095457
2 0.49713090413460576 0.38741801810814025 0.06748224363192533 0.21195240049082675
2 0.778742828138534 0.3430549366953301 0.07832189157288873 0.22816018597011056
2 0.7762984721523896 0.22834924908020648 0.05848871389988215 0.21890100685201863
2 0.8267884361538684 0.34707356399304756 0.0726590259757487 0.22608958406054366
2 0.6208245500113139 0.5994497687661603 0.1267323588919146 0.2880138233281904
2 0.6465272797706894 0.5559564288982567 0.10247801783022809 0.2937983638896882
2 0.6227888030582414 0.5974581816477884 0.0884720567920607 0.3117606921137589
3 0.7891481935217005 0.2063510700919288 0.048621232465552694 0.17856005805243488
3 0.7291548931875971 0.6649539996453276 0.07694253031103353 0.2764323655582063
1 0.41681885916702943 0.2437385361278191 0.04230753675912463 0.07689187062978946