0 0.43031854379977247 0.5467584266706856 0.02502844141069397 0.04505261776582968
3 0.10068259385665529 0.45388706329551826 0.07224118316268487 0.22619208379612732
3 0.6598407281001137 0.3056702206233419 0.05802047781569966 0.24512841847555322
3 0.47696245733788395 0.9258534100872191 0.05631399317406143 0.1297084709447767
2 0.7198521046643913 0.7735572614725439 0.08703071672354949 0.27811772892790476
2 0.5944254835039818 0.7417412187498043 0.12571103526734925 0.33357446135290236
2 0.5298634812286689 0.746114388859866 0.080773606370876 0.31341327893988863
2 0.6282707622298066 0.5330445131006032 0.09954493742889647 0.27837683133308677
2 0.44084186575654155 0.29401018073022206 0.059726962457337884 0.2401030218767752
2 0.46501706484641636 0.37397522903747293 0.08475540386803185 0.24669410118106644
2 0.49032992036405004 0.5111029573984301 0.08532423208191127 0.25986377329996224
2 0.4246302616609784 0.5443458361187533 0.08873720136518772 0.2184364618837825
2 0.2229806598407281 0.6947759787855454 0.09442548350398179 0.2914287296314452
2 0.062002275312855515 0.7927446054371151 0.10011376564277588 0.31685014717667903