3 0.39331943682544973 0.9027867117629785 0.07323113542853872 0.19289484668403323
3 0.7047293350634178 0.38327695392061717 0.0628427224767545 0.20049144334818114
2 0.2072244320339192 0.327571617550509 0.06750045774721192 0.2406214125159083
2 0.4863223567126809 0.4627557672013866 0.07360195471491611 0.24953547168403334
0 0.7768730089604973 0.4853685331048493 0.01891148237631179 0.03554260333784076
2 0.7931103781590906 0.5233070893588264 0.07260534859156746 0.2651377450171015
2 0.5680590381992426 0.5684641734712721 0.07339135627198305 0.30128192085056726
2 0.41148743121552284 0.6878012621836886 0.06721313807261439 0.28064911168244233
2 0.3427781119606172 0.5227839000835189 0.0862073501724187 0.24491401585374906
2 0.14391741556090576 0.7643099321192597 0.10823690458236046 0.3371540608589192
1 0.6778737741621909 0.288470505997322 0.0433877980428211 0.08194102751034049