3 0.6454173427839244 0.8177839739496248 0.07270402815902392 0.2901558997165724
3 0.1592065436578606 0.32621478634752865 0.04624861176389115 0.2120027691099127
0 0.5827139567636451 0.281450016403319 0.015876947951897768 0.030931458715882452
1 0.731457141142676 0.2241452142080236 0.03883124099987784 0.06962794799670943
2 0.7117092254546269 0.7642168823756472 0.07233922215837181 0.23438666894734167
2 0.7117854599618222 0.5873049935868223 0.05852380023052516 0.18809297111534726
2 0.6249412146369274 0.4776343093842979 0.08336388476266841 0.2671908579821675
2 0.5869028619264798 0.3434216976019795 0.05035279453609758 0.17839367549307397
2 0.5441439300978959 0.2698307614335914 0.04351446026802871 0.2071671064665909
2 0.2967633511311589 0.6156369016444263 0.05841134197876247 0.3361587060580186
2 0.18638100131093208 0.3860256427702607 0.039303351599079314 0.2244300462372759
2 0.36127379138783455 0.4625757526032847 0.04647504307464088 0.24661815372529744
2 0.45286415356719956 0.42509189372054296 0.06907710963923254 0.23146848915997056
2 0.46222240883583887 0.5644086833682274 0.05039720154832729 0.2678111583490249