1 0.7757748631065231 0.16799591294418748 0.04034307801512268 0.07125368188763076
2 0.7384483630307872 0.43836761772411104 0.09633482245810644 0.2635477797145627
2 0.6976666709388171 0.5557398734353388 0.12337167047065477 0.41198529934539463
0 0.24142897330679625 0.5533292967992364 0.02440882714315443 0.03571463812793844
2 0.26737658750304655 0.5664432389114878 0.08474942630355671 0.17578850298480234
2 0.3168740670320907 0.5483528512641486 0.05308142603898116 0.16607862472095067
2 0.34324221730295124 0.5192191253952476 0.10524289410079668 0.223493631681872
2 0.31030110463130306 0.657882029746885 0.14876581709873457 0.4034577564943975
2 0.46079742796545803 0.5090785812519575 0.08424033201360537 0.192879412387751
2 0.47455213277337305 0.5360253451453102 0.11388838966586443 0.27598310934991654
2 0.6391002495427918 0.49617231854521326 0.10950337894397118 0.3171369439296421
3 0.9822254564915062 0.44593397292723985 0.03380045116420332 0.31657433712395056