1 0.2584801952534783 0.24592940340370686 0.04920801471187125 0.09359975094449757
3 0.6287927204885482 0.7167487171373875 0.09606311363385588 0.24122734950245925
3 0.763537045547607 0.12277920992301132 0.0715768363921384 0.23046351006624663
2 0.6579464291858725 0.43926357794619686 0.08778347849400707 0.28768654124703974
2 0.5221150681471872 0.4626319404093142 0.08858740544300571 0.27568326471522425
2 0.4784762391860237 0.3991146323760264 0.09187178913896082 0.24869117960898374
2 0.5047101748363726 0.37010615298284266 0.0825969156145089 0.24859508932682078
2 0.47026990428514837 0.4590917053742185 0.12056410713985032 0.2564956934431766
2 0.37889139108189 0.42586162349060186 0.10445557346649682 0.22930269229241365
2 0.36240324941286645 0.31082204902180444 0.09441601636445232 0.2532218905540781
2 0.39847015230055105 0.6272724762165223 0.09541616017048155 0.3012786740823228
2 0.17776254117885654 0.8209384618311478 0.08349895099202283 0.26662184282503537