3 0.28754266211604096 0.324468085106383 0.06911262798634812 0.2127659574468085
0 0.6796075085324232 0.26595744680851063 0.023890784982935155 0.041033434650455926
3 0.8724402730375427 0.4870820668693009 0.09982935153583618 0.24772036474164133
2 0.6651023890784983 0.44756838905775076 0.08020477815699659 0.24772036474164133
2 0.7218430034129693 0.6223404255319149 0.07423208191126279 0.2796352583586626
2 0.6531569965870307 0.6838905775075987 0.08276450511945392 0.2735562310030395
2 0.39761092150170646 0.7553191489361702 0.09300341296928327 0.2872340425531915
2 0.2785836177474403 0.47720364741641336 0.06484641638225255 0.23860182370820668
2 0.2069112627986348 0.7203647416413373 0.08276450511945392 0.2735562310030395
2 0.06143344709897611 0.8411854103343465 0.09385665529010238 0.303951367781155
3 0.1561433447098976 0.9574468085106383 0.06996587030716724 0.0851063829787234
2 0.6902730375426621 0.2993920972644377 0.12713310580204779 0.30243161094224924
1 0.6565699658703071 0.20516717325227962 0.04778156996587031 0.0790273556231003