1 0.6778875921192528 0.06692307692307692 0.03939266911386991 0.08153846153846153
3 0.9813560254790908 0.4746153846153846 0.032866650659782615 0.2723076923076923
3 0.38806072404738184 0.6776923076923077 0.06276962672972132 0.2230769230769231
3 0.2864898899637121 0.09846153846153846 0.04878187810366391 0.19692307692307692
2 0.764497192266141 0.556923076923077 0.06330219221664832 0.3046153846153846
2 0.7337105615269982 0.5107692307692308 0.11145041577204494 0.2723076923076923
2 0.6306865228466398 0.41846153846153844 0.0837060318444455 0.2553846153846154
2 0.6088114993365377 0.39615384615384613 0.05466661363288321 0.3046153846153846
2 0.4315022955357768 0.10846153846153846 0.05658404404529373 0.20153846153846153
2 0.4257475842697327 0.32846153846153847 0.11887074230795343 0.21846153846153846
2 0.3974050177164156 0.5030769230769231 0.08460978332447709 0.26153846153846155
2 0.29384369185002507 0.4269230769230769 0.06976852524545685 0.23692307692307693
2 0.25873394511269115 0.44769230769230767 0.11146046417745861 0.27384615384615385
2 0.0776891545268401 0.20307692307692307 0.06370352342599384 0.23384615384615384