1 0.6500535479754782 0.2550925925925926 0.036658321233084955 0.06111111111111111
3 0.7454874263901555 0.37175925925925923 0.046978371323467154 0.19074074074074074
3 0.32031319450779616 0.31851851851851853 0.04581246974937893 0.1527777777777778
3 0.32048392297230993 0.8481481481481481 0.056177624381261164 0.13703703703703704
0 0.2966853178479713 0.49907407407407406 0.01572499394987581 0.030555555555555555
2 0.31541562206996543 0.4930555555555556 0.0891173894083759 0.17592592592592593
2 0.3486216903761842 0.45416666666666666 0.07420109016268792 0.23333333333333334
2 0.3232158279642436 0.4097222222222222 0.03807269262201594 0.175
2 0.2502567396218721 0.39675925925925926 0.041188602262936296 0.17222222222222222
2 0.21774777247203977 0.7282407407407407 0.07579086123992672 0.24166666666666667
2 0.3589902223816576 0.5986111111111111 0.053319274914263325 0.21851851851851853
2 0.5692097576413169 0.4587962962962963 0.07776814038399778 0.20925925925925926
2 0.6629402354902602 0.5324074074074074 0.05799162431579721 0.21388888888888888
2 0.7143739554032987 0.4930555555555556 0.0460457889657557 0.22407407407407406
2 0.879519375939722 0.6648148148148149 0.07579995159900647 0.24444444444444444