0 0.42611721749149173 0.6631834122768728 0.020534595566919504 0.03559301244192472
3 0.33224746625887913 0.7888459051807318 0.0708728743484683 0.21953406815145995
3 0.29501938789812016 0.3252234476332358 0.03557502945507108 0.15213202476474302
1 0.29017806622103975 0.28466919308649086 0.03373630221770765 0.07017908855484273
3 0.8671079111802438 0.3008807838236163 0.0539666484371868 0.17280579016826578
2 0.7698426335468602 0.42418031965692476 0.061993672677618294 0.22595967047288806
2 0.6467069898458885 0.45316803845992804 0.060873448638108965 0.20360246781029784
2 0.4594927451181752 0.6239556955105746 0.0890482284527946 0.17409982610619326
2 0.3690264843188006 0.5894990059786425 0.059774546487959164 0.18776295602294027
2 0.3493686085918437 0.5967446590345913 0.04057948582253273 0.2415662523888571
2 0.4012899264744323 0.33004748809098616 0.04086545926480773 0.1689459710385881
2 0.4206053035155304 0.34747324200439894 0.07380101671141756 0.1543896612416516
2 0.46243072357766984 0.36606302448566197 0.07545393891293377 0.17954557696738047
2 0.42800807553213804 0.4052799073044538 0.05450848455177624 0.17839779932079