3 0.5656593406593406 0.8315532658297085 0.06923076923076923 0.21751274077751992
2 0.6596153846153846 0.7841950149530743 0.06758241758241758 0.2497222588542456
2 0.6623626373626373 0.5966666075809506 0.07912087912087912 0.19027125731716543
0 0.6697802197802197 0.2518633451762162 0.01868131868131868 0.033396295130441844
1 0.670054945054945 0.3299855044390039 0.036813186813186814 0.07166972128645899
2 0.557967032967033 0.4146406189716551 0.056043956043956046 0.17538419789132564
2 0.567032967032967 0.5034140621436466 0.09010989010989011 0.2226114493056608
2 0.4835164835164835 0.4774221775062103 0.0945054945054945 0.24316471360105885
2 0.47884615384615387 0.3207321887888207 0.0543956043956044 0.18220309096805143
2 0.3315934065934066 0.3090712301846567 0.07692307692307693 0.19513134391946652
2 0.246978021978022 0.2845555522460699 0.07032967032967033 0.22045379122636943
2 0.260989010989011 0.5412466121482385 0.08186813186813187 0.2518231021892894
3 0.17912087912087912 0.23545252683752788 0.0489010989010989 0.16749783872380375