3 0.7822541718156183 0.2863615759901351 0.0518187529656428 0.19807432725614058
3 0.09703207425102553 0.2169486570584304 0.07287487973308081 0.22388164268409144
2 0.05170321681481726 0.585413810957937 0.10340643362963452 0.2782903084830382
2 0.1829165121130894 0.5075521369599979 0.0806302059512521 0.2867245150441239
2 0.5522246158907784 0.45996984371581473 0.05941789583318424 0.2131560055863223
3 0.7055181521922891 0.7900310882506082 0.06018361106207323 0.19078531312881358
0 0.5514637813915967 0.4360718794569056 0.018578394081605658 0.03769551220346248
1 0.6982349350611362 0.1950639291638023 0.04307807868175947 0.09043796824913924
2 0.7122130383694252 0.5386601216450613 0.07887914265665125 0.2643017208546639
2 0.6203460211999042 0.40988405316506227 0.09566254687629126 0.2661416030477709
2 0.5985556242791049 0.5310829794882539 0.07132880708618126 0.26414541565881056
2 0.5762072228095404 0.43807675046785793 0.041741877412268626 0.1948808457014705
2 0.5163728635890993 0.3913126044633212 0.08039593092530747 0.2150827239993478
2 0.49458734739800714 0.51101899347308 0.10991941111302708 0.26494430888206116