3 0.7000543413372088 0.8290141899588133 0.07365294561972908 0.30625138939510316
3 0.7868948932188272 0.26934185148701895 0.06479213457618212 0.22062280747334723
0 0.5576795707355461 0.3250109454236859 0.01613146808556776 0.03478910309033273
3 0.1347611102219586 0.36238132714954996 0.061961677178183606 0.22975815457206952
2 0.1692097714314734 0.6631352406362515 0.08220755509427857 0.29819361693804036
2 0.27508642446859854 0.58938697936327 0.0890226194837726 0.28298976149784827
2 0.3773959786821531 0.5619342212534544 0.06784558659508114 0.2797155662809388
2 0.43552538680724795 0.49431041131528475 0.06781896037169007 0.27156892676973715
2 0.5335206438033191 0.2845380850855391 0.055858482841355514 0.28773779191634596
2 0.5498948854658077 0.3060918612053072 0.04339876362243789 0.15115716622792424
2 0.5218062681278293 0.28848995320048354 0.08750606901961773 0.3440717844210328
2 0.5007263274334993 0.5774675637425184 0.09365585924738035 0.3003487662213593
2 0.633562410299535 0.5258918462588597 0.1456720882018756 0.2876496038107655
2 0.9577180643325492 0.7283404484305731 0.08456387133490142 0.32370518564302864
1 0.7368474791030897 0.18430503764429687 0.042600358343750616 0.08190480591243454