2 0.7221583411993608 0.42094758749800465 0.11116906042046074 0.23036748367075582
2 0.5120675956812327 0.46081486848886943 0.0806028895932166 0.17774652360401222
2 0.4353817691777563 0.4354576174937541 0.06114299506710551 0.23907912347223986
2 0.35747064222100966 0.4654939323906556 0.09051401065732056 0.2409219022623513
0 0.35364934148630134 0.587832951474253 0.027895110008805027 0.04028641623684717
2 0.2410806460358381 0.5697702234593757 0.09123689083990497 0.2193923912312913
3 0.31619631712088037 0.3067017380225584 0.041893512047479264 0.20042067384786913
2 0.4779919271907069 0.5219331690467576 0.06666538299422775 0.1591417770240502
2 0.4773287324334015 0.623471630585219 0.1138200244280725 0.23962510442372953
2 0.3996286219903429 0.6212002531744283 0.12189349731587275 0.28585950514418895
2 0.5880852032246967 0.5884798117916771 0.06035982445203858 0.2513778652725306
1 0.3786789592891075 0.25913422456657564 0.04111978483062313 0.08195913538633057