3 0.812890473772733 0.3646562048726761 0.05043863580161308 0.2097243467559626
3 0.541260413755882 0.7373267096190506 0.05840542765117403 0.15192197071928257
3 0.11600834309554889 0.19516515311025956 0.04961822974140834 0.2082582075480364
0 0.19757413969934812 0.32149765075322045 0.02133530294037177 0.03956889476840032
2 0.31574318539494894 0.23045621557392007 0.043827933569478304 0.18350247946936446
2 0.18817004303311893 0.4531962064225539 0.060459087400908974 0.28094120565687414
2 0.281473029357419 0.4826633486286557 0.07415923092180338 0.23050325335104005
2 0.33895338078559617 0.4910986265555693 0.05231197129945865 0.2836711179254382
2 0.3744633647518343 0.3584904385833529 0.04968466499210435 0.22854806262050006
2 0.5071885503414071 0.30615834972643446 0.06595991569480614 0.21729113663409672
2 0.6382278427475981 0.2704591998449679 0.051823197669337455 0.13439575560659764
2 0.6394439438010578 0.3973045217390812 0.05868540477910747 0.23742921709609432
2 0.7665325140844198 0.571682844011417 0.0757952976671629 0.23198625640457363
2 0.7292417294338056 0.7499094782054623 0.08882688712944384 0.22645897648501628
1 0.6893917051967233 0.21499145106499365 0.0385875570799189 0.07760419494644492