1 0.6912121971004832 0.3145712224813105 0.03645944952709461 0.06492471647345308
3 0.6879976205277434 0.3873528894678533 0.0320907775401937 0.13659834081926495
0 0.7567031193779575 0.45887714997246015 0.015046756947689912 0.026794327433488564
2 0.7674144868096141 0.47925867676395334 0.051921287542999794 0.2187682242348105
2 0.5088874553714078 0.42558265789624733 0.05644394121649632 0.19422574742998222
2 0.40869036858753643 0.40151739394861025 0.048392052741128594 0.1951668851171201
2 0.6536747365238516 0.6249091267818577 0.08942771478923135 0.25194256740869575
2 0.3311251528338076 0.34801585512645195 0.06277305514054682 0.19429131723317947
2 0.10937873219893837 0.368756401634775 0.10256089379134371 0.22134196298825726
2 0.20213502792069948 0.6690351476851363 0.09296029701907187 0.2765684966903205
3 0.37852770955776266 0.8557386855875472 0.0771607523959042 0.19546492967710768