3 0.643956043956044 0.92333984375 0.08901098901098901 0.1533203125
0 0.11538461538461539 0.38427734375 0.025274725274725275 0.0419921875
2 0.06456043956043957 0.5380859375 0.10164835164835165 0.2998046875
3 0.10247252747252747 0.2275390625 0.06153846153846154 0.201171875
2 0.225 0.3173828125 0.09230769230769231 0.2666015625
2 0.29532967032967034 0.380859375 0.09010989010989011 0.24609375
2 0.4703296703296703 0.3115234375 0.1043956043956044 0.212890625
2 0.5629120879120879 0.38671875 0.07582417582417582 0.2431640625
2 0.6516483516483517 0.66357421875 0.10274725274725274 0.3271484375
2 0.6173076923076923 0.58935546875 0.09065934065934066 0.2734375
2 0.4909340659340659 0.580078125 0.08516483516483517 0.29296875
2 0.3282967032967033 0.69970703125 0.1489010989010989 0.3251953125
2 0.7928571428571428 0.740234375 0.07692307692307693 0.279296875
1 0.7403846153846154 0.3623046875 0.0489010989010989 0.08984375
3 0.8068681318681319 0.49267578125 0.07252747252747253 0.2353515625