0 0.5657560342984105 0.1080456783276638 0.024320226939432043 0.038931998415943615
1 0.5740642550939166 0.15666876254970533 0.04543341462018992 0.08356131585875858
2 0.5691642831977194 0.29854841593646786 0.11331194993632057 0.37221873688212437
2 0.56860153625129 0.3472631851555302 0.11253834091105985 0.3822390551775241
3 0.688275417240923 0.2486084017572187 0.0693788353843058 0.25429013686809626
2 0.5186247264007356 0.46382163291108 0.08000346029908696 0.2973784345579852
3 0.5681247810470187 0.7390886610440531 0.06649030072213177 0.11099865622420964
2 0.35223737639803826 0.6675402060144486 0.09131255007267067 0.3032257835799813
2 0.25079130085128915 0.4945258155718782 0.11865214434139136 0.2791538727111741
2 0.38435783939142804 0.33985541167673833 0.10090082526105121 0.27610517320423844
2 0.4441355947248564 0.5548463325423233 0.08326210933834219 0.30744042785203074
2 0.23729771499245533 0.30555993021613564 0.09441167797194822 0.2645771751548292
2 0.06013506484801319 0.8446220763248502 0.09294891228965028 0.31040577736167474