3 0.3517116293746155 0.8114242966092123 0.06788039729641918 0.13132946904636117
3 0.9730678850437199 0.44175805808849394 0.053864229912560284 0.2873545929995677
1 0.6651439337675203 0.09998101922813557 0.0517277148302338 0.09062295438208448
0 0.6812818999694285 0.13618302938790758 0.023751026192679384 0.04378813698904916
2 0.7003344527144731 0.2902791138561373 0.10054876341429632 0.32385360948602515
2 0.6335550414457246 0.3669119705078326 0.07423879373184812 0.2710302570473771
2 0.39847975909199596 0.41627657333477464 0.091072767611388 0.2621959576423007
2 0.551544042609181 0.16862154922141037 0.07918989638290964 0.23804963689552378
2 0.3204374502403016 0.40045352640157145 0.11809346123574527 0.2744875050206048
3 0.25969456813876796 0.2601892999278728 0.06736098479011478 0.23041983266526347
2 0.38299666665042736 0.5805250136254532 0.08532754885417944 0.31018285732897233
2 0.6742479607893105 0.4348988411248384 0.07005237465837916 0.2799955886554029
2 0.5088446018510512 0.5187679048517863 0.10726469344897945 0.3149144843185892
2 0.7718867619994827 0.5132351164148764 0.072567169355316 0.27551729059148833
2 0.8101065827282509 0.5984630478585596 0.13170682189786495 0.3121648102412885