3 0.6005347593582888 0.8735423736903966 0.07058823529411765 0.24122429043255345
2 0.6909090909090909 0.8041666957074579 0.08609625668449197 0.2965177477182165
2 0.0034759358288770055 0.6777207073253125 0.006951871657754011 0.18258139903758797
3 0.008556149732620321 0.3050445957443201 0.013903743315508022 0.20071412887365478
3 0.6483957219251337 0.30508163626826673 0.038502673796791446 0.1857593951961871
1 0.6181818181818182 0.24123059766020497 0.039572192513368985 0.06124574088023833
0 0.5989304812834224 0.2932357705434696 0.019251336898395723 0.03251848086805546
2 0.6122994652406417 0.44091120234454007 0.04438502673796792 0.23715102649649164
2 0.5967914438502674 0.45770656077088767 0.058823529411764705 0.27722429779392116
2 0.5368983957219251 0.6731548468344114 0.08877005347593583 0.29464425831617747
2 0.5219251336898396 0.5012564620765281 0.04331550802139037 0.2532996618010337
2 0.5037433155080214 0.443934985093232 0.07165775401069518 0.2602467577896084
2 0.45294117647058824 0.49531587276627453 0.08663101604278074 0.20241681409636395
2 0.39385026737967915 0.27064179500402225 0.059893048128342244 0.22780570051219293
2 0.3844919786096257 0.5302442779143756 0.0732620320855615 0.25455992650579934