3 0.3125 0.4340637640994688 0.07277777777777777 0.20826297994588447
3 0.9452777777777778 0.4658093255171349 0.07722222222222222 0.2695737928297656
2 0.8180555555555555 0.45362327509548594 0.08944444444444444 0.27365283656083383
0 0.7027777777777777 0.3200193228368167 0.024444444444444446 0.043731209991780706
2 0.7283333333333334 0.3731493822946269 0.09277777777777778 0.2203276458284877
2 0.6580555555555555 0.4361573314338702 0.07944444444444444 0.24094066172229903
2 0.6608333333333334 0.4846050479843196 0.07611111111111112 0.2804318603597835
2 0.59 0.480413572390548 0.08777777777777777 0.24992017501001082
2 0.6077777777777778 0.4850441757047284 0.09833333333333333 0.2786855295222718
2 0.4597222222222222 0.38815637763692246 0.065 0.18446708111450769
2 0.43277777777777776 0.4965732108920298 0.08222222222222222 0.2488745442806536
1 0.6519444444444444 0.2310545684616167 0.04555555555555556 0.08248721545899045