2 0.4200288692020759 0.5791923768732434 0.08768985742964133 0.30264412251026274
0 0.4829272078818609 0.36661358186554643 0.01778700753352246 0.03143180718159233
1 0.3380892547058211 0.3173265596392586 0.042282503507947815 0.08050991705628185
3 0.2575951341554591 0.4021489521169108 0.05633243055098429 0.21248220994247613
3 0.5918839514272894 0.9363263607632046 0.06994683405963605 0.11009086577751992
2 0.5109825003882015 0.6651718368303703 0.07112961971446051 0.2907549282775199
2 0.5403135930078702 0.5291171682370084 0.052895071662896455 0.1909637460959277
2 0.5808099010499244 0.5037943953795762 0.08323632716614517 0.20983091468928938
2 0.5850178614447129 0.68491549102024 0.06081153455836857 0.30920166776344926
2 0.8098790552668118 0.3676276358328136 0.0637821726204985 0.259431069109998
2 0.5341859448800625 0.3904992672440437 0.10206469487482031 0.23248502231973123
2 0.47353220433543936 0.35840938568076736 0.06420976294233706 0.15690336955884754