2 0.3617693522906793 0.3249007197876977 0.1018957345971564 0.2141868692380785
2 0.5367298578199052 0.47177907069135255 0.07424960505529225 0.16445756885687357
2 0.6074249605055292 0.49150017572714344 0.05687203791469194 0.22027780315979495
2 0.669826224328594 0.559504737839584 0.08293838862559241 0.22222160900878343
0 0.6524486571879937 0.6658867698953145 0.026066350710900472 0.038460659781572745
2 0.7527646129541864 0.711501627747244 0.08372827804107424 0.20257503043219516
3 0.7330173775671406 0.4456436202518407 0.038704581358609796 0.1833850654775072
3 0.04186413902053712 0.22066953768800768 0.05845181674565561 0.17958015162459592
2 0.5556872037914692 0.542396016313906 0.060821484992101105 0.14732580915325774
2 0.5387045813586098 0.6298255455981963 0.10426540284360189 0.22125836946336963
2 0.6066350710900474 0.6698546194722711 0.11137440758293839 0.2635402858695801
2 0.4490521327014218 0.5401897421308632 0.05529225908372828 0.23148107267252238
1 0.6872037914691943 0.37166203162655004 0.037914691943127965 0.07662714967207315