0 0.9237015593833159 0.6449822034882372 0.022464313599144085 0.04707423153017021
2 0.9360529188581842 0.6608936936521228 0.07921068380008575 0.25641246709175247
3 0.9461773312436706 0.6080471772942788 0.04995127547899069 0.2306520706351753
2 0.7141862772366121 0.6020806498112418 0.0517973254576106 0.270384711663111
2 0.580473383849155 0.47289984090497633 0.12611478239297935 0.2548616137765776
2 0.5649304488215464 0.355634899469141 0.06247385055541638 0.2114341401421417
2 0.2785349880028253 0.33179393834858795 0.07282125756180323 0.2268157296906114
2 0.276437653040952 0.21517738693368685 0.052775076321141555 0.2194800636586527
2 0.22993461193788683 0.3394369978863362 0.06709710548525237 0.22573815504895192
2 0.44838911037087203 0.579471299559522 0.12049047865414497 0.28433393730192424
2 0.4205049914136897 0.5369232702867814 0.09534548016357737 0.29221990012098525
2 0.44638016548550474 0.5774139040357559 0.08053790384562487 0.3124324626718154
3 0.26263944622680757 0.19415943589961054 0.04348862712638282 0.17865207457822974
3 0.34136829257402146 0.6532077118919516 0.06955184890089755 0.2766783498750658
1 0.6408075331225578 0.20469465535484627 0.04086081325869529 0.0747587229293053