2 0.2042815954647781 0.740866452439535 0.06409598776159832 0.2550662227589763
0 0.7268216064933984 0.6367357454222927 0.01620210469454933 0.027670645446481092
2 0.7604470865233567 0.4376594615754762 0.056900422731057124 0.16855363537417137
3 0.7806676703651565 0.3872758091915807 0.026558683711324412 0.17511554044332414
3 0.41705569914649826 0.8594799998088221 0.05499262964434272 0.21469973427471772
3 0.28442880562404577 0.44059456925510493 0.033657430288618215 0.16241969740554657
2 0.5121338615725015 0.34618506832416446 0.061872798421664855 0.1686050700188655
2 0.49370856753801867 0.45995110903737607 0.04925561872474063 0.18222608172254728
2 0.641967148038881 0.5587407997388029 0.07579424201778329 0.18544735464094195
2 0.730711510464195 0.6333376361970242 0.06440418111418121 0.21774384341694378
2 0.6341154625375176 0.8297977780021422 0.09501592800446745 0.2524393057348247
2 0.5678020157762914 0.6203550627252837 0.06638269054794504 0.1824032454987159
2 0.48944502141369195 0.6892938505412516 0.06392241127338534 0.22854362943874054
2 0.36231913436563934 0.5696014855105677 0.06605521091889427 0.2167786700273889
1 0.3372912693959309 0.34142932850572894 0.03241063814792152 0.05632360916408191