3 0.16831112615489124 0.14644849630413617 0.05953529440159314 0.18907129177826357
2 0.04863364557076425 0.32645381636861925 0.05961705849623355 0.2140712917782635
2 0.4088490625124132 0.39604484968986575 0.07531474758200479 0.22096428895568443
2 0.5623747947241751 0.23610069728229097 0.04808959986411807 0.16010766252246542
2 0.7143067170634213 0.5804499035488838 0.08233548506329032 0.21911393490524456
3 0.5962178379857727 0.7503758519685907 0.057929396644325414 0.19386220188457803
2 0.8639959251390655 0.7348784814602528 0.0845259501812895 0.22779015732759436
0 0.6731213178877521 0.3002254532403105 0.017394785256291644 0.02998670245572168
2 0.6295122491949143 0.4358272290772405 0.08443789654090741 0.20086708040451745
2 0.618522366527086 0.4635971660857745 0.0682122460060787 0.19781464300612453
2 0.621283067331281 0.3987240873011209 0.06718462606380116 0.21414960871802644
2 0.6375305510795878 0.3258177832715384 0.03707123404383556 0.09653424271840866
2 0.661424401913849 0.35971776837892494 0.05743917246971742 0.20924122320206756
3 0.7261949235925902 0.3315429025878814 0.05192684478670541 0.1764929748385007
1 0.6512669830736922 0.22884784440142766 0.03530495287015755 0.052286691286261636