1 0.32668358997991237 0.10517785283934478 0.04401869508526028 0.08608059529106839
3 0.6660032976988167 0.6658975530983494 0.08222356301170088 0.2302028957676464
3 0.8451251928228845 0.10508838546648283 0.055602015148341774 0.21017677093296566
2 0.7157130038555444 0.3924369231918566 0.06867607076760446 0.2835773831117208
2 0.5767465313179237 0.3847037250716345 0.07034643057180814 0.2698337067502866
2 0.5379085607684068 0.3101804870616849 0.07711269235018862 0.2408528850965979
2 0.5661380989054061 0.2877156730192361 0.06682608671537807 0.24227518791352218
2 0.5248073484594203 0.3691868729364094 0.10626722251330106 0.23962628909288608
2 0.43500258792074115 0.3143060827456523 0.09160762965140122 0.21501022929657684
2 0.4268922108708612 0.19435556358402933 0.07883793734128812 0.24392878060060694
2 0.4399718278600168 0.5229772002547428 0.07557206116955704 0.2943519131399895
2 0.20329785638275555 0.6668741879347568 0.06602832853161437 0.2606149160024962